-604346.3177,77
-603898.81941,77
-602917.56873,68
-602534.19399,65
-602380.1943,79
-602050.03469,71
-601697.65991,70
-601507.1597,74
-601223.15984,76
-600727.28518,67
-600519.29067,85
-599721.55405,91
-570905.82204,99
-570303.32401,110
-569988.82459,88
-569696.44996,106
-568322.00257,86
-568066.6278,91
-567949.1279,90
-567590.02364,87
-567148.64829,82
-566943.64829,81
-566738.64921,78
-566467.77161,78
-566161.13444,95
-565645.95814,100
-565611.52101,89
-565417.02122,77
-564771.14422,78
-564467.14407,83
-564313.26907,79
-563816.89368,79
-563740.89368,82
-563365.39418,84
-562905.51851,92
-562317.14517,82
-562115.14546,83
-561856.27128,86
-561417.39674,92
-561237.35985,96
-560829.42314,87
-560688.92304,81
-559694.17306,82
-559336.79917,100
-559033.27454,73
-558763.2747,87
-558492.27529,83
-558112.9015,79
-558050.90136,82
-557304.02642,82
-556909.15643,83
-556821.1518,87
-556749.81903,84
-556745.81903,81
-556743.81903,82
-556735.81903,82
-556733.81903,82
-556724.81906,89
-556718.81903,88
-556713.81903,88
-556710.81903,89
-556559.58482,92
-556556.58482,90
-556549.58482,95
-556544.58482,95
-556539.58482,95
-556538.58482,95
-556533.58482,95
-556528.58485,93
-556521.58482,95
-556518.58485,94
-556426.34318,78
-556188.34285,76
-555722.46821,78
-555600.46856,77
-554842.12072,75
-554753.12104,76
-554194.15965,93
-554141.22252,70
-553781.72238,81
-553507.16362,75
-553092.16491,80
-552443.78975,75
-552338.41472,95
-551855.91529,77
-551554.54014,76
-551284.04041,89
-550981.16572,79
-550620.16567,79
-550511.79067,90
-550142.29055,88
-549857.66582,77
-549483.66628,129
-549345.29112,76
-548397.91673,89
-547222.17626,83
-546488.18113,79
-546197.74363,78
-545953.24359,78
-545703.36885,77
-545501.36918,78
-544777.49433,76
-544451.62678,88
-544298.6192,79
-543723.74481,79
-543550.74496,75
-543398.74451,62
-542864.36991,68
-542750.86991,74
-542374.97135,81
-542109.97136,62
-541698.47151,80
-541536.97371,85
-541090.40941,86
-540909.41191,90
-540474.50805,95
-539920.00743,136
-539717.50748,103
-538876.66074,106
-538601.78467,97
-538128.2848,95
-537412.41025,116
-537263.41052,94
-536780.90274,86
-536126.40269,102
-535818.04348,103
-535535.02758,116
-535059.64083,97
-534566.26579,106
-534110.26593,97
-533823.8909,99
-532654.64073,95
-532488.64946,96
-531739.26638,85
-531497.91048,103
-531257.40708,82
-531056.51731,84
-530766.01731,85
-530265.64204,90
-530037.14167,97
-529786.76688,81
-528952.89531,90
-528466.01777,98
-528274.01775,83
-527848.64293,81
-527682.64358,87
-527383.76841,88
-527141.76826,91
-526783.89418,91
-526445.39379,83
-526154.0195,88
-525893.019,88
-525108.14434,88
-524846.76914,95
-524726.76917,92
-524384.34742,86
-524036.84699,87
-523694.84707,93
-523520.84707,67
-523213.80411,60
-522878.80427,68
-522532.92908,65
-522155.55405,61
-521990.05405,70
-521206.17919,83
-521050.17951,99
-520616.30435,98
-520343.43588,90
-520025.92984,88
-519851.42961,88
-519409.05446,99
-519237.05464,86
-519060.67993,86
-518731.67953,86
-518334.30561,89
-517912.43077,87
-517787.93069,90
-516809.18086,87
-483734.85312,87
-483479.85318,99
-483182.48236,98
-483084.98239,96
-482572.10317,96
-482465.10366,96
-481918.22926,97
-481802.2326,99
-481460.23286,100
-481015.7324,93
-480822.34978,91
-480542.84989,92
-480374.84989,90
-479141.4755,131
-478460.10019,117
-478205.63891,127
-477221.829,114
-476836.95109,97
-475474.18618,80
-475112.81209,80
-474831.31205,81
-474552.43705,82
-474223.93716,80
-473162.68601,80
-472794.81056,85
-472442.32506,81
-472073.71366,86
-471860.27677,89
-471702.69028,118
-471140.4928,108
-470921.05562,93
-470204.03333,80
-469391.15973,87
-468954.74963,96
-468724.81327,83
-468441.81329,84
-468335.31331,90
-467959.93895,104
-467675.06467,94
-466612.00133,103
-466404.05252,105
-466347.11539,78
-466088.11527,93
-465920.61502,83
-465626.24211,95
-465353.74184,107
-464972.72513,107
-463645.35003,101
-463009.97512,101
-462927.26772,88
-462921.26772,88
-462916.26772,87
-462913.26775,87
-462910.26772,87
-462905.26772,89
-462873.68218,88
-462411.68207,84
-462107.81837,84
-461943.3184,71
-461672.43249,80
-461035.03261,74
-460748.94614,84
-460669.00901,80
-460389.50827,82
-460062.63321,77
-459802.6328,79
-459683.13247,81
-459153.25784,80
-458864.88189,80
-458692.79709,84
-458547.36101,76
-458297.86108,78
-458151.86078,67
-457812.98568,79
-457567.98914,97
-456451.23794,78
-456389.23794,90
-455813.27656,95
-455073.88257,108
-454610.06437,95
-453665.68786,73
-452171.43756,83
-451267.69207,68
-451003.69154,70
-450115.94202,72
-449839.44202,89
-449730.44202,99
-449318.06688,74
-448909.69242,75
-448339.31488,90
-448239.31338,90
-447981.32107,110
-447338.94578,95
-446973.33963,95
-446553.3402,97
-446250.46716,92
-445654.09224,82
-445419.59114,85
-445272.59108,89
-444824.21567,84
-444695.21669,83
-444380.34196,83
-443887.96748,82
-443739.96764,73
-443397.09244,84
-442978.60171,88
-442743.71894,84
-442539.2221,79
-442246.21805,71
-441882.84413,81
-441621.3425,89
-441051.96758,80
-440754.09499,80
-438804.46848,75
-438601.59337,89
-438158.09399,86
-437888.21887,84
-437707.21879,78
-437496.71893,77
-436929.71464,78
-436740.3396,86
-436295.34192,95
-435963.4649,76
-435525.46509,84
-434631.59011,84
-434336.21518,89
-433625.35191,86
-433315.96556,86
-433168.46529,89
-432734.59062,86
-432662.09062,87
-432152.71553,82
-431851.21548,84
-431705.71551,83
-431428.34107,82
-430505.96701,80
-430047.09158,79
-429933.59169,91
-429519.21896,80
-429200.2203,82
-428959.34541,85
-428716.84095,89
-428226.4658,83
-427990.46532,86
-427892.59032,90
-427485.59011,97
-427167.71557,87
-426711.84144,90
-426411.34126,90
-392618.44308,67
-388176.99081,80
-387929.49089,93
-386388.57693,86
-386323.07663,86
-384752.95325,82
-384449.95352,85
-383821.67227,71
-383503.17224,92
-383165.54702,81
-382800.04713,76
-382568.92268,83
-382436.92233,78
-382050.42204,83
-381778.92337,74
-381483.92234,78
-381206.59066,82
-380887.09007,78
-380633.08971,81
-380265.58988,75
-379809.08975,73
-379524.0899,78
-379432.0899,85
-378870.87634,107
-378844.31421,83
-378563.31421,73
-377637.31659,72
-376168.99485,90
-376099.49485,93
-375714.99447,96
-375090.44778,84
-374859.94767,84
-374244.69754,95
-373241.06091,118
-373184.49878,83
-372899.49878,78
-372737.49878,86
-372360.49888,82
-371416.71459,98
-371205.71442,79
-370384.04056,110
-370124.03944,85
-369662.91413,99
-369495.91421,99
-369210.91385,87
-368715.91399,97
-368469.91402,92
-366294.78936,94
-366119.66467,87
-365808.16485,67
-365609.66486,79
-365204.66469,101
-364959.20366,71
-364513.07877,76
-364240.07896,82
-363829.0792,73
-362981.0793,84
-362642.57918,79
-362353.07925,78
-362152.07921,77
-361770.08523,79
-361552.07975,70
-360246.07986,85
-359522.08056,77
-359132.0803,84
-358742.08028,79
-358536.08015,79
-357876.08004,82
-357683.08046,83
-357373.57967,86
-357028.07985,76
-356670.26598,71
-356591.76598,86
-356079.63968,83
-355914.63909,81
-355471.64296,89
-355385.63752,65
-354889.13558,73
-354750.13573,88
-354460.13356,91
-354067.13705,92
-353684.64285,98
-346876.14527,96
-346463.52586,92
-346390.52469,90.8875732422
-346390.52469,92
-345987.21573,92
-345546.96607,88
-345085.71595,84
-344871.71655,88
-344601.21592,87
-344271.09148,92
-343937.09353,92
-343741.0919,94
-343184.59109,94
-342856.5916,95
-342766.59239,98
-342311.09194,97
-342231.09214,100
-341891.09213,100
-341636.09246,99
-341181.59199,93
-340966.09195,90
-340728.59225,86
-340411.09225,87
-340066.10325,89
-339831.10325,90
-339541.09111,90
-339241.09115,90
-338896.09115,91
-338661.09101,91.4285736084
-338594.31028,93
-338324.31146,94
-338019.31146,94
-337709.31146,96
-337259.31203,91
-337024.31191,92
-336819.31158,95
-336529.31185,96
-336195.31171,95
-335884.31076,92
-335569.31076,92
-335279.31076,94
-335034.31095,95
-334722.31096,93
-334309.18598,94
-334134.1855,92
-333708.93631,91
-333538.43631,91
-333088.68646,90
-332928.68691,83
-332568.56196,85
-332208.56339,84
-331803.56339,87
-331608.56339,87
-331418.56341,88
-331113.56341,89
-330733.56341,92
-330491.56316,92
-330238.56333,89
-329908.56365,88
-329568.5624,91
-329338.5624,91
-329033.5625,91
-328678.56236,92
-328408.56239,92
-328128.56261,92
-327838.56341,92
-327538.56341,92
-327238.56341,92
-326933.56377,92
-326568.5641,90
-326328.56397,92
-326033.56435,90
-325678.56434,84
-325428.56434,85
-324948.57723,85
-324623.56399,94
-324281.5646,89
-324244.0646,89.8245620728
-324141.81457,90
-323916.8144,91
-323636.8144,92
-323336.81446,92
-322951.81494,88
-322731.81463,89
-322421.81481,89
-322136.8143,89
-321836.8145,89
-321511.8145,89
-321221.81466,88
-320884.31438,81
-320551.81464,83
-320321.81461,82
-320011.81474,83
-319701.81502,84
-319438.31494,85
-318916.81541,81
-318751.81516,81
-318426.81516,81
-318201.81553,83
-317916.81553,83
-317601.81553,82
-317331.81556,82
-317006.3155,80
-316652.69073,82
-316362.56576,82
-316116.56576,80
-315836.56623,81
-315531.56588,80
-315206.56741,80
-314766.44128,80
-314596.44121,81
-314336.31621,81
-314036.31643,82
-313586.31627,81
-313431.31627,82
-313086.31658,82
-312831.31658,83
-312536.31648,83
-312221.31675,83
-311936.317,81
-311412.81694,83
-311316.31691,82
-311014.31755,81
-310634.31733,83
-310416.31767,83
-309720.31753,84
-308555.82041,72
-307867.31809,85
-307176.81967,77
-306782.81815,75
-306476.81803,88
-305648.81983,91
-302275.16433,78
-301920.66451,74
-301617.16453,79
-301291.43401,79
-301051.43675,82
-299648.0087,94
-299142.73137,89
-298801.23137,86
-298476.73165,80
-298404.23149,81
-297426.23155,83
-297116.23165,75
-296729.93469,85
-296120.30946,79
-295874.30981,81
-294984.92126,74
-292743.97247,67
-292657.97622,91
-292268.367,94
-291878.36712,88
-291760.36724,81
-291301.18381,81
-291140.68523,83
-290848.68505,84
-290430.68488,85
-290117.5593,83
-289974.5594,82
-289262.43433,77
-289135.93433,86
-286655.58677,95
-286256.46177,93
-285272.96157,94
-285115.96214,90
-284910.46255,101
-284494.96285,60
-284044.12612,95
-283455.62578,89
-283329.12578,89
-282863.62578,85
-282724.62607,80
-282308.12622,82
-282097.12615,82
-281754.1263,83
-281356.62656,86
-281158.12632,87
-281051.62632,90.3529434204
-280839.94322,87
-280694.44322,89
-280299.94273,92
-279901.4417,88
-279768.44168,89
-279291.94193,97
-279213.44195,92
-278929.94105,94
-278383.44105,90
-278072.43944,90
-278009.93944,90
-277554.93944,92
-277312.4373,89
-277062.9373,91
-276659.9373,89
-275691.4312,88
-275422.93108,66
-274746.42961,79
-273294.94203,79
-273193.94203,93
-272755.44285,69
-272588.44278,76
-272252.95752,91
-271998.94458,90
-271548.94431,89
-269977.68639,76
-269973.68639,88
-269968.68639,88
-269964.68639,89
-269959.68639,91
-269947.11604,81
-224949.44429,82
-224370.57348,85
-224207.07357,77
-223756.08583,81
-223259.36242,87
-222847.36258,92
-222695.36284,83
-222467.36353,96
-222166.36373,83
-221899.04008,77
-221615.03969,78
-221291.79014,79
-220582.52188,85
-220178.52213,80
-219985.52279,82
-219639.02258,84
-219242.23016,85
-219110.72667,90
-218661.22654,87
-218386.22667,81
-218199.60126,79
-217844.59976,88
-217721.47498,86
-217357.97512,73
-216751.85076,66
-216141.22641,82
-215418.45165,64
-215339.95165,83
-215031.2746,75
-214374.00038,80
-213981.99757,73
-213763.99669,86
-213536.49632,59
-213026.0005,92
-212884.00177,80
-212501.00283,78
-212195.00253,82
-211798.00436,78
-211678.5045,79
-211350.00569,77
-211113.00586,74
-209549.08634,77
-209081.46134,90
-208581.33585,74
-208424.83603,75
-208031.21166,71
-207689.21279,91
-207420.21311,98
-205580.18342,78
-205339.43303,82
-205064.9333,76
-204044.67699,79
-203937.77841,79
-203370.7817,77
-203087.77778,79
-202781.77839,80
-202508.77724,81
-202216.27766,77
-201541.65262,70
-201274.65213,76
-201022.6527,72
-200916.9027,75
-200536.40268,85
-200154.77856,75
-199829.27789,82
-199596.15274,92
-198868.02785,92
-198730.52798,89
-198437.02819,93
-197404.52874,94
-197128.52883,85
-196927.52859,76
-196527.03028,101
-196022.4044,106
-195416.77883,88
-195124.77867,100
-194441.6541,78
-193945.029,77
-193739.52945,78
-193204.02892,80
-193100.52979,83
-192683.62379,70
-192524.62379,75
-192017.62428,84
-191785.62414,84
-191592.50007,84
-191251.49945,86
-191018.37448,86
-190510.37433,89
-190243.87702,82
-189922.1481,86
-189686.14397,91
-188843.1439,72
-188590.64526,78
-188099.01957,72
-187589.01957,80
-187163.76902,82
-187031.27259,76
-186663.14381,77
-186429.14494,80
-185979.14422,72
-185861.64433,71
-185198.1447,83
-185015.51978,77
-183896.64504,79
-183022.1451,79
-182941.1451,83
-182162.52046,79
-181901.89554,78
-181511.3958,75
-181156.89565,73
-181087.89565,78
-180576.39564,71
-180241.39613,72
-180106.89614,87
-179472.39621,83
-179041.27137,82
-178881.77146,77
-178703.77146,79
-178312.64677,80
-178024.14633,79
-177567.02338,72
-176970.2721,72
-176818.77211,72
-176616.96399,56
-175886.83988,66
-175470.21489,101
-174269.09156,83
-173973.59163,81
-173371.90889,83
-172874.40841,88
-172455.40817,77
-172224.40817,76
-172132.40817,77
-171584.90773,81
-171421.90773,80
-171054.90861,80
-170388.4092,77
-170115.78336,82
-169742.28445,78
-169511.65948,84
-169289.15942,81
-168921.1594,78
-168785.65937,77
-168448.15948,69
-168040.6597,86
-167836.66116,88
-166979.66012,85
-166709.16104,82
-166430.66034,79
-166061.66046,80
-165777.98068,78
-165458.98071,79
-165163.98071,85
-164663.23175,89
-164450.73172,86
-164305.73175,85
-164008.10323,82
-138119.15543,74
-137857.45594,82
-137368.9561,95
-137182.45601,90
-137158.95601,86.5359039307
-137029.67628,112
-136695.17589,112
-136345.17715,91
-135948.17621,92
-135306.17618,94
-135282.17618,90.8875732422
-135184.92607,92
-134904.92586,93
-134242.42581,93
-133720.42896,103
-133307.00713,91
-132611.37289,111
-132272.65759,97
-132246.59535,94
-132033.09556,109
-131917.59602,100
-131132.59697,85
-130844.97234,88
-130736.47249,92
-130294.84814,91
-129891.85147,84
-129387.84842,90
-128944.84871,86
-128821.84879,84
-128553.84854,82
-128121.84852,85
-127913.84851,92
-127708.85679,93
-126980.8488,87
-126702.34808,87
-126392.84782,78
-126141.34749,79
-125367.34801,77
-125303.84801,83
-124206.12135,82
-123963.01534,102
-123914.95321,95
-123337.78156,105
-123012.28182,107
-122701.28214,82
-122364.78207,93
-121860.62505,113
-121634.06322,85
-121375.06289,96
-121102.56305,109
-120600.79591,91
-120508.29533,93
-119943.45415,86
-119774.45408,88
-119513.95443,95
-119133.45437,96
-118969.95437,86
-118951.95437,86.292137146
-118444.0561,86
-118273.55605,81
-117843.55633,83
-117623.05625,91
-117538.05625,88
-116971.55763,90
-116862.05697,78
-116525.05657,85
-116066.05648,87
-115853.05617,75
-115246.55679,86
-114977.05674,84
-114611.55674,84
-114518.05641,84
-114223.55655,83
-113499.895,95
-113293.83254,77
-112902.83308,77
-112464.33296,85
-112311.83324,89
-112120.83296,84
-111698.33305,95
-111513.33331,93
-111025.33362,105
-110793.33399,97
-110501.33407,88
-110206.83432,87
-109943.83427,78
-109505.33525,105
-108957.65708,124
-108697.65681,115
-108537.15678,85
-108204.1575,102
-107561.15689,90
-107064.15787,95
-106977.65831,94
-106507.65831,94
-105855.15829,92
-105543.6585,98
-105154.65857,96
-104932.6585,96
-104374.15898,98
-104034.65931,105
-103204.15961,107
-103127.15942,102
-102826.15945,103
-102335.65919,90
-102083.65908,91
-101871.15922,91
-101475.82001,91
-101277.3197,88
-100980.81886,88
-100669.81854,89
-100287.51253,73
-100029.01238,88
-99713.51211,95
-99511.5122199,79
-99051.01162,77
-98685.0115199,93
-98496.5115499,88
-98311.0111401,91
-97760.51004,82
-97537.5132201,79
-96850.00899,82
-96548.50968,87
-96472.00968,85
-96148.50863,82
-95814.50863,79
-95428.5081699,86
-95108.5153501,85
-94889.50755,85
-94460.50758,86
-94187.5069399,88
-94025.0069399,85
-93702.5044799,94
-93340.50419,85
-93106.5035501,84
-92673.0046899,88
-92609.50475,85
-92186.5048299,78
-91268.3800499,88
-90933.13376,83
-89878.14538,82
-88813.64691,100
-87587.1466801,97
-87426.64709,96
-87197.3185301,95
-86584.19415,110
-85835.69754,92
-85545.1956699,89
-85393.69526,90
-85015.6951699,89
-84596.69503,87
-84337.6950901,87
-84230.1949501,86
-83347.69578,88
-45305.3810501,68
-44960.2560501,88
-44375.2565899,93
-44249.2563901,85
-43854.25669,95
-43612.69771,112
-43550.1355801,94
-43184.13643,87
-42785.6355,91
-41090.4482701,86
-40572.9481499,87
-40197.9482999,86
-39905.9484701,92
-39545.9482999,92
-39358.94823,96
-39021.9482601,101
-38846.94838,98
-38256.62046,91
-37790.12532,82
-37540.12116,80
-37421.62116,84
-36886.12058,77
-36818.62058,80
-36519.12117,87
-35688.1215701,85
-35352.6217999,89
-35264.12183,104
-34447.73861,97
-33318.8919599,99
-32756.39221,82
-32466.3922901,91
-32055.89218,81
-31914.39218,78
-31595.3922801,77
-31209.3919799,72
-30981.3917899,86
-30810.8940201,82
-30273.8919699,81
-29937.8924799,83
-29636.0847099,96
-29470.5210199,91
-29305.1536801,91
-29053.09132,89
-28822.0915699,93
-28412.5914299,84
-28019.0913799,88
-27678.4821999,95
-27458.4203,82
-27172.9198999,78
-26487.4203701,80
-25297.7058101,131
-25216.1436999,84
-25071.6432099,90
-24579.14288,103
-24408.6419001,91
-24217.7292099,107
-24213.7292099,103
-24208.7291801,100
-24206.7291801,102
-24198.7291801,106
-24196.7292099,103
-24187.7291801,94
-24186.7291801,95
-24179.7292099,102
-24173.7291801,98
-24167.73311,102
-24162.73311,101
-24159.73311,102
-24153.73311,104
-24150.7330799,105
-24146.73311,106
-24141.73311,102
-3715.59053993,75
-3372.84055996,79
-3091.58657002,79
-2685.58807993,72
-2522.58633995,73
-2177.75047994,80
-2027.25036001,77
-1676.01553988,92
-1671.01556993,97
-1662.01556993,72
-1659.01556993,74
-1656.01556993,76
-1651.01556993,77
-1642.01556993,85
-1641.01553988,85
-1636.01556993,80
-1627.01556993,72
-1622.02729011,72
-1621.02729011,73
-1613.02729011,75
-1611.02729011,76
-1605.02729011,79
-1597.02729011,78
-1595.02729011,80
-1591.02729011,81
-1582.02729011,82
-1577.02729011,84
-1576.02729011,83
-1571.02729011,91
-1558.02726007,94
-1556.02726007,94
-1550.02729011,91
-1543.02726007,94
-1537.02729011,96
-1536.02729011,96
-1527.02729011,100
-1522.02729011,104
-1521.02729011,106
-1516.02729011,105
-1502.02726007,101
-1499.02729011,99
-1496.02729011,98
-1491.02726007,102
-1473.02729011,103
-1471.02729011,103
-1466.02729011,100
-1458.02729011,101
-1456.02726007,102
-1417.02729011,93
-1414.02729011,93
-1411.02729011,94
-1402.02729011,96
-1399.02726007,96
-1396.02729011,96
-1391.02726007,97
-1382.02726007,95
-1381.02729011,96
-1372.02729011,96
-1367.02729011,95
-1362.02729011,94
-1361.02729011,94
-1353.02729011,87
-1351.02726007,90
-1346.02729011,90
-1337.02726007,90
-1332.02726007,85
-1330.02726007,84
-1326.02729011,85
-1317.02729011,95
-1312.02729011,98
-1309.02726007,95
-1306.02729011,93
-1298.02726007,91
-1294.02726007,92
-1291.02726007,92
-1286.02726007,94
-1272.02729011,97
-1263.02726007,96
-1254.02729011,98
-1249.02729011,108
-1242.02726007,102
-1240.02726007,101
-1233.02729011,97
-1231.02726007,97
-1222.02726007,96
-1221.02729011,96
-1215.02729011,96
-1208.02729011,100
-1197.02726007,100
-1193.02726007,99
-1190.02726007,99
-1183.02726007,97
-1179.02729011,98
-1172.02729011,92
-1170.02729011,92
-1166.02729011,92
-1161.02726007,97
-1142.02726007,93
-1139.02729011,91
-1132.02729011,92
-1127.02729011,91
-1122.02729011,93
-1121.02726007,92
-1116.02729011,89
-1107.02726007,83
-1102.02726007,81
-1097.02729011,80
-1094.02729011,80
-1091.02729011,81
-1082.02729011,81
-1081.02729011,81
-1076.02729011,80
-1067.02729011,81
-1063.02729011,79
-1058.02729011,79
-1053.02729011,78
-1047.02729011,77
-1045.02729011,76
-1037.02729011,78
-1034.02729011,79
-1027.02729011,80
-1025.02729011,80
-1021.02726007,80
-1012.02726007,82
-1007.02729011,82
-1005.02726007,82
-998.027290106,85
-992.027260065,82
-987.027260065,81
-984.027290106,81
-979.027290106,81
-976.027290106,81
-967.027290106,81
-962.027290106,81
-960.027290106,81
-956.027260065,80
-951.027290106,81
-944.027290106,80
-937.027260065,82
-935.027260065,82
-931.027290106,83
-924.027290106,87
-921.027290106,88
-912.027290106,90
-907.027290106,92
-903.027260065,94
-901.027290106,96
-895.027290106,101
-890.027290106,98
-882.027290106,88
-878.027290106,86
-872.027260065,82
-867.027290106,81
-866.027290106,80
-858.027260065,80
-856.027290106,79
-847.027290106,74
-845.027290106,74
-839.027290106,73
-832.027290106,75
-830.027260065,75
-823.027260065,76
-817.027260065,77
-816.027290106,76
-808.027290106,78
-804.027260065,79
-798.027260065,81
-795.027290106,80
-791.027290106,79
-782.027290106,79
-780.027290106,79
-776.027290106,79
-770.027290106,78
-762.027260065,80
-757.027290106,80
-754.027290106,80
-750.027290106,80
-743.027290106,79
-740.027290106,79
-734.027290106,80
-730.027290106,79
-723.027290106,78
-718.027290106,78
-713.027290106,76
-707.027290106,76
-704.027290106,76
-701.027290106,77
-696.027290106,80
-687.027290106,81
-684.027290106,81
-680.027260065,80
-672.027290106,78
-671.027290106,78
-663.027260065,77
-657.027290106,81
-652.027290106,82
-649.027260065,83
-645.027260065,82
-641.027290106,80
-636.027290106,77
-627.027260065,74
-625.027290106,75
-621.027290106,77
-612.027260065,78
-608.027290106,77
-602.027260065,75
-597.027290106,75
-592.027290106,75
-591.027290106,75
-585.027290106,74
-580.027290106,76
-576.027260065,76
-567.027260065,82
-566.027260065,82
-558.027290106,86
-552.027290106,82
-551.027290106,83
-546.027290106,85
-539.027290106,82
-536.027290106,82
-531.027260065,84
-522.027290106,82
-517.027290106,81
-515.027260065,82
-511.027260065,82
-502.027290106,76
-497.027260065,73
-495.027260065,74
-488.027290106,76
-482.027290106,76
-480.027290106,76
-476.027290106,77
-468.027290106,79
-462.027260065,78
-461.027260065,79
-453.027260065,79
-448.027260065,79
-442.027290106,77
-438.027290106,76
-436.027290106,76
-428.027290106,76
-423.027290106,77
-417.027260065,79
-415.027260065,79
-411.027260065,78
-403.027290106,75
-401.027290106,76
-396.027290106,77
-387.027290106,82
-383.027260065,82
-381.027290106,81
-372.027290106,75
-368.027260065,74
-365.027260065,74
-359.027290106,74
-353.027290106,73
-349.027260065,73
-346.027290106,74
-338.027290106,75
-336.027290106,75
-327.027260065,76
-322.027290106,76
-321.027290106,76
-314.027260065,80
-307.027290106,76
-303.027290106,77
-301.027290106,77
-295.027290106,73
-290.027290106,72
-284.027260065,73
-277.027290106,80
-273.027290106,81
-270.027260065,79
-265.027290106,79
-257.027290106,77
-252.027260065,79
-251.027290106,79
-246.027290106,77
-237.027260065,72
-236.027290106,73
-227.027260065,73
-223.027290106,73
-219.027260065,75
-212.027260065,72
-209.027290106,72
-205.027290106,74
-200.027290106,74
-192.027290106,75
-189.027290106,75
-182.027290106,75
-178.027290106,75
-173.027290106,74
-171.027290106,74
-165.027290106,74
-158.027260065,73
-156.027260065,74
-150.027290106,78
-146.027260065,81
-137.027290106,85
-135.027260065,84
-127.027290106,86
-123.027290106,86
-119.027290106,84
-112.027290106,82
-108.027260065,82
-106.027290106,82
-98.0272901058,81
-94.0272901058,79
-90.0272600651,80
-85.0272901058,78
-77.0272600651,79
-72.0272600651,80
-67.0272600651,80
-66.0272901058,80
-58.0272901058,82
-53.0272600651,81
-48.0272901058,82
-45.0272901058,82
-40.0272901058,82
-36.0272901058,80
-29.0272600651,78
-24.0272901058,77
-20.0272901058,77
-16.0272901058,80
-11.0272901058,84
-2.02729010582,88
2.97270989418,82
6.97270989418,84
11.9727399349,86
13.9727399349,86
18.9727399349,86
23.9727098942,83
28.9727399349,76
37.9727399349,80
42.9727098942,79
47.9727098942,80
52.9727098942,78
53.9727098942,79
61.9727399349,82
67.9727098942,84
68.9727098942,83
76.9727098942,77
82.9727399349,73
86.9727399349,73
91.9727399349,72
95.9727098942,72
99.9727098942,73
107.972739935,74
108.972709894,75
117.972709894,83
122.972739935,80
127.972739935,79
128.972739935,79
137.972709894,76
138.972709894,75
147.972709894,75
148.972709894,75
153.972709894,76
162.972709894,75
165.972709894,75
172.972739935,75
177.972709894,76
178.972709894,76
187.972709894,76
188.972739935,76
195.972709894,76
202.972709894,76
203.972739935,76
210.972709894,76
216.972709894,77
221.972709894,78
223.972709894,78
231.972709894,78
237.972739935,78
238.972709894,77
247.972709894,78
252.972739935,79
255.972739935,79
259.972709894,80
266.972739935,82
268.972709894,80
275.972709894,78
278.972739935,77
287.972709894,75
288.972709894,75
297.972709894,77
302.972739935,79
306.972709894,79
310.972709894,79
313.972709894,78
322.972709894,74
326.972739935,75
332.972739935,80
336.972739935,82
339.972709894,80
343.972739935,79
348.972709894,81
353.972709894,81
360.972709894,84
367.972739935,80
369.972709894,80
373.972709894,77
382.972739935,71
385.972739935,72
392.972709894,75
397.972739935,78
400.972739935,77
407.972739935,73
408.972739935,73
417.972709894,80
422.972709894,78
423.972709894,77
432.972709894,74
437.972709894,74
442.972709894,74
443.972739935,74
448.972739935,76
457.972739935,79
460.972739935,80
467.972709894,82
469.972709894,82
474.972709894,82
479.972739935,84
485.972739935,86
492.972709894,80
497.972709894,78
500.972709894,78
507.972739935,80
508.972709894,80
517.972739935,76
518.972709894,76
525.972709894,73
530.972709894,72
537.972709894,73
538.972739935,73
545.972739935,75
552.972709894,75
557.972709894,76
561.972709894,76
567.972709894,76
568.972709894,76
577.972739935,76
580.972709894,76
583.972709894,76
590.972739935,76
596.972709894,78
598.972709894,78
607.972739935,74
608.972709894,75
616.972709894,78
620.972739935,78
627.972709894,78
628.972709894,78
634.972709894,77
642.972739935,78
647.972709894,79
649.972709894,79
653.972709894,78
662.972709894,77
666.972739935,77
671.972709894,77
675.972739935,77
680.972709894,78
687.972739935,81
689.972709894,80
695.972709894,79
698.972739935,78
705.972739935,77
708.972709894,77
716.972739935,77
720.972739935,78
723.972709894,76
732.972709894,79
734.972709894,80
742.972709894,75
747.972709894,75
748.972709894,74
756.972739935,75
758.972709894,75
765.972739935,75
772.972709894,74
774.972709894,74
782.972739935,76
783.972709894,75
789.972709894,74
795.972709894,74
802.972739935,73
806.972709894,73
810.972709894,73
813.972739935,74
820.972709894,77
827.972739935,74
830.972709894,74
837.972709894,75
840.972709894,76
843.972739935,76
852.972709894,89
857.972739935,93
862.972709894,96
864.972709894,97
868.972709894,95
877.972739935,84
881.972709894,82
885.972709894,80
891.972739935,78
897.972709894,77
901.972709894,75
907.972739935,75
912.972709894,75
913.972709894,75
922.972739935,75
925.972709894,76
932.972709894,74
936.972709894,75
939.972739935,76
945.972709894,75
948.972709894,74
955.972739935,74
962.972709894,76
966.972709894,76
968.972739935,75
973.972739935,74
978.972709894,74
987.972709894,75
992.972709894,75
997.972709894,75
1002.97270989,75
1006.97270989,74
1009.97270989,74
1013.97270989,74
1018.97273993,74
1025.97270989,73
1031.97270989,74
1037.97270989,76
1039.97270989,76
1043.97270989,75
1048.97273993,75
1057.97270989,76
1060.97270989,76
1063.97273993,76
1068.97270989,81
1077.97273993,93
1079.97270989,94
1087.97270989,82
1092.97270989,77
1097.97273993,77
1101.97270989,77
1107.97270989,77
1109.97273993,76
1113.97270989,76
1122.97270989,73
1124.97270989,73
1132.97270989,74
1133.97270989,74
1138.97270989,77
1147.97270989,94
1151.97270989,93
1153.97273993,92
1162.97273993,82
1167.97270989,80
1172.97270989,80
1174.97270989,80
1178.97270989,79
1184.97270989,79
1189.97270989,79
1193.97273993,78
1202.97270989,77
1206.97273993,77
1209.97273993,77
1214.97270989,77
1219.97270989,76
1224.97273993,78
1228.97270989,77
1235.97270989,75
1241.97270989,76
1245.97270989,76
1252.97273993,77
1253.97273993,76
1259.97273993,76
1263.97270989,76
1272.97270989,78
1277.97270989,79
1278.97270989,79
1284.97270989,78
1292.97270989,76
1294.97270989,76
1298.97273993,76
1307.97270989,77
1312.97273993,77
1314.97273993,77
1320.97273993,77
1324.97270989,78
1332.97270989,79
1336.97270989,80
1342.97273993,80
1344.97273993,80
1348.97273993,79
1357.97270989,79
1362.97273993,79
1367.97270989,80
1368.97270989,80
1373.97270989,80
1379.97270989,80
1383.97270989,80
1388.97273993,79
1397.97270989,79
1402.97270989,79
1403.97270989,78
1408.97270989,78
1417.97270989,79
1419.97270989,79
1423.97270989,79
1432.97270989,75
1434.97270989,75
1440.97270989,76
1447.97270989,78
1452.97270989,79
1455.97270989,79
1462.97270989,79
1465.97270989,79
1472.97273993,79
1473.97273993,79
1480.97270989,80
1484.97270989,79
1490.97270989,80
1495.97270989,80
1498.97273993,80
1506.97273993,80
1511.97270989,80
1515.97270989,80
1521.97270989,80
1526.97270989,80
1528.97270989,80
1537.97270989,79
1539.97270989,79
1543.97270989,80
1548.97270989,79
1555.97270989,79
1559.97270989,79
1567.97270989,79
1572.97270989,79
1577.97270989,79
1579.97270989,79
1585.97273993,80
1588.97273993,80
1597.97270989,82
1598.97270989,82
1603.97273993,80
1608.97270989,77
1616.97270989,74
1620.97270989,75
1623.97270989,76
1632.97270989,80
1637.97270989,80
1641.97273993,80
1644.97273993,80
1649.97270989,80
1653.97270989,79
1661.97270989,77
1667.97273993,78
1668.97270989,78
1677.97270989,79
1679.97270989,79
1683.97273993,78
1689.97273993,78
1697.97270989,79
1701.97270989,78
1704.97270989,78
1710.97273993,79
1713.97273993,79
1719.97270989,80
1723.97270989,79
1732.97273993,76
1737.97270989,78
1742.97270989,79
1747.97273993,79
1748.97270989,79
1754.97273993,79
1762.97270989,80
1763.97273993,80
1770.97273993,81
1777.97270989,81
1778.97273993,81
1783.97270989,80
1788.97270989,80
1793.97270989,80
1802.97270989,80
1803.97273993,80
1812.97273993,81
1817.97270989,81
1818.97270989,81
1827.97273993,77
1832.97270989,78
1837.97273993,80
1841.97273993,79
1843.97273993,79
1849.97270989,79
1853.97270989,81
1862.97270989,77
1867.97270989,79
1870.97270989,79
1876.97204995,80
1878.97201991,80
1884.97201991,80
1890.97201991,81
1897.97201991,81
1900.97204995,81
1903.97201991,81
1908.97201991,82
1917.97204995,80
1920.97201991,80
1923.97201991,80
1930.97201991,80
1933.97201991,80
1942.97201991,82
1947.97201991,82
1952.97201991,82
1953.97201991,82
1958.97201991,82
1963.97204995,83
1970.97201991,83
1977.97201991,82
1981.97204995,81
1984.97201991,81
1988.97201991,81
1994.97204995,83
1999.97204995,83
2005.97201991,82
2011.97201991,82
2017.97201991,82
2018.97204995,82
2025.97201991,83
2028.97201991,83
2037.97201991,81
2038.97201991,81
2046.97204995,82
2048.97204995,82
2056.97204995,83
2060.97201991,83
2064.97201991,82
2068.97201991,83
2075.97201991,83
2082.97204995,85
2084.97204995,85
2092.97201991,82
2095.97201991,82
2098.97201991,83
2107.97204995,83
2111.97201991,84
2114.97204995,84
2118.97204995,84
2127.97201991,84
2129.97201991,84
2137.97201991,85
2139.97201991,85
2145.97204995,84
2149.97201991,83
2156.97201991,84
2162.97204995,83
2165.97201991,84
2168.97204995,84
2177.97204995,84
2181.97201991,85
2183.97204995,85
2189.97201991,85
2197.97201991,84
2200.97201991,84
2203.97201991,84
2212.97204995,84
2217.97201991,85
2221.97201991,85
2223.97204995,85
2232.97201991,85
2234.97201991,85
2238.97204995,85
2244.97201991,85
2252.97201991,84
2255.97201991,84
2259.97201991,85
2263.97201991,85
2272.97204995,85
2275.97201991,85
2278.97201991,85
2283.97204995,85
2290.97204995,84
2295.97201991,85
2301.97204995,85
2303.97201991,85
2309.97204995,83
2316.97204995,84
2321.97201991,84
2325.97201991,85
2332.97201991,85
2333.97204995,85
2338.97201991,85
2347.97204995,85
2348.97201991,85
2353.97201991,86
2360.97201991,88
2363.97201991,86
2371.97201991,83
2376.97201991,83
2378.97201991,83
2387.97204995,83
2391.97204995,83
2396.97201991,83
2401.97201991,83
2407.97204995,85
2412.97201991,85
2416.97201991,84
2422.97201991,85
2426.97201991,85
2432.97201991,84
2433.97201991,84
2439.97204995,85
2446.97201991,86
2450.97201991,86
2457.97201991,85
2460.97201991,85
2466.97201991,85
2471.97201991,86
2474.97201991,86
2481.97201991,86
2484.97204995,86
2489.97201991,87
2496.97201991,86
2502.97201991,86
2504.97201991,85
2512.97204995,85
2513.97201991,85
2518.97201991,85
2526.97204995,85
2528.97201991,85
2536.97204995,86
2538.97201991,86
2547.97201991,87
2550.97201991,87
2555.97204995,87
2562.97201991,87
2565.97201991,87
2572.97204995,86
2573.97204995,86
2581.97201991,86
2584.97201991,87
2590.97201991,87
2595.97201991,87
2602.97204995,87
2603.97204995,87
2608.97201991,86
2613.97201991,87
2621.97201991,88
2625.97201991,87
2632.97201991,87
2635.97201991,88
2641.97201991,87
2646.97201991,88
2650.97201991,87
2655.97201991,88
2660.97201991,87
2667.97201991,86
2671.97201991,87
2674.97201991,87
2681.97201991,86
2686.97201991,87
2689.97201991,87
2695.97201991,87
2702.97201991,88
2707.97201991,89
2711.97201991,88
2716.97201991,87
2718.97201991,87
2724.97204995,87
2732.97201991,88
2733.97201991,88
2739.97204995,88
2743.97201991,87
2752.97204995,87
2755.97201991,87
2760.97201991,88
2764.97204995,88
2772.97204995,87
2776.97201991,88
2778.97201991,88
2787.97204995,88
2788.97201991,88
2797.97204995,88
2802.97201991,88
2806.97201991,88
2811.97204995,88
2814.97204995,87
2822.97201991,88
2824.97204995,88
2832.97204995,88
2833.97201991,88
2840.97201991,88
2844.97204995,88
2849.97201991,89
2856.97201991,89
2859.97204995,89
2864.97204995,89
2868.97201991,88
2876.97201991,88
2882.97201991,88
2883.97201991,88
2890.97201991,88
2893.97204995,88
2901.97204995,89
2907.97201991,90
2910.97201991,89
2914.97204995,88
2918.97201991,88
2925.97201991,89
2932.97204995,88
2933.97201991,88
2940.97201991,89
2946.97204995,89
2949.97204995,89
2956.97201991,89
2958.97201991,89
2966.97204995,88
2972.97201991,89
2977.97204995,90
2978.97201991,90
2983.97201991,89
2989.97204995,88
2995.97204995,88
2998.97201991,89
3004.97204995,89
3011.97204995,89
3015.97201991,89
3022.97201991,89
3027.97201991,90
3031.97201991,90
3037.97201991,89
3042.97201991,89
3047.97201991,90
3052.97204995,90
3057.97204995,91
3060.97201991,90
3067.97204995,90
3070.97201991,89
3076.97201991,89
3082.97201991,90
3085.97201991,90
3092.97201991,90
3094.97204995,90
3102.97201991,90
3107.97201991,90
3109.97201991,90
3117.97204995,91
3118.97204995,91
3124.97201991,90
3132.97201991,90
3133.97204995,90
3138.97201991,90
3147.97201991,90
3151.97201991,90
3153.97201991,90
3160.97204995,89
3167.97201991,90
3171.97204995,91
3175.97201991,90
3180.97201991,91
3184.97201991,91
3189.97201991,90
3194.97201991,91
3198.97201991,90
3204.97204995,91
3212.97201991,91
3216.97201991,91
3219.97204995,91
3225.97201991,90
3230.97201991,90
3237.97204995,91
3238.97201991,91
3247.97201991,91
3249.97201991,91
3255.97201991,92
3261.97204995,91
3266.97204995,90
3272.97201991,90
3275.97201991,90
3282.97201991,90
3287.97201991,90
3289.97201991,90
3295.97204995,90
3299.97201991,90
3303.97201991,90
3312.97201991,91
3313.97201991,91
3322.97201991,90
3326.97201991,90
3328.97201991,90
3335.97204995,91
3339.97204995,91
3344.97201991,91
3350.97201991,90
3354.97204995,91
3359.97204995,91
3366.97204995,92
3370.97201991,92
3377.97201991,91
3378.97201991,91
3385.97204995,91
3392.97201991,91
3393.97201991,91
3399.97201991,91
3407.97201991,91
3408.97201991,91
3416.97204995,92
3418.97204995,92
3423.97201991,92
3432.97201991,90
3433.97204995,90
3438.97204995,91
3443.97204995,92
3450.97201991,92
3455.97204995,91
3460.97201991,91
3463.97201991,92
3470.97201991,92
3473.97204995,92
3481.97201991,92
3484.97201991,92
3490.97201991,92
3493.97201991,91
3501.97204995,93
3505.97201991,91
3509.97201991,89
3517.97201991,90
3519.97204995,91
3523.97201991,91
3531.97204995,91
3535.97204995,90
3539.97201991,91
3544.97201991,92
3550.97204995,92
3557.97201991,91
3558.97201991,91
3566.97201991,91
3570.97201991,91
3573.97201991,91
3578.97204995,93
3584.97201991,93
3588.97201991,92
3597.97204995,91
3598.97204995,92
3607.97204995,91
3609.97201991,91
3614.97204995,91
3620.97201991,93
3625.97201991,92
3632.97201991,91
3634.97204995,91
3641.97204995,92
3644.97204995,92
3651.97201991,92
3654.97204995,92
3659.97204995,92
3665.97201991,93
3669.97201991,92
3677.97201991,91
3678.97201991,91
3685.97204995,90
3692.97201991,91
3694.97201991,91
3699.97201991,92
3703.97204995,92
3712.97204995,90
3715.97204995,90
3722.97201991,90
3724.97201991,90
3732.97204995,91
3736.97201991,91
3740.97201991,91
3744.97201991,92
3752.97204995,92
3754.97201991,91
3759.97204995,91
3764.97201991,91
3769.97201991,92
3776.97204995,92
3779.97201991,92
3785.97201991,93
3792.97204995,92
3795.97201991,93
3800.97201991,93
3804.97204995,93
3811.97201991,91
3813.97201991,91
3821.97201991,92
3824.97201991,93
3829.97201991,93
3835.97204995,93
3842.97201991,91
3846.97201991,91
3848.97204995,91
3853.97201991,91
3862.97204995,93
3863.97201991,93
3868.97201991,93
3877.97204995,92
3882.97201991,94
3887.97201991,94
3891.97201991,93
3895.97201991,93
3900.97201991,91
3907.97201991,92
3911.97204995,93
3913.97201991,93
3918.97204995,93
3924.97201991,93
3930.97201991,93
3935.97201991,92
3942.97201991,92
3947.97201991,93
3951.97201991,93
3955.97201991,93
3961.97201991,93
3966.97201991,94
3969.97201991,94
3973.97204995,94
3978.97201991,94
3983.97204995,94
3990.97201991,91
3994.97201991,92
4001.97201991,93
4007.97201991,94
4012.97204995,93
4016.97201991,93
4018.97204995,94
4027.97204995,95
4030.97201991,95
4036.97204995,94
4040.97201991,93
4043.97201991,92
4051.97201991,93
4054.97201991,94
4062.97201991,94
4063.97201991,94
4069.97201991,93
4076.97201991,94
4079.97201991,94
4087.97204995,93
4092.97201991,94
4096.97201991,93
4101.97201991,93
4107.97201991,92
4112.97201991,92
4114.97204995,92
4121.97204995,94
4127.97201991,94
4128.97201991,94
4133.97201991,93
4138.97204995,93
4145.97201991,93
4148.97204995,93
4155.97201991,93
4161.97201991,94
4164.97201991,94
4172.97204995,93
4177.97201991,93
4182.97204995,94
4187.97201991,94
4190.97201991,94
4195.97201991,94
4200.97201991,94
4205.97201991,94
4208.97204995,94
4217.97201991,93
4222.97201991,93
4223.97201991,93
4231.97204995,93
4237.97201991,93
4238.97201991,93
4247.97201991,93
4248.97201991,93
4257.97204995,94
4258.97201991,94
4263.97201991,92
4272.97201991,92
4276.97201991,91
4278.97201991,91
4286.97201991,93
4291.97201991,93
4295.97204995,93
4302.97201991,92
4304.97201991,93
4308.97201991,94
4314.97201991,93
4318.97201991,91
4324.97201991,92
4331.97204995,92
4333.97201991,93
4339.97201991,93
4346.97204995,94
4352.97201991,94
4356.97201991,93
4362.97204995,93
4365.97201991,93
4369.97201991,93
4374.97201991,94
4382.97201991,93
4386.97201991,93
4392.97204995,93
4395.97201991,94
4401.97201991,94
4405.97204995,94
4409.97201991,94
4415.97201991,93
4418.97201991,94
4426.97204995,102
4432.97201991,102
4433.97204995,102
4442.97201991,96
4443.97201991,97
4451.97204995,101
4455.97201991,101
4458.97201991,101
4465.97204995,107
4468.97204995,108
4474.97201991,100
4482.97204995,96
4484.97204995,98
4488.97201991,97
4496.97204995,91
4502.97201991,91
4504.97204995,91
4512.97201991,89
4514.97204995,90
4519.97204995,93
4526.97201991,89
4532.97201991,96
4533.97204995,95
4542.97204995,90
4543.97204995,90
4550.97201991,92
4555.97204995,92
4562.97204995,93
4564.97201991,93
4568.97201991,93
4577.97201991,101
4580.97201991,101
4586.97204995,107
4591.97201991,111
4593.97201991,110
4600.97201991,101
4606.97201991,108
4608.97201991,105
4617.97201991,91
4622.97201991,90
4623.97201991,91
4630.97201991,96
4637.97201991,86
4642.97201991,88
4645.97201991,88
4648.97201991,89
4655.97201991,91
4662.97204995,84
4665.97201991,85
4668.97201991,85
4677.97204995,89
4682.97201991,90
4684.97201991,90
4692.97204995,95
4697.97201991,91
4702.97201991,89
4703.97201991,89
4711.97201991,92
4717.97204995,88
4722.97201991,88
4727.97204995,89
4728.97204995,90
4735.97204995,91
4738.97204995,91
4743.97201991,93
4748.97204995,96
4757.97201991,85
4762.97204995,85
4767.97204995,86
4768.97201991,87
4776.97201991,90
4778.97201991,90
4785.97201991,88
4792.97201991,90
4793.97204995,90
4798.97201991,91
4803.97201991,94
4812.97204995,83
4814.97201991,84
4819.97201991,87
4823.97201991,87
4829.97201991,89
4833.97201991,89
4841.97201991,88
4845.97204995,88
4852.97201991,89
4853.97201991,89
4862.97201991,91
4864.97201991,91
4868.97204995,92
4875.97204995,92
4881.97201991,92
4887.97201991,90
4888.97204995,90
4893.97201991,91
4900.97204995,94
4904.97204995,95
4910.97201991,97
4916.97204995,93
4922.97201991,91
4923.97204995,91
4931.97201991,93
4937.97201991,92
4942.97201991,92
4943.97204995,92
4952.97204995,94
4953.97201991,94
4962.97204995,95
4964.97201991,95
4968.97201991,98
4974.97201991,104
4982.97201991,86
4987.97201991,82
4988.97204995,82
4995.97204995,88
5002.97201991,89
5006.97204995,89
5012.97201991,88
5013.97201991,89
5021.97204995,90
5023.97204995,90
5032.97201991,91
5033.97201991,91
5040.97204995,93
5047.97201991,89
5050.97204995,90
5056.97201991,91
5059.97204995,91
5063.97201991,94
5070.97204995,93
5077.97201991,85
5082.97204995,84
5087.97201991,86
5089.97201991,87
5096.97201991,88
5098.97204995,89
5103.97201991,91
5112.97204995,88
5115.97204995,88
5119.97204995,87
5127.97201991,88
5129.97201991,89
5135.97201991,90
5138.97201991,90
5147.97204995,91
5152.97204995,89
5156.97204995,89
5160.97204995,90
5163.97201991,91
5172.97204995,96
5173.97204995,96
5182.97201991,86
5187.97204995,85
5192.97201991,86
5193.97201991,87
5202.97201991,89
5205.97204995,90
5208.97201991,91
5213.97201991,92
5218.97201991,93
5227.97204995,88
5231.97201991,89
5234.97204995,89
5240.97201991,91
5247.97204995,91
5249.97204995,91
5253.97201991,91
5258.97201991,93
5263.97201991,94
5272.97201991,86
5274.97201991,86
5279.97204995,89
5283.97204995,90
5292.97201991,85
5293.97204995,86
5300.97201991,89
5306.97201991,89
5308.97204995,89
5317.97204995,91
5322.97201991,90
5327.97201991,89
5328.97204995,90
5337.97204995,96
5338.97201991,94
5347.97201991,87
5351.97204995,88
5356.97201991,88
5358.97201991,89
5364.97204995,91
5372.97204995,86
5374.97201991,88
5381.97201991,87
5384.97204995,86
5392.97201991,90
5393.97201991,90
5400.97204995,89
5405.97201991,90
5411.97201991,90
5417.97201991,91
5420.97201991,91
5425.97204995,92
5431.97201991,93
5433.97201991,93
5438.97204995,96
5447.97201991,86
5452.97201991,87
5454.97204995,87
5460.97204995,87
5466.97201991,89
5470.97204995,89
5475.97201991,90
5478.97346997,90
5483.97343993,90
5488.97343993,91
5493.97343993,93
5502.97343993,84
5507.97343993,85
5511.97346997,86
5515.97343993,87
5522.97343993,89
5526.97343993,89
5530.97343993,90
5533.97343993,90
5538.97343993,91
5547.97343993,84
5549.97343993,85
5557.97343993,87
5560.97343993,88
5567.97343993,90
5569.97343993,91
5577.97346997,87
5580.97346997,87
5584.97346997,88
5592.97343993,89
5593.97346997,89
5599.97343993,91
5607.97346997,85
5612.97343993,85
5616.97343993,85
5619.97343993,88
5623.97346997,90
5632.97346997,94
5633.97343993,94
5642.97346997,85
5644.97343993,85
5651.97343993,89
5657.97346997,90
5662.97343993,90
5664.97343993,90
5671.97346997,90
5677.97343993,91
5678.97343993,91
5684.97343993,92
5689.97343993,91
5697.97346997,91
5701.97343993,91
5703.97343993,91
5712.97346997,91
5715.97346997,90
5718.97343993,91
5726.97343993,92
5731.97343993,90
5733.97343993,90
5742.97343993,91
5743.97346997,91
5748.97343993,94
5756.97346997,95
5759.97346997,93
5765.97343993,90
5770.97346997,89
5777.97343993,90
5778.97346997,90
5785.97346997,91
5788.97343993,92
5797.97346997,92
5802.97343993,92
5803.97343993,92
5811.97343993,94
5813.97343993,94
5821.97343993,95
5826.97343993,93
5830.97343993,92
5836.97346997,92
5842.97343993,90
5847.97343993,91
5849.97346997,91
5853.97343993,91
5862.97343993,93
5865.97346997,92
5868.97343993,94
5874.97343993,97
5878.97343993,97
5887.97343993,88
5892.97343993,90
5893.97346997,90
5899.97343993,88
5903.97343993,89
5908.97346997,89
5917.97343993,90
5922.97343993,91
5927.97343993,92
5931.97343993,91
5934.97343993,90
5940.97343993,90
5943.97346997,91
5952.97346997,93
5957.97343993,92
5959.97346997,91
5963.97343993,92
5972.97346997,92
5977.97346997,91
5978.97343993,91
5986.97343993,91
5988.97343993,91
5993.97346997,91
6002.97343993,93
6006.97343993,93
6012.97343993,92
6015.97343993,91
6018.97343993,92
6024.97343993,93
6030.97346997,92
6036.97343993,92
6040.97346997,92
6047.97343993,98
6050.97343993,97
6056.97343993,93
6060.97343993,93
6065.97343993,93
6072.97346997,90
6073.97343993,90
6079.97346997,92
6084.97343993,93
6089.97346997,93
6095.97343993,94
6098.97346997,96
6103.97346997,94
6112.97343993,88
6115.97343993,89
6120.97346997,89
6123.97343993,91
6132.97346997,93
6133.97346997,93
6142.97346997,88
6147.97346997,88
6148.97343993,89
6156.97346997,91
6158.97343993,91
6163.97346997,91
6172.97343993,95
6173.97343993,94
6182.97346997,87
6186.97343993,89
6192.97343993,91
6197.97343993,90
6198.97343993,90
6203.97343993,93
6211.97346997,95
6213.97343993,94
6220.97343993,88
6225.97343993,89
6232.97343993,90
6233.97343993,90
6240.97343993,94
6247.97343993,86
6252.97346997,87
6257.97346997,88
6260.97343993,89
6263.97346997,89
6271.97343993,92
6274.97343993,91
6282.97346997,90
6284.97343993,90
6290.97343993,87
6293.97343993,89
6302.97346997,89
6306.97343993,90
6311.97346997,91
6317.97343993,89
6322.97343993,91
6323.97343993,91
6329.97346997,88
6336.97346997,89
6339.97343993,89
6343.97343993,91
6352.97343993,87
6355.97343993,87
6361.97343993,89
6363.97343993,90
6368.97343993,92
6377.97346997,95
6379.97346997,93
6383.97343993,92
6388.97346997,94
6397.97343993,87
6402.97346997,88
6405.97346997,89
6412.97343993,93
6413.97343993,92
6422.97343993,85
6425.97343993,86
6429.97343993,89
6436.97343993,91
6439.97343993,91
6445.97343993,91
6448.97343993,91
6455.97343993,94
6459.97343993,93
6467.97346997,88
6471.97343993,90
6477.97343993,90
6478.97346997,90
6486.97346997,92
6492.97343993,90
6496.97346997,91
6498.97343993,91
6503.97346997,94
6512.97346997,91
6513.97343993,91
6519.97343993,90
6527.97346997,91
6531.97343993,90
6533.97343993,92
6542.97346997,98
6546.97343993,97
6550.97343993,96
6553.97343993,96
6562.97343993,97
6566.97346997,97
6569.97343993,96
6573.97346997,97
6578.97346997,97
6587.97343993,90
6590.97343993,91
6596.97343993,94
6601.97346997,94
6604.97343993,94
6611.97343993,98
6616.97346997,95
6621.97343993,93
6623.97343993,93
6631.97346997,100
6634.97346997,98
6642.97346997,106
6643.97343993,106
6651.97346997,111
6657.97346997,114
6662.97346997,115
6667.97346997,115
6671.97343993,114
6673.97343993,112
6682.97343993,90
6687.97346997,86
6692.97346997,84
6697.97343993,85
6700.97343993,86
6705.97346997,88
6709.97346997,89
6716.97343993,88
6720.97346997,91
6724.97343993,92
6730.97343993,91
6737.97343993,90
6742.97343993,88
6747.97346997,90
6751.97346997,90
6754.97343993,91
6758.97343993,93
6767.97346997,86
6772.97343993,89
6774.97343993,90
6778.97343993,92
6786.97346997,86
6792.97346997,86
6793.97346997,87
6800.97343993,90
6807.97346997,91
6809.97346997,91
6813.97343993,92
6820.97346997,96
6823.97346997,93
6832.97343993,89
6835.97343993,91
6842.97343993,92
6845.97343993,92
6851.97343993,92
6856.97343993,92
6858.97343993,92
6863.97346997,93
6872.97346997,92
6877.97343993,92
6879.97343993,92
6886.97346997,95
6888.97346997,94
6897.97343993,87
6902.97346997,89
6907.97346997,90
6909.97343993,91
6915.97343993,93
6920.97343993,92
6927.97343993,91
6928.97346997,91
6935.97346997,92
6941.97346997,92
6947.97343993,90
6948.97343993,91
6955.97343993,92
6959.97346997,92
6967.97343993,92
6969.97343993,91
6973.97346997,92
6978.97343993,92
6983.97343993,92
6990.97346997,92
6996.97343993,92
7000.97343993,93
7004.97343993,94
7010.97343993,94
7014.97343993,94
7020.97343993,94
7025.97343993,89
7032.97343993,87
7035.97343993,89
7038.97343993,91
7044.97346997,92
7049.97346997,93
7054.97346997,96
7062.97343993,88
7067.97343993,85
7071.97346997,86
7073.97343993,88
7082.97346997,91
7085.97346997,91
7092.97343993,87
7097.97343993,88
7102.97343993,90
7104.97346997,91
7112.97346997,96
7113.97343993,96
7122.97346997,88
7123.97346997,88
7132.97343993,92
7134.97343993,91
7142.97343993,96
7143.97346997,95
7152.97346997,88
7157.97343993,89
7160.97343993,89
7167.97346997,91
7168.97343993,91
7174.97343993,92
7182.97346997,93
7187.97343993,93
7188.97343993,94
7196.97343993,98
7202.97343993,97
7203.97343993,97
7210.97346997,98
7213.97343993,98
7221.97343993,94
7223.97343993,95
7230.97343993,97
7237.97343993,90
7240.97343993,90
7244.97343993,92
7250.97343993,93
7257.97343993,93
7261.97343993,94
7263.97346997,95
7272.97343993,104
7273.97343993,104
7282.97346997,111
7283.97343993,111
7292.97343993,97
7297.97343993,96
7302.97343993,96
7306.97346997,96
7308.97346997,95
7315.97343993,93
7318.97346997,94
7327.97343993,95
7332.97343993,94
7335.97346997,94
7339.97346997,95
7344.97346997,95
7351.97346997,97
7354.97346997,98
7358.97343993,100
7367.97346997,93
7368.97343993,93
7374.97343993,95
7382.97346997,90
7384.97346997,91
7392.97346997,94
7396.97343993,90
7399.97346997,90
7407.97346997,92
7408.97346997,91
7417.97343993,95
7420.97343993,93
7426.97343993,91
7432.97343993,90
7434.97343993,90
7441.97343993,95
7445.97343993,92
7452.97343993,91
7456.97346997,91
7459.97343993,92
7467.97343993,94
7468.97346997,94
7474.97346997,96
7482.97343993,87
7485.97343993,88
7492.97343993,90
7494.97343993,90
7501.97343993,94
7507.97343993,94
7508.97343993,93
7514.97343993,93
7521.97343993,94
7527.97346997,92
7528.97346997,92
7537.97343993,95
7542.97343993,94
7547.97346997,94
7551.97346997,93
7557.97343993,92
7558.97343993,92
7565.97346997,92
7571.97343993,94
7574.97346997,95
7581.97343993,95
7587.97343993,96
7589.97343993,96
7595.97343993,95
7602.97343993,96
7603.97346997,95
7608.97346997,95
7615.97343993,94
7618.97346997,94
7624.97346997,96
7632.97346997,93
7633.97343993,94
7640.97343993,95
7645.97343993,95
7651.97343993,94
7654.97346997,95
7659.97343993,95
7665.97343993,93
7672.97343993,92
7677.97343993,89
7679.97343993,90
7683.97343993,92
7692.97343993,94
7696.97343993,94
7701.97343993,93
7706.97343993,93
7708.97343993,94
7716.97343993,93
7719.97343993,93
7727.97346997,93
7731.97343993,94
7736.97343993,93
7739.97346997,93
7747.97346997,95
7750.97346997,94
7756.97346997,94
7758.97343993,94
7764.97343993,94
7768.97343993,97
7777.97343993,85
7781.97346997,88
7785.97343993,90
7789.97343993,91
7794.97343993,93
7801.97343993,95
7806.97346997,93
7812.97346997,93
7814.97343993,93
7821.97343993,95
7823.97343993,96
7830.97346997,94
7837.97343993,94
7840.97343993,94
7847.97343993,93
7849.97343993,94
7853.97346997,94
7858.97343993,95
7867.97343993,94
7868.97346997,94
7875.97343993,95
7879.97343993,92
7884.97343993,91
7888.97343993,91
7896.97346997,95
7902.97343993,91
7905.97343993,92
7912.97343993,93
7914.97346997,94
7922.97343993,96
7925.97343993,97
7928.97343993,98
7937.97343993,90
7939.97346997,91
7945.97343993,96
7952.97346997,90
7956.97346997,91
7958.97346997,91
7964.97343993,96
7971.97343993,89
7974.97343993,91
7980.97343993,93
7984.97346997,94
7988.97343993,94
7995.97343993,95
8002.97343993,96
8003.97343993,96
8010.97343993,92
8014.97343993,91
8020.97343993,93
8026.97343993,94
8031.97343993,94
8035.97346997,94
8041.97346997,94
8047.97343993,94
8051.97343993,93
8054.97346997,94
8062.97343993,95
8066.97343993,94
8069.97343993,94
8077.97343993,96
8079.97343993,94
8086.97343993,94
8092.97346997,99
8094.97343993,99
8100.97343993,98
8103.97343993,98
8108.97343993,97
8116.97343993,98
8119.97343993,96
8124.97343993,94
8130.97346997,97
8133.97343993,96
8140.97346997,94
8143.97343993,94
8151.97343993,98
8156.97343993,96
8158.97343993,96
8166.97346997,104
8170.97343993,105
8176.97346997,110
8178.97343993,110
8186.97343993,99
8188.97346997,99
8197.97346997,106
8198.97343993,105
8207.97346997,89
8210.97343993,90
8213.97343993,92
8219.97346997,96
8227.97346997,88
8228.97343993,89
8233.97343993,93
8240.97343993,86
8246.97343993,90
8249.97343993,91
8255.97346997,96
8262.97343993,89
8266.97343993,91
8272.97343993,91
8273.97343993,92
8282.97346997,92
8284.97346997,93
8291.97343993,97
8293.97343993,96
8300.97343993,89
8307.97343993,92
8309.97346997,92
8317.97343993,93
8319.97343993,93
8324.97343993,95
8332.97346997,88
8336.97343993,90
8342.97346997,91
8343.97343993,91
8349.97343993,92
8355.97346997,93
8361.97346997,97
8364.97343993,95
8369.97343993,94
8374.97346997,91
8380.97346997,93
8384.97343993,93
8388.97343993,93
8393.97343993,94
8402.97343993,89
8404.97343993,90
8408.97346997,91
8416.97343993,95
8422.97343993,88
8426.97343993,90
8428.97346997,91
8434.97343993,95
8441.97343993,87
8444.97343993,90
8452.97343993,92
8455.97343993,92
8461.97346997,93
8466.97343993,92
8469.97343993,93
8476.97346997,93
8478.97346997,94
8487.97343993,94
8489.97343993,94
8494.97346997,94
8502.97343993,94
8506.97346997,93
8508.97346997,94
8517.97343993,94
8518.97343993,94
8523.97343993,93
8528.97343993,94
8537.97346997,94
8539.97346997,94
8547.97343993,95
8549.97346997,93
8553.97346997,92
8559.97343993,94
8566.97343993,86
8572.97343993,89
8576.97346997,91
8579.97346997,93
8587.97343993,93
8590.97343993,93
8595.97346997,93
8598.97343993,92
8607.97343993,94
8611.97346997,94
8614.97343993,94
8622.97343993,93
8624.97346997,93
8632.97343993,93
8635.97343993,93
8642.97346997,94
8647.97343993,94
8648.97343993,94
8653.97343993,95
8662.97343993,95
8666.97343993,94
8672.97343993,94
8677.97343993,93
8682.97343993,93
8686.97346997,94
8692.97346997,94
8697.97343993,94
8700.97346997,94
8703.97343993,93
8709.97343993,94
8713.97343993,94
8718.97346997,92
8726.97343993,94
8729.97343993,93
8735.97346997,93
8739.97343993,94
8743.97343993,95
8748.97343993,95
8754.97343993,94
8760.97346997,95
8767.97343993,95
8769.97343993,94
8776.97346997,94
8778.97343993,95
8787.97343993,94
8788.97343993,93
8795.97343993,93
8801.97343993,94
8805.97343993,91
8809.97346997,91
8813.97343993,92
8819.97343993,92
8825.97346997,94
8829.97343993,94
8833.97346997,94
8838.97343993,94
8846.97343993,94
8848.97343993,93
8854.97343993,93
8861.97343993,94
8865.97346997,94
8871.97346997,94
8876.97346997,94
8878.97343993,95
8886.97346997,93
8891.97343993,94
8894.97343993,95
8899.97343993,94
8904.97343993,94
8908.97343993,94
8917.97346997,96
8921.97346997,96
8923.97343993,96
8928.97346997,95
8937.97343993,93
8940.97343993,94
8943.97343993,95
8950.97343993,98
8954.97346997,96
8959.97343993,93
8966.97343993,97
8968.97346997,99
8977.97346997,109
8982.97343993,106
8983.97343993,105
8989.97343993,99
8995.97343993,97
9000.97343993,99
9007.97343993,91
9010.97343993,92
9015.97346997,89
9018.97346997,88
9027.97343993,92
9030.97343993,92
9037.97343993,96
9038.97343993,95
9047.97346997,89
9048.97343993,90
9057.97343993,94
9059.97343993,94
9067.97343993,89
9069.97343993,90
9073.97343993,92
9080.97240996,97
9084.97240996,101
9091.97240996,107
9095.97237992,108
9098.97237992,105
9107.97237992,93
9109.97237992,94
9117.97237992,93
9121.97240996,91
9125.97240996,91
9128.97237992,90
9134.97237992,89
9140.97240996,92
9147.97237992,88
9152.97237992,91
9157.97237992,92
9159.97237992,92
9164.97237992,94
9172.97237992,87
9173.97240996,88
9182.97237992,90
9185.97237992,90
9189.97237992,92
9194.97237992,93
9202.97237992,91
9206.97237992,89
9208.97237992,90
9213.97237992,95
9222.97237992,87
9225.97237992,89
9230.97237992,90
9237.97237992,88
9240.97237992,89
9247.97237992,91
9250.97237992,90
9253.97237992,91
9260.97237992,92
9266.97237992,92
9269.97237992,92
9274.97237992,91
9280.97237992,91
9283.97237992,89
9288.97240996,86
9297.97240996,88
9302.97240996,87
9307.97240996,90
9310.97240996,91
9313.97237992,91
9321.97237992,91
9327.97240996,91
9331.97240996,90
9333.97240996,91
9340.97237992,92
9344.97237992,92
9350.97240996,91
9356.97240996,90
9360.97237992,93
9366.97237992,94
9372.97237992,96
9375.97240996,94
9382.97237992,93
9386.97237992,93
9389.97237992,93
9397.97240996,89
9398.97237992,90
9407.97240996,96
9408.97237992,96
9417.97237992,97
9418.97237992,97
9425.97240996,96
9430.97237992,96
9434.97240996,96
9442.97237992,97
9443.97240996,96
9452.97240996,89
9453.97240996,90
9461.97237992,95
9467.97237992,97
9472.97237992,96
9474.97237992,94
9482.97237992,89
9485.97237992,91
9491.97240996,94
9494.97237992,94
9501.97237992,93
9505.97237992,93
9509.97237992,94
9514.97240996,97
9522.97240996,99
9523.97237992,98
9532.97240996,86
9537.97237992,85
9541.97240996,86
9543.97240996,87
9548.97237992,91
9557.97240996,94
9562.97240996,91
9564.97237992,91
9569.97237992,93
9575.97240996,94
9582.97237992,94
9583.97237992,94
9588.97237992,94
9597.97237992,90
9598.97237992,91
9606.97237992,92
9609.97237992,90
9616.97237992,93
9622.97237992,93
9627.97240996,91
9632.97237992,89
9633.97237992,90
9638.97237992,91
9646.97237992,93
9650.97240996,92
9654.97240996,94
9660.97237992,95
9663.97240996,95
9671.97237992,90
9674.97237992,90
9679.97237992,92
9687.97237992,89
9689.97237992,90
9693.97240996,93
9702.97237992,98
9703.97240996,98
9709.97237992,94
9717.97237992,89
9718.97240996,89
9724.97237992,86
9730.97237992,89
9735.97237992,92
9742.97237992,91
9745.97237992,91
9751.97237992,94
9756.97237992,95
9759.97237992,93
9766.97240996,87
9772.97237992,89
9774.97237992,89
9780.97237992,91
9783.97240996,92
9791.97240996,95
9795.97237992,93
9802.97240996,96
9805.97237992,97
9808.97237992,98
9814.97237992,99
9821.97240996,89
9827.97240996,88
9828.97237992,89
9836.97237992,87
9838.97237992,87
9847.97237992,94
9849.97237992,92
9853.97237992,92
9858.97240996,93
9867.97237992,86
9868.97237992,86
9873.97240996,89
9882.97237992,90
9885.97237992,91
9889.97237992,92
9897.97237992,89
9901.97237992,90
9903.97240996,89
9911.97237992,87
9913.97240996,88
9920.97240996,91
9923.97240996,90
9931.97237992,89
9936.97240996,89
9939.97237992,91
9947.97240996,93
9952.97240996,93
9953.97237992,93
9958.97240996,96
9965.97237992,98
9970.97237992,90
9976.97237992,85
9981.97240996,87
9983.97237992,88
9992.97240996,84
9994.97237992,85
10001.97241,90
10005.9723799,90
10009.97241,89
10017.9723799,88
10019.9723799,89
10025.97241,89
10031.9723799,85
10034.9723799,86
10039.9723799,88
10046.9723799,91
10049.9723799,90
10054.9723799,90
10061.9723799,91
10066.9723799,91
10069.97241,92
10075.9723799,92
10082.9723799,93
10083.97241,93
10092.9723799,87
10096.9723799,88
10102.97241,90
10105.9723799,91
10110.9723799,92
10117.97241,91
10118.97241,91
10123.9723799,91
10131.9723799,85
10137.97241,90
10140.9723799,91
10145.97241,93
10152.97241,91
10157.97241,89
10161.97241,90
10166.9723799,91
10168.9723799,92
10177.97241,93
10182.9723799,86
10187.9723799,86
10189.97241,86
10196.97241,91
10199.9723799,91
10203.97241,92
10210.9723799,94
10213.9723799,91
10222.97241,86
10223.9723799,86
10230.97241,86
10233.97241,85
10239.97241,83
10245.97241,86
10248.97241,86
10254.97241,89
10260.9723799,86
10264.97241,88
10269.97241,88
10277.9723799,93
10280.9723799,91
10283.97241,90
10292.9723799,92
10297.97241,92
10298.97241,91
10307.9723799,86
10309.9723799,85
10314.9723799,83
10318.9723799,88
10327.9723799,93
10330.9723799,92
10337.97241,92
10338.9723799,93
10344.97241,96
10352.9723799,85
10356.97241,86
10360.9723799,84
10363.9723799,85
10372.97241,89
10377.9723799,87
10382.9723799,86
10383.97241,86
10389.97241,84
10396.9723799,84
10398.9723799,85
10405.97241,89
10410.97241,92
10417.97241,93
10421.9723799,94
10423.9723799,93
10432.9723799,85
10434.9723799,87
10439.97241,92
10447.9723799,88
10451.9723799,89
10457.9723799,89
10459.97241,90
10463.97241,91
10470.9723799,88
10473.9723799,88
10478.97241,90
10487.97241,91
10492.9723799,89
10497.9723799,90
10498.9723799,90
10504.97241,92
10512.9723799,86
10517.97241,89
10521.9723799,87
10524.97241,88
10532.9723799,89
10535.97241,90
10540.97241,91
10545.9723799,91
10548.97241,91
10557.9723799,90
10562.9723799,90
10565.97241,91
10570.97241,91
10573.9723799,91
10582.97241,90
10585.97241,90
10590.9723799,88
10597.9723799,84
10599.9723799,85
10606.9723799,90
10609.97241,90
10616.9723799,87
10618.9723799,88
10627.9723799,91
10628.9723799,91
10633.9723799,94
10642.97241,87
10647.9723799,89
10650.9723799,89
10653.97241,90
10662.9723799,82
10667.9723799,85
10672.97241,88
10677.9723799,89
10682.97241,88
10685.9723799,90
10688.9723799,91
10694.9723799,91
10698.9723799,89
10706.9723799,89
10709.9723799,90
10714.9723799,93
10720.97241,90
10727.9723799,90
10728.97241,90
10733.97241,95
10742.9723799,86
10744.9723799,88
10748.9723799,92
10757.9723799,105
10758.97241,104
10767.9723799,92
10770.97241,92
10775.97241,93
10778.9723799,94
10786.9723799,105
10788.9723799,104
10797.9723799,85
10802.9723799,87
10806.97241,88
10811.9723799,87
10816.9723799,88
10819.97241,88
10823.9723799,90
10830.9723799,88
10835.9723799,90
10841.97241,91
10845.9723799,91
10849.9723799,90
10853.97241,91
10858.9723799,95
10867.97241,85
10872.9723799,87
10874.9723799,86
10878.9723799,87
10887.9723799,90
10892.9723799,90
10896.97241,90
10902.9723799,90
10905.9723799,90
10912.9723799,90
10915.9723799,90
10922.9723799,90
10923.9723799,90
10931.97241,90
10934.97241,90
10942.97241,89
10944.97241,90
10952.9723799,90
10956.97241,91
10960.9723799,90
10964.97241,90
10971.9723799,90
10975.9723799,90
10981.9723799,90
10984.97241,90
10991.9723799,90
10993.97241,90
10999.97241,91
11007.9723799,92
11012.9723799,92
11015.97241,91
11019.9723799,89
11023.9723799,89
11029.9723799,90
11033.97241,90
11041.9723799,90
11045.97241,90
11050.97241,90
11057.9723799,86
11060.9723799,87
11067.9723799,89
11068.9723799,89
11076.97241,89
11078.97241,89
11086.9723799,90
11089.97241,91
11097.97241,86
11101.9723799,87
11105.97241,87
11111.9723799,88
11115.9723799,90
11119.97241,91
11126.9723799,91
11130.9723799,90
11134.97241,90
11142.9723799,90
11146.9723799,91
11152.9723799,91
11153.97241,91
11160.97241,91
11163.9723799,91
11170.9723799,92
11175.9723799,94
11179.9723799,91
11185.9723799,88
11188.9723799,91
11195.97241,91
11200.9723799,93
11207.9723799,84
11211.97241,86
11217.9723799,88
11222.9723799,87
11224.97241,88
11232.97241,90
11235.97241,90
11238.9723799,90
11247.9723799,106
11252.9723799,110
11257.97241,112
11258.9723799,111
11264.97241,106
11269.9723799,99
11277.9723799,89
11282.9723799,89
11283.9723799,89
11292.9723799,83
11296.9723799,86
11299.9723799,87
11304.97241,87
11311.9723799,88
11317.97241,85
11318.97241,86
11326.9723799,88
11329.9723799,89
11337.9723799,89
11339.9723799,91
11346.9723799,95
11348.9723799,93
11357.9723799,86
11362.9723799,89
11367.9723799,89
11368.9723799,90
11377.97241,96
11378.9723799,96
11387.9723799,84
11391.9723799,87
11395.97241,87
11402.9723799,87
11406.9723799,87
11410.97241,88
11416.9723799,89
11419.97241,90
11425.97241,91
11430.9723799,90
11437.9723799,91
11440.97241,89
11444.9723799,89
11448.97241,91
11455.9723799,87
11462.9723799,87
11466.9723799,87
11468.97241,87
11476.9723799,89
11478.97241,91
11487.97241,103
11492.9723799,106
11496.97241,104
11502.9723799,103
11506.97241,104
11509.9723799,106
11513.97241,105
11522.9723799,90
11526.97241,90
11530.97241,88
11537.9723799,87
11541.9723799,87
11547.97241,85
11550.9723799,86
11553.9723799,86
11559.97241,88
11564.97241,88
11569.97241,87
11577.9723799,85
11579.9723799,86
11587.9723799,89
11590.97241,88
11595.9723799,88
11601.9723799,90
11603.97241,90
11612.97241,89
11614.9723799,89
11621.97241,90
11626.9723799,90
11628.9723799,90
11637.9723799,90
11639.9723799,90
11643.97241,90
11652.97241,86
11657.9723799,86
11660.97241,86
11663.9723799,88
11672.9723799,88
11674.9723799,88
11680.97241,88
11686.9723799,88
11691.97241,88
11696.9723799,90
11701.9723799,91
11703.9723799,90
11712.9723799,89
11716.9723799,90
11721.97241,89
11727.9723799,90
11730.9723799,90
11735.97241,87
11740.97241,87
11745.9723799,88
11751.9723799,88
11753.9723799,88
11760.9723799,85
11763.9723799,86
11771.97241,88
11777.9723799,86
11780.9723799,86
11785.9723799,89
11789.9723799,89
11797.9723799,89
11800.9723799,89
11805.97241,89
11810.9723799,88
11813.9723799,88
11818.9723799,88
11824.9723799,88
11828.97241,89
11834.97241,87
11839.9723799,87
11843.9723799,88
11851.9723799,90
11853.9723799,90
11859.97241,89
11867.9723799,87
11869.9723799,88
11877.9723799,87
11878.9723799,87
11883.97241,88
11888.9723799,89
11896.9723799,89
11901.9723799,87
11906.9723799,87
11908.9723799,87
11917.9723799,88
11919.97241,88
11927.9723799,88
11930.9723799,88
11935.9723799,88
11942.9723799,88
11945.9723799,88
11949.97241,88
11955.9723799,88
11959.9723799,88
11964.9723799,88
11971.9723799,88
11973.9723799,88
11981.97241,87
11986.9723799,87
11990.9723799,87
11993.9723799,88
12002.9723799,88
12003.9723799,88
12012.9723799,87
12017.9723799,88
12018.97241,87
12024.97241,86
12028.97241,87
12033.9723799,88
12042.9723799,87
12043.9723799,86
12049.9723799,85
12057.97241,88
12061.9723799,88
12067.97241,87
12070.9723799,88
12074.9723799,89
12078.9723799,88
12087.9723799,86
12089.9723799,87
12093.9723799,88
12102.97241,88
12104.9723799,88
12111.9723799,87
12117.97241,87
12122.9723799,87
12127.9723799,86
12132.97241,85
12133.97241,86
12138.9723799,87
12143.9723799,88
12151.9723799,88
12153.9723799,88
12162.9723799,86
12167.9723799,86
12170.9723799,87
12173.97241,87
12181.9723799,88
12184.9723799,88
12191.97241,87
12193.97241,88
12201.9723799,88
12205.9723799,88
12208.9723799,88
12217.97241,88
12220.9723799,88
12226.9723799,87
12232.97241,87
12234.9723799,88
12239.9723799,89
12243.9723799,89
12252.9723799,86
12255.9723799,86
12260.97241,87
12263.97241,88
12272.9723799,82
12275.9723799,84
12282.9723799,85
12286.9723799,86
12289.97241,86
12294.97241,87
12300.9723799,86
12303.9723799,85
12310.9723799,87
12315.9723799,88
12322.9723799,86
12323.9723799,86
12332.9723799,87
12334.9723799,87
12339.97241,87
12343.9723799,87
12351.9723799,88
12354.97241,88
12362.9723799,86
12364.9723799,87
12372.97241,87
12373.9723799,87
12382.97241,86
12383.9723799,87
12390.9723799,87
12396.97241,86
12398.97241,87
12404.9723799,88
12412.9723799,87
12415.97241,87
12420.9723799,87
12425.9723799,87
12432.9723799,85
12434.97241,86
12438.9723799,86
12445.97241,86
12448.9723799,86
12457.9723799,87
12460.9723799,87
12464.9723799,87
12469.9723799,88
12476.97241,87
12481.9723799,87
12487.97241,86
12489.9723799,86
12495.97241,86
12499.9723799,85
