-604769.57021,59
-604459.57204,59
-604164.32234,59
-603869.32302,59
-603569.07302,59
-603264.0731,58
-602948.8231,58
-602668.8231,57
-602368.57381,58
-602018.57436,56
-601743.32324,56
-601468.32324,57
-601153.19584,60
-600823.19471,60
-600483.19392,59
-600223.19392,57
-599833.19392,57
-599663.2012,56
-599268.2012,55
-598953.2012,55
-598758.20323,55
-598173.20423,54
-598076.70163,55
-597817.69729,57
-597525.19729,57
-597223.1933,56
-596968.19321,55
-596633.19286,55
-596363.19286,56
-596058.19319,56
-595768.19319,56
-595453.19316,57
-595163.19299,56
-594843.19318,55
-594483.19333,55
-594248.19329,55
-593958.19329,54
-593658.19329,54
-593322.19174,54
-593053.18893,55
-592628.18844,54
-592423.19111,54
-592168.19108,53
-591858.19108,55
-591499.1884,52
-591261.18843,51.9798431396
-591070.88001,53
-590950.88001,55
-590664.38001,53
-590337.75433,53
-590050.75433,53
-589770.75575,53
-589450.75855,54
-589165.76095,54
-588860.76097,56
-588570.75993,54
-588265.75996,54
-587950.76009,55
-587645.75974,54
-587366.75929,54
-587065.75932,54
-586770.75908,54
-586450.75908,55
-586120.7601,55
-585847.2601,55
-585375.1351,56
-585231.63609,56
-584955.38606,56
-584622.88606,56
-584190.13589,55
-583924.8859,55
-583764.8859,55
-583464.8859,55
-583157.13584,55
-582871.63996,53
-582409.51887,53
-582264.51887,54
-581964.51887,54
-581649.51917,53
-581264.51996,54
-581054.01996,54
-580679.39446,54
-580439.39449,54
-580160.14467,53
-579746.89425,53
-579567.39516,53
-579066.14516,54
-578900.14243,53
-578603.6373,54
-578193.38608,55
-578068.38608,55
-577529.76121,65
-577303.13635,58
-577123.13639,54
-576864.13639,53.9896240234
-576782.4568,54
-576341.95693,52
-576101.9566,52
-573345.71129,88
-573070.038,86
-572839.37086,86
-572672.30796,69
-572497.69326,86
-572442.63165,63
-572361.13242,61
-571928.1317,75
-571521.63111,63
-571246.63245,67
-570968.13084,82
-570801.02583,95
-570660.96378,81
-570444.35802,79
-570380.2955,77
-569793.79884,67
-568540.29715,65
-568356.79739,86
-567749.29825,70
-567075.29895,71
-566674.79869,73
-566468.79887,70
-565835.29885,76
-565497.29893,69
-565149.29898,56
-564857.79882,66
-564528.7992,73
-564386.0643,65
-564378.0643,67
-564376.0643,67
-564369.06433,70
-564365.0643,72
-564240.59552,68
-564236.59552,68
-564231.59552,64
-564228.59552,62
-564221.59552,62
-563948.40469,74
-563742.29868,118
-563548.62498,77
-563519.06284,69
-563291.57722,69
-563054.56463,75
-562605.95921,104
-562239.28851,105
-562031.22674,69
-561632.72724,74
-561488.72736,68
-561054.22773,66
-560672.04574,62
-560557.04568,57
-560132.04557,46
-559817.04773,62
-559563.54689,66
-559408.54713,70
-559169.93835,81
-558985.87784,65
-558582.37382,61
-558499.87051,67
-557799.36698,80
-557562.86676,75
-557343.36671,83
-556997.36642,90
-556574.86661,72
-556208.3667,84
-555974.1824,73
-555833.68226,89
-555272.18195,88
-555031.68193,69
-554965.68195,82
-554472.68173,74
-554364.68186,71
-553866.68278,66
-553550.18376,68
-553456.18619,77
-553005.68987,87
-552632.18444,64
-552505.18388,64
-551673.68444,55
-551527.18442,75
-551364.68426,61
-551012.68466,63
-550687.18635,63
-550295.18517,77
-549888.68483,84
-549299.68559,62
-549089.18569,79
-548723.68584,77
-548552.18595,83
-548206.18585,83
-547772.18588,74
-547542.49074,62
-547450.49065,76
-547095.49059,82
-546659.49062,87
-546543.9906,91
-546015.31153,78
-545772.31096,79
-545395.81191,71
-545073.81666,69
-544805.81163,64
-544485.31174,60
-544380.81195,68
-544093.31311,65
-543822.31127,62
-543414.18657,74
-543090.68698,66
-542785.06196,66
-542553.06201,61
-542240.06218,83
-541989.06216,80
-541589.00424,59
-541428.5031,59
-541079.00298,58
-540830.00266,53
-540389.5028,57
-540188.50282,54
-539933.50248,55
-539443.50316,55
-539171.003,56
-539022.00323,58
-538693.50371,58
-538321.00387,60
-538110.00424,57
-537578.50463,60
-537508.50463,55
-537001.00443,56
-536823.50473,55
-536418.50494,60
-536174.5048,57
-536024.00496,58
-535764.00547,56
-535189.50548,58
-535058.00502,73
-534618.0051,72
-534286.50561,61
-533987.00499,69
-533820.50551,64
-533558.50507,60
-533218.82498,60
-533035.32472,61
-532710.32532,76
-532320.32528,71
-531804.1536,69
-531569.65424,71
-530977.15768,65
-530753.15493,60
-530588.15509,55
-530256.15477,67
-529926.15519,65
-529540.65526,76
-529335.65542,62
-528900.15534,70
-528712.15503,68
-528484.15526,58
-528024.15546,71
-527855.97181,68
-527438.97192,70
-527128.47219,64
-526914.47207,63
-526613.47207,70
-526353.47189,59
-526159.97184,69
-525828.47169,67
-525403.47201,62
-525039.47196,70
-524865.97272,62
-524458.97231,76
-524134.47257,58
-524063.47229,70
-523725.97173,66
-523182.97173,80
-523092.97177,57
-522589.47156,66
-522473.47191,70
-521478.97174,59
-520763.4718,69
-520331.97162,78
-519877.47299,70
-519753.47271,62
-519563.47275,67
-519068.97339,64
-518938.47465,66
-518768.98619,66.6380615234
-518613.78988,67
-518168.29085,67
-518048.7913,78
-517512.79126,71
-517328.29144,67
-517018.79539,64
-516685.29355,61
-516371.79199,71
-516081.79148,67
-515781.79229,67
-515646.79271,68
-515349.79274,68
-515015.79186,70
-514761.79227,71
-514451.79227,72
-514161.79227,75
-513856.79226,75
-513441.79226,73
-513241.79232,72
-512941.79232,72
-512666.79249,74
-512296.79242,74
-511976.7925,74
-511766.7925,74
-511451.79324,75
-511041.79324,74
-510706.79297,69
-510566.79297,68
-510266.79341,69
-509856.79338,69
-509606.79335,72
-509361.79335,68
-509026.79332,67
-508691.79377,61
-508456.79377,60
-508136.79445,59
-507866.79465,59
-507546.79456,59
-507241.79456,60
-506846.795,60
-506666.795,59
-506341.795,60
-506046.79509,60
-505761.79406,60
-505466.79406,61
-505156.79499,61
-504861.79499,61.9354820251
-504795.10685,62
-504460.10581,63
-504235.10603,65
-503940.10603,65
-503670.10603,66
-503370.10588,65
-502850.10604,62
-502680.10604,58
-502465.10597,57
-502070.10591,57
-501755.1059,56
-501385.60599,55
-501256.60602,57
-500685.10781,52
-500580.10591,51
-500340.10592,54
-500070.1059,54
-499760.10613,54
-499450.10577,54
-499155.10577,54
-498850.10566,55
-498427.60566,54
-498255.10566,54
-497955.10573,55
-497605.10672,55
-497370.10691,54
-497065.10691,54
-496770.10741,54
-496430.10741,55
-496170.10745,55
-495870.10748,55
-495545.10748,56
-495210.1075,56
-494935.1075,55
-494640.60792,56
-494295.1078,54
-493905.10807,53
-493741.10807,57
-493439.10811,54
-493070.10811,55
-492632.60811,55
-492386.60826,54
-492150.10884,54
-491960.10884,56
-491620.10881,54
-491198.10881,55
-490970.11168,57
-490750.1159,56
-490461.62583,58.8505744934
-490290.94527,59
-490103.44528,56
-489848.44494,54
-489518.44491,54
-489267.44494,53
-488937.94689,54
-488628.44689,54
-488363.44689,55
-488060.44749,54
-487638.44755,57
-487453.47579,55
-487158.45234,55
-486782.95419,56
-486478.45419,56
-486070.95433,57
-485953.45433,56
-485663.45433,57
-485363.4562,56
-485048.45866,57
-484759.959,58
-484463.459,57
-484048.4572,57
-483733.45715,57
-483534.95764,57
-483173.45868,58
-472513.13788,105
-472497.07575,69
-472345.57659,66
-472147.46331,96
-472000.6665,98
-471890.47957,67
-471806.47981,66
-471482.00574,82
-470932.23095,63
-470746.45002,61
-470495.45017,71
-470048.70059,67
-469966.20091,62
-469496.73563,88
-469438.04861,71
-469237.54868,71
-469060.5489,72
-468619.92437,64
-468230.92507,66
-468117.9251,68
-467645.9251,73
-467341.92564,74
-467218.69126,68
-466810.19974,72
-466611.20009,63
-466357.20151,52
-466083.70164,72
-465737.57813,58
-465413.84513,95
-465313.78505,78
-465029.17507,91
-464912.61342,82
-464665.61404,83
-464536.61568,86
-463869.71123,89
-463615.20555,88
-463298.70372,95
-462874.39822,100
-462506.67328,92
-462319.11188,84
-462158.61198,84
-461733.1131,87
-461422.11312,84
-461196.59733,68
-460711.71003,82
-460511.49882,95
-460424.31179,69
-460146.3118,86
-459942.62872,83
-459641.12853,88
-459476.62854,90
-459241.91335,94
-458818.91341,106
-457544.35148,75
-457377.85136,76
-456963.85093,72
-456589.85121,76
-456521.01488,75
-456516.01488,76
-456511.01485,76
-456510.01488,76
-456501.01488,78
-456237.27718,63
-456068.27698,74
-455687.77693,80
-455418.27657,77
-455180.77693,77
-454477.7761,72
-454144.77514,58
-453968.65026,60
-453660.15,72
-453311.52488,83
-452247.52809,75
-451142.02841,69
-450781.02854,71
-450245.24769,60
-449962.24752,71
-449854.74749,75
-449526.24938,64
-448778.24792,82
-448419.7481,59
-448347.74807,64
-448047.74742,68
-447342.7621,97
-447337.76206,97
-447333.7621,79
-447328.7621,80
-447324.7621,81
-447299.19993,74
-447016.69929,74
-446745.96618,74
-446525.47312,59
-446165.4661,65
-445813.46622,74
-445459.27873,63
-445128.27885,72
-445042.27882,78
-444740.77861,69
-444333.27851,61
-444010.27873,77
-443699.77989,69
-443391.27976,75
-443247.27976,67
-442892.78005,66
-442413.7802,79
-442337.28017,72
-441824.27981,71
-441540.78023,78
-441424.28011,79
-441011.78235,70
-440771.7804,68
-440082.12822,73
-440000.62825,73
-439578.12812,69
-439249.6281,72
-439052.12828,66
-438809.62831,73
-438217.65342,72
-438110.65355,73
-437902.15453,67
-437387.62912,72
-437118.6294,74
-436897.12903,67
-436647.62924,68
-436353.12902,68
-435918.62929,65
-435802.62911,64
-435451.62943,67
-435120.63136,67
-434716.1294,69
-434554.1294,70
-434143.12937,70
-433835.62937,71
-433675.12937,69
-433172.62909,71
-433063.12909,69
-432723.12909,67
-432438.12909,68
-432029.44571,66
-431811.44571,66
-431568.44571,70
-431387.94584,73.1445159912
-431201.74678,72
-430841.24619,71
-430663.74616,71
-430250.24671,72
-429891.74671,75
-429668.74618,70
-429504.7465,69
-429038.2484,64
-428872.74833,76
-428575.24877,68
-428094.74872,69
-427967.24899,65
-427521.75007,74
-427078.24919,66
-426718.24942,61
-426480.74981,64
-425129.49879,74
-423227.50649,70
-423137.5065,66
-422842.50618,61
-422597.50618,62
-422297.50671,62
-421992.50674,63
-421602.5064,62
-421407.50622,59
-421097.50622,60
-420722.50622,60
-420392.50671,60
-420132.50671,60
-419807.38178,60
-419522.88175,56
-419155.13184,105
-418786.63162,116
-418690.63162,112
-418312.38199,125
-418127.38199,61.9354820251
-417899.57771,125
-417617.07881,122
-417276.32747,125
-417120.32747,62
-416904.82756,63
-416584.70256,62
-416309.70278,62
-415989.70304,62
-415704.70304,62
-415359.70304,62
-415099.70306,63
-414799.20342,58
-414489.70327,59
-414009.70357,60
-413799.70357,61
-413561.20357,61
-413029.70377,58
-412879.70377,58
-412509.70377,58
-412402.7088,58
-411984.2088,58
-411739.2088,55
-411364.20583,56
-411135.70406,54
-410874.20407,55
-410409.70471,55
-410304.70471,56
-409994.70471,55
-409709.70454,55
-409409.70454,56
-409104.70523,56
-408539.70553,58
-408332.20553,57
-408194.70553,55
-407744.70587,56
-407609.70587,57
-407160.20638,55
-406929.70825,58
-406547.70825,55
-406149.70599,54
-406074.70599,54
-405544.7054,44
-405215.58049,56
-405009.58028,54
-404904.58025,53
-404599.45528,55
-404309.45573,55
-403949.95656,54
-403726.45656,55.6521720886
-403597.77679,55
-403372.7768,57
-402991.7768,59
-402792.7768,56
-402507.7772,56
-402207.7772,57
-401849.79215,60
-401592.7793,56
-401253.77927,55
-401001.7793,55
-400677.77732,55
-400402.77732,56
-400102.77694,57
-399797.77733,57
-399497.77727,58
-399086.7771,58
-398887.77732,57
-398597.77747,57
-398297.77747,57
-397792.77756,57
-397489.27762,55
-397181.27746,57
-396907.77746,60
-396762.77769,59
-396507.77769,60
-396171.77804,62
-395872.77805,56
-395496.77799,58
-395267.77793,55
-394996.77793,53
-394612.77793,53
-394392.78303,53
-394089.78303,53
-393792.783,54
-393502.77896,55
-393197.77896,55
-392797.77855,56
-392582.77873,56
-392306.77874,54
-391977.77884,54
-391687.8246,54
-391392.77923,60
-386640.46102,62
-386561.46025,57
-386009.88407,63
-385894.38412,68
-385551.38428,72
-385185.20473,68
-385089.70472,67
-384541.70471,61
-384420.2052,67
-384180.59492,95
-383975.91892,84
-383800.24357,97
-383650.18077,68
-383583.68077,67
-383276.18059,62
-382851.18073,68
-382457.18075,82
-382295.68066,73
-381926.68038,83
-381720.18064,93
-381499.18002,73
-381056.6797,88
-380618.17904,78
-380502.68198,92
-379731.50705,94
-379589.00699,85
-378969.83412,77
-378562.83415,78
-378233.83334,89
-378145.33326,63
-377905.83284,83
-377593.83279,85
-377220.2258,95
-376861.16398,67
-376550.99468,60
-376095.81687,74
-375622.31904,79
-375426.31877,83
-375165.2161,92
-374908.53763,89
-374721.97533,70
-374417.87228,89
-374329.81137,85
-374276.31137,85.3333358765
-374141.57901,82
-373863.07785,87
-373547.47236,92
-373531.41023,73
-373305.41025,83
-373141.80423,137
-372819.071,102
-372597.57062,66
-372394.57051,76
-371648.57103,75
-371393.5709,78
-371019.57138,79
-370944.57136,77
-370551.07095,71
-370346.57106,75
-369909.57087,79
-369744.07103,76
-369419.07122,77
-369151.57468,75
-368774.57145,70
-368572.57178,70
-368150.57147,70
-367964.57269,69
-367484.57109,75
-367177.57226,76
-367059.57152,72
-366755.07166,85
-366349.07161,73
-366031.0714,85
-365642.57214,92
-365376.07218,78
-365166.5723,90
-364877.07292,85
-364583.07294,91
-364229.07289,77
-363824.07294,82
-363580.57302,78
-363492.57274,70
-362921.07309,66
-362733.0729,72
-362431.07309,76
-362104.57327,71
-361845.0734,68
-361496.07329,74
-361182.57336,77
-361050.0729,74
-360775.57514,96
-360353.57259,67
-360188.07284,68
-359881.57328,66
-359337.57349,73
-359141.39367,78
-358953.39389,70
-358498.39456,70
-358244.89476,69
-358047.89456,57
-357543.89435,68
-357403.39728,78
-340715.6865,71
-340652.64955,71
-340319.64891,72.7962112427
-340190.96568,68.5714263916
-340125.28229,73
-339901.28257,71
-339795.28266,69
-339468.28254,68
-339139.28468,68
-338720.15965,66
-338600.15981,66
-338166.53501,68
-337960.53529,69
-337700.03575,71
-337390.03606,71
-337105.03364,72
-336805.03365,72
-336460.0335,70
-336165.03367,68
-335880.036,69
-335570.03392,71
-335307.53394,71
-334755.0338,67
-334654.90874,68
-334379.90877,69
-334089.65905,70
-333804.65905,70
-333439.53394,68
-333209.53355,66
-332764.53406,68
-332519.57087,67
-332299.53413,62
-331864.53385,63
-331714.53392,63.6027565002
-331605.84642,61
-331396.84622,60
-331087.84622,61
-330797.84651,60
-330307.84635,56
-330144.84635,58
-329896.8466,58
-329323.34686,57
-329202.84686,56
-328880.84686,56
-328638.34704,55
-328360.34947,55
-328104.34947,56
-327567.84695,56
-327427.84695,59
-327192.84692,58
-326902.84708,57
-326607.84708,57
-326277.85657,56
-325977.85218,57
-325692.85218,57
-325122.84786,56
-324972.84786,56
-324798.34755,55
-324429.8477,56
-324020.84679,57
-323803.84642,58
-323589.34639,57
-323193.34642,57
-322996.84642,58
-322669.50492,57
-322409.50617,55
-322086.0173,57
-321794.51153,58
-321489.50733,60
-321191.50673,58
-320869.50644,59
-320604.50635,59
-320284.50635,59
-320009.5059,60
-319704.50595,60
-319409.50595,60
-319094.50622,60
-318799.50615,61
-318449.50624,60
-318194.50621,58
-317894.50643,59
-317459.50618,60
-317329.50656,59.0769233704
-317199.32281,56
-316993.32281,62
-316678.32281,58
-316308.32301,56
-316038.32345,57
-315768.32345,54
-315353.32289,55
-315178.32285,56
-314908.32285,56
-314593.32285,56
-314303.32617,57
-314008.32617,57
-313653.32318,58
-313388.33431,57
-313103.3262,57
-312808.3262,58
-312423.324,57
-312201.82562,58
-311845.82562,57
-311608.32409,57
-311223.32419,57
-310973.32416,58
-310483.32443,65
-310383.32503,63
-309953.32426,58
-309743.32447,57
-309393.32447,56
-309108.32454,57
-308893.32454,57
-308578.32457,58
-308293.3245,58
-307978.32447,60
-307708.32451,61
-307398.32451,60
-307083.32525,60
-306753.32521,59
-306448.32521,59
-306148.32516,59
-305883.32535,59
-305593.32535,60
-305182.70018,60
-304998.20018,62
-304560.95089,59
-304296.95069,63
-304037.82715,66
-303787.82652,69
-303467.8269,66
-303100.82885,66
-302892.82899,66
-302882.82899,69.0340576172
-302541.63994,68
-302192.12739,64
-301720.62959,71
-301654.12893,64
-297954.02465,76
-297649.53037,72
-297221.52501,63
-297006.11089,91
-296934.54876,81
-296763.0484,84
-296417.43877,86
-296382.3765,78
-296278.3768,63
-295705.87646,82
-295132.37679,88
-295006.87679,81
-294464.68873,95
-294314.41128,96
-294149.3492,95
-293832.75628,100
-293031.40216,107
-292401.17072,102
-292174.90716,96
-292102.84497,96
-290801.38823,89
-289479.89042,88
-289196.89055,81
-289034.39051,82
-288763.39064,74
-288269.39013,80
-288041.89082,74
-286889.38945,74
-286587.40549,78
-286582.40549,78
-286580.40549,77
-286447.96826,86
-286443.96826,83
-286438.96826,84
-286435.96826,84
-286430.96826,81
-286413.89832,80
-286169.89816,84
-286040.39807,85
-285315.71934,81
-284980.71948,82
-284065.71936,95
-283894.21941,90
-283524.71951,77
-283154.09449,81
-282722.46957,112
-281702.97094,131
-281521.97094,87
-281174.6342,82
-280803.13435,76
-280141.63936,77
-280052.1358,78
-279490.13466,74
-278983.6351,81
-278732.63518,69
-278493.63532,88
-278305.6356,87
-277922.63563,62
-277473.63565,78
-277408.13585,81
-277066.63551,86
-276378.63602,75
-276031.13659,70
-275875.63605,68
-275594.13569,68
-274819.63568,78
-274636.63667,71
-274375.13619,74
-274003.63656,76
-273612.95805,78
-273310.95702,73
-272917.45724,75
-272332.71894,74
-272181.7193,79
-271724.71911,68
-271570.21939,64
-271255.21929,74
-270924.71947,97
-270545.71898,81
-270445.21928,76
-265958.97473,68
-265477.2321,79
-265170.23291,74
-265004.73258,76
-264635.7329,79
-264443.73328,75
-263445.73284,77
-263246.73267,76
-262125.73267,79
-261955.73264,88
-261711.73345,86
-261262.23601,78
-261140.73622,89
-260860.23667,85
-260098.73856,77
-259969.73856,77
-259693.23911,76
-259675.23911,75.6650238037
-259252.05646,74
-259042.55673,75
-258626.55728,74
-258307.55833,74
-258193.05839,77
-257748.05916,86
-257337.05483,83
-256770.06742,78
-256551.05057,75
-256199.04826,74
-256008.67372,70
-255630.04866,69
-255509.04843,68
-255199.04915,66
-254853.05002,65
-254452.05054,67
-254253.05135,67
-254003.05119,70
-253693.05119,71
-253403.05166,71
-253098.05231,71
-252803.05233,71
-252508.05234,73
-252158.05289,76
-251908.0531,77
-251603.05297,79
-251288.05461,79
-251003.05296,78
-250703.05238,77
-250393.05203,72
-250108.05232,70
-249798.05213,69
-249498.05226,70
-249203.05251,68
-248908.05229,68
-248585.55232,68
-248298.05226,66
-248003.05226,65
-247683.05231,66
-247361.05235,70
-247073.05235,69
-246788.0522,70
-246508.05301,67
-246173.05336,65
-245893.05349,63
-245608.05371,62
-245328.05353,59.7665367126
-245261.87013,60
-244956.87034,60
-244706.87034,60
-244401.87034,60
-244036.87014,63
-243796.86966,61
-243501.86969,61
-243201.87007,61
-242870.36978,61
-242593.37016,59
-242256.87017,58
-241971.87014,57
-241698.3703,56
-241354.37011,57
-241101.87082,55
-240806.87038,55
-240417.3705,55
-240201.87071,55
-239896.87074,55
-239566.87046,56
-239266.87099,56
-239006.87088,56
-238701.87085,55
-238366.87069,57
-237871.87072,57
-237756.87072,56
-237487.87072,53
-237111.87113,55
-236840.87137,57
-236561.87119,55
-236170.3715,54
-235991.87152,54
-235707.3713,53
-235406.8713,53
-235104.87179,54
-234796.87179,55
-234506.87187,56
-234176.87213,56
-233901.87213,56
-233606.87213,56
-233291.87233,56
-232981.8722,55
-232701.87255,57
-232396.87242,56
-232106.87242,57
-231791.8727,57
-231391.87271,56
-231162.87277,56
-230906.87302,54.3718528748
-230804.69306,56
-230564.6935,56
-230309.6935,56
-229919.69355,53
-229662.69357,56
-229389.69379,56
-228949.69337,53
-228799.69347,56
-228504.69319,55
-228178.69323,56
-227909.69352,56
-227599.69359,55
-227179.69372,55
-226939.69346,55
-226684.69379,55
-226394.69379,55
-225952.19388,57
-225799.69395,57
-225474.69591,56
-225194.69422,56
-224844.69444,55
-224479.69441,55
-224309.69439,56
-223874.69458,57
-223664.69463,57
-223394.69603,55
-223104.69477,57
-222774.69468,59
-222229.19596,63
-222159.69596,63
-221784.19514,62
-221564.69549,62
-219235.51335,87
-218996.90778,86
-218863.34447,81
-218553.34531,72
-218271.23527,85
-218018.56181,92
-217717.99939,83
-217261.00277,79
-216848.00304,73
-213595.44665,62
-211983.06211,96
-211401.24558,70
-202435.60916,96
-202433.6092,95
-202425.6092,92
-202422.6092,92
-202415.6092,87
-202379.48847,73
-202292.26506,80
-202287.26506,80
-202284.26506,81
-202279.26506,79
-202278.26506,79
-202226.47415,83
-202223.47415,83
-202218.47415,86
-202214.47415,86
-202212.47415,87
-202077.46096,94
-202074.46096,92
-202070.46096,86
-202064.46096,82
-201973.57001,100
-201969.57001,98
-201964.57001,94
-201960.57001,93
-201936.62486,94
-201932.62483,97
-201927.62486,98
-201925.62483,97
-201917.62486,95
-201886.44133,86
-201882.44133,98
-201877.44133,97
-201876.4413,97
-201867.44133,88
-201595.66439,69
-201227.66461,65
-200785.66523,73
-200323.66555,72
-200096.16536,98
-199788.9819,56
-199588.4819,75
-199273.98211,77
-198832.98198,71
-198751.98194,82
-197912.98185,85
-197405.98214,69
-197158.48284,92
-196773.48229,63
-196355.68869,80
-193462.95742,65
-193259.45786,64
-193020.9592,70
-192557.45808,74
-192221.45872,56
-191959.95801,68
-191670.95828,73
-191487.45829,70
-191313.45827,70
-190924.46756,67
-190689.45853,68
-190239.95871,64
-189963.45838,69
-189518.45887,65
-189338.96521,73
-188990.45902,64
-188645.45875,63
-188378.45868,64
-188315.46435,65
-187905.95805,75
-187494.3479,84
-187364.2861,57
-187020.78432,50
-186747.67396,98
-186261.43858,69
-186181.93821,72
-185748.24943,57
-185518.74858,57
-185285.24872,57
-185018.63782,88
-184826.96467,96
-183950.90941,78
-183790.29959,86
-183765.73745,80
-183277.63184,76
-183054.56975,84
-182869.57094,74
-182569.07083,72
-182086.90476,84
-181891.90483,74
-181053.22935,80
-180615.73003,83
-178453.23271,87
-170120.18982,85
-169996.68983,58
-169487.69171,67
-169291.69088,67
-169271.69088,65.0847473145
-169140.01137,65.922744751
-169013.32803,64
-168813.32803,60
-168488.32801,60
-168173.32801,60
-167893.3277,56
-167613.32847,56
-167313.32847,57
-167003.32847,57
-166698.32863,57
-166413.32812,57
-166088.32782,58
-165813.32769,58
-165513.32769,61
-165203.32821,62
-164913.32742,62
-164568.32681,62
-164303.32684,60
-164013.32649,60
-163703.32649,63
-163383.32649,64
-162998.32667,63
-162788.32667,62
-162458.32642,62
-162193.32545,63
-161838.3248,65
-161528.3248,66
-161308.32458,64
-160943.32458,61
-160713.32458,61
-160413.3281,59
-160083.3281,59
-159803.3281,60
-159363.3365,58
-159203.3365,57
-158878.33594,57.1011619568
-158786.64871,58
-158616.64816,58
-158316.64816,58
-158006.64767,58
-157711.64856,58
-157381.64483,63
-157093.14456,59
-156747.64542,59
-156280.14542,53
-156066.64494,58
-155836.64411,59
-155611.64602,60
-155131.64272,61
-155011.6467,62
-154691.6467,60
-154361.64484,61
-154051.64339,59
-153677.14339,60
-153486.64188,60
-153216.64209,60
-152906.64209,61
-152607.14268,62
-152136.64268,47
-151785.6432,40
-151566.64322,58
-151270.64341,63
-151058.64341,58
-150746.64341,58
-150501.64353,57
-150191.64232,58
-149896.64235,59
-149616.64189,59
-149316.64189,59
-149016.6421,60
-148716.64213,60
-148406.64213,60
-148106.64229,61
-147781.64188,60
-147516.64188,59
-147196.64199,59
-146916.64196,59
-146606.64159,57
-146246.64184,58
-146006.64188,58
-145581.64235,54
-145391.64235,58
-145028.64978,56
-144771.65092,57
-144526.65185,56.3671646118
-144443.45668,58
-144209.957,57
-143874.957,57
-143584.95713,57
-143314.95711,56
-143014.95711,57
-142714.95711,56
-142409.95726,58
-142109.95726,57
-141789.95726,58
-141514.95582,58
-141184.95587,59
-140904.95583,60
-140604.95593,61
-140290.95455,71
-139862.95457,69
-139548.95436,69
-139359.955,65
-138944.95664,62
-138678.95701,61
-138262.95702,74
-138034.95384,71
-137712.45332,67
-137365.9533,67
-137144.9533,66
-137001.45391,63
-133374.9609,84
-132835.33123,64
-132614.33112,78
-132513.83102,73
-132043.83117,70
-131888.33127,67
-131406.72223,87
-131026.36433,70
-130839.3648,70
-130552.1298,98
-130480.56821,79
-130326.4622,98
-129836.11972,82
-129818.55762,73
-129669.05555,72
-129313.37168,75
-129041.37181,72
-128654.87143,61
-128590.37162,84
-128556.3716,73.3178405762
-128026.66902,73
-127833.66846,77
-127421.66916,71
-127296.294,71
-127035.16913,67
-126794.66927,57
-126424.66949,63
-125953.66963,67
-125622.1698,55
-125468.66953,70
-125247.6697,65
-124766.67109,65
-124509.67112,68
-124369.67113,69
-123975.6688,58
-123804.66883,67
-123156.23506,101
-122936.55911,118
-122758.8879,107
-122423.82396,67
-122023.82374,60
-121457.83025,71
-121364.33025,71
-120818.32303,68
-120696.82415,62
-120245.32318,72
-120169.32318,62
-119798.82431,65
-119510.82459,69
-118447.65772,62
-118376.65772,67
-117010.65987,72
-116743.65984,71
-116568.16057,78
-116257.16085,80
-115137.66291,80
-114857.66249,84
-114630.66139,77
-114477.6617,81
-114149.46162,88
-113549.46241,60
-113080.46248,80
-112749.46294,80
-112594.83772,70
-112460.96198,72.7962112427
-112312.27453,73
-111643.27535,68
-111444.27544,71
-110953.27517,71
-110858.275,74
-110313.27656,64
-108870.77792,51
-108705.77887,70
-108511.77846,77
-107948.2814,73
-107623.77908,76
-107561.27904,70
-107021.77914,90
-106505.28018,72
-106147.78072,68
-106009.77981,89
-105799.28025,75
-105429.28023,80
-105136.78023,78
-104658.27976,67
-104354.77944,80
-104236.77967,82
-103997.2797,64
-103476.77832,64
-103190.27817,77
-102912.27817,78
-102567.77887,75
-102315.77887,76
-102173.27887,77
-101916.27879,80
-101449.27823,76
-101276.27823,84
-100733.12271,76
-100631.11001,80
-100396.09695,60
-99994.8385501,77
-99552.8390601,60
-99296.3376601,70
-99126.8371899,77
-98821.8373101,84
-98408.33707,85
-98066.8364,71
-97861.8353901,90
-97565.8356199,79
-97342.3353601,81
-96964.8352499,91
-96769.8355701,80
-96317.33582,73
-95981.83534,84
-95405.3373599,101
-95255.83515,78
-94253.3356199,75
-94092.33868,85
-93395.3418801,94
-92906.83918,77
-92299.3403101,81
-91167.83974,73
-90326.8428099,76
-89863.8412099,79
-89391.34323,95
-88799.84408,91
-88421.84181,81
-88231.3417399,82
-87962.8417599,80
-87026.8453901,94
-86695.8458099,83
-86484.8459301,82
-86053.1554501,86
-85835.6554301,79
-85600.1659601,80
-85402.66679,78
-84327.17085,78
-84073.1719301,83
-83054.54444,75
-82992.54444,74
-82842.5446,74.2028961182
-82693.37272,76
-82315.87061,76
-82103.8652301,82
-81914.88062,82
-81910.88059,83
-81905.88062,85
-81900.88062,84
-81898.88062,84
-81893.88062,84
-81889.88062,84
-81528.60215,86
-81434.10215,80
-81204.6025,78
-80737.60285,76
-80614.60285,77
-80267.60286,76
-79863.1049199,76
-79648.6049199,78
-79394.6033599,78
-78999.6033299,78
-78815.6004901,76
-78504.5989101,78
-78141.11467,76
-77737.5962999,77
-77577.5962801,76
-77269.5962801,77
-76931.09604,77
-76709.59659,75
-76363.0973201,74
-76109.5973201,74
-75809.5971799,73
-75509.59811,73
-75194.5980799,69
-74879.59778,70
-74609.59776,71
-74294.5963299,71
-74009.09497,71
-73674.59497,70
-73414.59497,69
-73079.5922,69
-72804.5922,71
-72529.59412,73.4928207397
-72343.4038,75
-72196.9010301,71
-71758.4010301,72
-71523.4010301,73
-71268.0252099,71
-70928.3994601,68
-70703.3994601,67
-70413.4005699,68
-70108.4005699,68
-69758.3994501,66
-69488.39973,68
-69203.39973,68
-68903.39856,69
-68563.3987801,69
-68278.3987801,69
-68008.3987801,70
-67713.40046,70
-67238.40046,68
-67033.40046,67
-66763.40011,68
-66445.90011,67
-66208.3996501,65
-65912.40591,67
-65603.40591,67
-65278.41436,69
-64993.4147799,68
-64703.4154501,67
-64403.41589,66
-63998.4163899,62
-63775.9163899,65
-63473.4163301,63
-63128.4180701,66
-62878.41804,63
-62470.41713,64
-62298.41729,64
-61983.41729,64
-61663.9145701,63
-61378.41046,65
-61068.41049,63
-60731.41049,61
-60443.4100599,61
-60098.4101501,62
-59898.4101501,63
-59578.4100101,64
-59293.4087601,64
-58988.4070499,65
-58713.4067099,65
-58273.4064801,64
-58128.4064801,64
-58031.2227399,65
-57816.22246,65
-57516.22246,64
-57196.22246,65
-56786.22788,64
-56576.2272799,63
-56293.2271399,61
-55940.7272301,61
-55691.2269499,60
-55374.22703,59
-55081.22683,61
-54816.22683,62
-54491.2291999,62
-53946.22767,69
-53759.2274101,71
-53411.2275901,77
-53039.7286,71
-52846.2286,70
-52536.2290399,69
-52268.2265,70
-51971.22682,71
-51660.2270401,75
-51377.7334599,66
-50934.7411499,73
-50761.2365301,65
-50402.7355599,61
-50293.7355599,72
-46479.8651099,109
-46313.18542,100
-46140.5137999,95
-45951.8419499,82
-45899.2800701,73
-45675.7780001,75
-45331.77753,79
-44976.27707,84
-44843.77707,88
-44369.77701,83
-44067.7762899,97
-44001.77619,84
-43462.27548,88
-43174.2760799,88
-42902.7765601,85
-42558.7772999,66
-42157.16343,90
-42119.6012599,76
-42082.10129,71.111114502
-41665.9138,79
-41376.4146299,69
-41034.94011,77
-40925.42641,70
-40613.9216199,71
-40353.9216199,65
-39835.91558,74
-39772.91571,73
-39431.9158299,81
-39006.4158001,78
-38690.4166701,88
-38429.41628,72
-38237.41628,75
-37728.41747,74
-37430.91606,66
-37133.4159501,64
-36948.41576,66
-36790.9177799,64
-36440.91608,64
-36171.91611,65
-35864.91606,69
-35369.9161601,72
-35257.41588,70
-34849.74406,79
-34528.2441499,67
-34169.24455,71
-33858.24453,61
-33685.8726001,76
-33450.2464001,73
-33078.2465401,71
-32657.2467201,73
-32595.2467201,75
-32159.7472799,69
-31718.2474101,66
-31630.7579601,70
-31204.7477601,71
-31099.2477601,69
-30656.24821,63
-30396.2481599,70
-30096.2482901,75
-29781.74844,67
-29344.7505701,68
-29252.2469599,73
-28775.0672801,69
-28681.0671699,71
-27884.78984,103
-26671.0610499,76
-26327.55934,76
-26134.5592301,67
-25955.55919,82
-24988.85991,73
-24524.8611901,74
-24472.2508399,78
-24468.25087,78
-24466.25087,75
-24458.2508399,66
-24454.25087,68
-24449.25087,70
-24447.25087,71
-24438.2508399,65
-24436.2508399,65
-24432.25087,70
-24424.25087,74
-24419.25402,77
-24417.25402,75
-24408.25405,62
-24405.25405,65
-24399.25405,71
-24393.25405,70
-24391.25405,70
-24383.25405,66
-24381.25402,65
-24377.25405,66
-24372.25405,67
-24367.25405,68
-24359.25405,73
-24357.25405,75
-24352.25405,80
-24343.25405,80
-24339.25405,79
-24336.25405,79
-24331.25405,76
-3583.00648999,97
-3218.83848,63
-2957.83821988,65
-2887.21321988,64
-2634.21321988,64.8101272583
-2424.90079999,66
-2232.40074992,66
-1978.9010601,71
-1900.79162002,74
-1896.79162002,74
-1892.79158998,75
-1890.79158998,76
-1882.79158998,76
-1876.79162002,74
-1871.79162002,74
-1866.79162002,75
-1865.79158998,75
-1856.79162002,77
-1851.79162002,79
-1846.79550004,80
-1841.79553008,81
-1840.79553008,81
-1835.79553008,79
-1826.79553008,77
-1821.79553008,77
-1820.79553008,78
-1815.79553008,79
-1806.79553008,82
-1801.79553008,80
-1796.79553008,81
-1795.79553008,81
-1790.79553008,81
-1781.79553008,84
-1776.79553008,84
-1771.79553008,82
-1770.79550004,82
-1761.79553008,79
-1760.79550004,79
-1755.79553008,81
-1750.79553008,79
-1741.79553008,70
-1736.79553008,69
-1733.79553008,69
-1729.79553008,71
-1722.79550004,71
-1720.79550004,70
-1712.79550004,67
-1710.79553008,67
-1702.79550004,68
-1698.79553008,68
-1695.79553008,68
-1687.79553008,68
-1681.79550004,68
-1678.79553008,68
-1674.79553008,68
-1670.79550004,66
-1665.79553008,66
-1656.79553008,68
-1651.79553008,67
-1649.79550004,67
-1641.79553008,69
-1638.79550004,68
-1631.79553008,69
-1629.79553008,70
-1621.79553008,71
-1616.79553008,71
-1615.79553008,70
-1610.79553008,70
-1604.79553008,71
-1600.79553008,75
-1593.79553008,78
-1590.79550004,76
-1581.79553008,71
-1578.79553008,69
-1575.79553008,72
-1569.79553008,78
-1561.79553008,80
-1556.79550004,77
-1551.79553008,74
-1549.79550004,75
-1544.79550004,79
-1540.79550004,79
-1533.79553008,77
-1529.79553008,76
-1525.79553008,74
-1517.79553008,76
-1512.79553008,75
-1507.79550004,74
-1503.79553008,73
-1496.79553008,71
-1491.79553008,72
-1489.79550004,71
-1483.79550004,70
-1476.79553008,71
-1471.79550004,71
-1468.79553008,71
-1465.79553008,69
-1458.79553008,70
-1452.79553008,72
-1449.79553008,71
-1445.79553008,71
-1440.79553008,69
-1433.79553008,69
-1430.79550004,70
-1423.79550004,74
-1416.79550004,70
-1415.79553008,70
-1407.79553008,68
-1404.79553008,68
-1400.79550004,71
-1395.79550004,73
-1387.79553008,81
-1385.79553008,80
-1377.79553008,82
-1372.79553008,80
-1369.79553008,81
-1361.79550004,76
-1356.79553008,76
-1353.79550004,78
-1349.79553008,77
-1345.79553008,76
-1336.79553008,80
-1335.79553008,79
-1326.79553008,77
-1321.79553008,78
-1316.79550004,76
-1315.79553008,76
-1306.79553008,76
-1302.79553008,77
-1300.79550004,76
-1291.79553008,81
-1289.79553008,81
-1282.79550004,82
-1280.79553008,81
-1274.79553008,77
-1270.79550004,76
-1261.79553008,75
-1256.79553008,72
-1255.79553008,72
-1248.79550004,74
-1241.79550004,75
-1240.79553008,74
-1234.79553008,73
-1230.79550004,72
-1221.79550004,74
-1216.79550004,78
-1211.79553008,80
-1208.79553008,80
-1201.79550004,78
-1197.79553008,76
-1195.79553008,75
-1189.79550004,74
-1181.79553008,72
-1176.79553008,72
-1175.79553008,72
-1170.79553008,74
-1165.79553008,75
-1160.79553008,74
-1151.79553008,75
-1149.79550004,75
-1141.79553008,77
-1140.79550004,75
-1131.79553008,73
-1128.79553008,73
-1125.79553008,74
-1120.79550004,76
-1112.79553008,76
-1107.79553008,80
-1105.79553008,80
-1100.79553008,81
-1091.79553008,76
-1090.79550004,76
-1085.79553008,76
-1080.79553008,76
-1071.79550004,76
-1068.79553008,76
-1061.79550004,75
-1060.79553008,75
-1053.79553008,76
-1047.79550004,76
-1042.79553008,76
-1040.79550004,76
-1035.79553008,79
-1030.79550004,79
-1025.79553008,82
-1016.79550004,80
-1011.79553008,76
-1009.79553008,75
-1005.79553008,75
-996.79550004,78
-991.795530081,78
-987.795530081,77
-982.795530081,75
-978.795530081,76
-975.79550004,76
-968.795530081,78
-965.795530081,77
-960.795530081,78
-951.79550004,79
-950.795530081,80
-941.795530081,80
-936.795530081,81
-934.795530081,81
-929.79550004,78
-923.795530081,73
-916.795530081,71
-914.795530081,71
-907.795530081,75
-905.795530081,76
-897.79550004,78
-891.795530081,78
-889.795530081,77
-881.79550004,71
-877.795530081,71
-872.795530081,72
-869.795530081,75
-865.795530081,77
-860.795530081,78
-853.79550004,77
-846.795530081,76
-845.795530081,76
-840.79550004,75
-832.795530081,74
-826.79550004,71
-825.79550004,71
-820.79550004,74
-811.795530081,76
-806.795530081,75
-801.795530081,74
-797.79550004,75
-795.795530081,74
-786.79550004,73
-781.795530081,73
-780.79550004,73
-771.795530081,76
-767.795530081,77
-762.795530081,77
-760.795530081,78
-753.795530081,81
-746.795530081,81
-745.79550004,81
-738.795530081,82
-731.795530081,80
-726.795530081,79
-725.79550004,79
-719.795530081,78
-711.795530081,80
-710.795530081,81
-705.795530081,83
-696.79550004,86
-691.79550004,81
-687.79550004,80
-682.795530081,79
-680.795530081,80
-674.795530081,84
-670.79550004,81
-661.795530081,77
-660.795530081,77
-653.795530081,75
-649.795530081,74
-643.795530081,74
-637.795530081,75
-633.795530081,73
-627.795530081,72
-624.795530081,71
-616.795530081,69
-615.795530081,70
-608.795530081,69
-602.79550004,69
-600.795530081,69
-591.795530081,67
-587.795530081,67
-582.79550004,67
-579.795530081,67
-572.795530081,70
-566.79550004,70
-562.795530081,68
-558.795530081,68
-555.79550004,66
-547.79550004,65
-541.795530081,67
-540.79550004,67
-535.79550004,66
-526.795530081,64
-521.795530081,64
-519.79550004,64
-511.795530081,66
-507.795530081,65
-504.79550004,65
-500.795530081,65
-494.795530081,65
-489.795530081,67
-485.795530081,67
-476.79550004,71
-471.79550004,70
-469.79550004,70
-462.795530081,71
-460.795530081,71
-451.795530081,67
-450.795530081,66
-442.795530081,66
-438.795530081,66
-431.795530081,65
-427.79550004,66
-425.795530081,65
-416.795530081,64
-414.795530081,64
-408.79550004,63
-405.795530081,64
-396.795530081,63
-395.79550004,63
-387.795530081,67
-381.795530081,67
-378.79550004,67
-371.795530081,67
-370.795530081,66
-361.79550004,66
-360.79550004,66
-351.795530081,69
-350.795530081,68
-344.79550004,67
-336.795530081,70
-334.795530081,69
-326.795530081,64
-321.79550004,65
-316.79550004,67
-314.795530081,66
-306.795530081,65
-305.795530081,66
-300.79550004,68
-292.795530081,74
-286.795530081,78
-285.795530081,77
-276.795530081,67
-271.795530081,68
-268.795530081,68
-265.79550004,67
-256.795530081,62
-252.79550004,63
-247.79550004,63
-244.795530081,64
-237.795530081,64
-231.79550004,62
-229.795530081,62
-225.795530081,63
-219.79550004,62
-215.795530081,61
-207.795530081,61
-205.79550004,61
-196.795530081,59
-194.795530081,59
-188.79550004,61
-181.795530081,61
-178.795530081,61
-171.795530081,65
-169.795530081,67
-165.795530081,63
-156.795530081,60
-154.795530081,60
-148.795530081,60
-145.795530081,61
-140.79550004,64
-131.795530081,63
-129.79550004,63
-121.79550004,62
-116.795530081,62
-113.795530081,61
-110.79550004,62
-101.79550004,65
-97.7955000401,64
-95.7955000401,64
-88.7955300808,63
-81.7955300808,64
-80.7955000401,64
-73.7955000401,64
-68.7955300808,64
-64.7955300808,65
-60.7955300808,64
-51.7955000401,62
-46.7955300808,64
-44.7955300808,65
-37.7955300808,65
-32.7955000401,65
-26.7955300808,65
-24.7955000401,64
-19.7955300808,64
-13.7955000401,64
-9.79550004005,64
-1.79550004005,69
1.20449995995,69
5.2044699192,66
9.2044699192,62
18.2044699192,57
22.2044699192,58
28.2044699192,61
32.2044999599,61
35.2044699192,60
40.2044699192,58
45.2044699192,58
49.2044999599,61
54.2044699192,68
63.2044999599,74
65.2044999599,75
71.2044999599,76
78.2044999599,83
82.2044999599,83
86.2044699192,82
89.2044699192,83
94.2044999599,80
103.204469919,76
105.20449996,76
112.20449996,81
118.204469919,81
119.204469919,81
126.204469919,79
129.20449996,80
134.204469919,83
143.204469919,87
145.204469919,86
153.20449996,89
157.204469919,86
163.204469919,81
165.204469919,80
173.204469919,75
178.20449996,73
183.204469919,71
188.20449996,71
193.204469919,70
194.204469919,69
203.204469919,67
205.204469919,66
213.204469919,65
218.204469919,64
219.204469919,63
228.20449996,63
229.204469919,63
238.204469919,59
242.204469919,59
246.204469919,60
251.20449996,61
256.204469919,61
263.20449996,59
266.204469919,59
272.204469919,59
274.204469919,60
279.20449996,60
285.204469919,60
289.204469919,60
298.20449996,63
301.20449996,63
308.204469919,61
309.204469919,61
314.20449996,62
323.204469919,62
328.204469919,62
333.204469919,63
334.204469919,62
342.20449996,62
344.204469919,62
350.204469919,61
354.204469919,59
362.20449996,59
366.204469919,59
371.204469919,59
374.20449996,59
382.204469919,60
386.204469919,60
392.20449996,61
395.204469919,60
399.204469919,59
408.20449996,60
413.204469919,61
417.204469919,61
422.20449996,61
428.204469919,60
431.204469919,60
438.204469919,60
439.204469919,60
447.204469919,60
450.204469919,60
456.204469919,59
462.204469919,59
464.20449996,59
470.20449996,60
475.20449996,60
479.20449996,62
487.20449996,66
489.204469919,63
498.204469919,59
503.20449996,59
506.204469919,59
509.20449996,59
517.204469919,60
521.204469919,60
528.204469919,59
532.20449996,59
535.204469919,59
541.204469919,59
544.204469919,59
552.20449996,59
556.204469919,59
560.204469919,59
566.204469919,60
571.204469919,59
574.204469919,60
583.20449996,61
584.204469919,61
590.204469919,61
598.20449996,61
599.204469919,61
608.20449996,60
609.20449996,60
615.20449996,62
622.204469919,63
624.20449996,63
633.204469919,59
635.204469919,60
640.204469919,60
647.204469919,60
651.204469919,60
657.20449996,61
661.204469919,61
666.204469919,60
672.204469919,59
678.204469919,59
681.204469919,59
684.204469919,58
693.204469919,57
697.204469919,58
702.20449996,59
708.204469919,59
711.204469919,59
714.204469919,59
723.204469919,60
726.204469919,60
729.204469919,60
735.204469919,60
741.204469919,59
748.20449996,59
750.204469919,59
754.204469919,59
763.20449996,63
764.20449996,63
772.204469919,58
778.204469919,57
782.204469919,58
786.20449996,59
793.204469919,60
798.204469919,59
803.20449996,59
807.204469919,59
809.20449996,59
816.20449996,59
819.20449996,59
828.204469919,59
831.20449996,59
835.204469919,59
839.204469919,59
848.204469919,60
849.204469919,60
858.20449996,59
860.20449996,59
868.204469919,59
871.204469919,59
874.204469919,59
879.204469919,60
884.204469919,63
893.204469919,71
894.20449996,71
903.20449996,61
908.20449996,59
913.204469919,59
916.204469919,59
922.20449996,59
926.204469919,59
933.204469919,57
938.20449996,56
942.204469919,57
944.204469919,57
952.20449996,58
955.20449996,58
961.204469919,58
967.20449996,58
973.204469919,59
976.204469919,59
979.204469919,59
984.20449996,59
990.204469919,59
997.20449996,59
1001.20449996,59
1004.20446992,59
1011.20449996,59
1018.20449996,59
1019.20449996,59
1027.20449996,59
1031.20446992,59
1037.20446992,59
1040.20449996,59
1046.20449996,59
1053.20446992,59
1054.20446992,59
1063.20449996,60
1064.20446992,60
1070.20446992,58
1077.20446992,58
1083.20446992,59
1084.20446992,59
1093.20446992,58
1095.20446992,58
1099.20446992,59
1108.20446992,59
1113.20446992,59
1116.20446992,59
1121.20449996,58
1124.20449996,58
1133.20446992,58
1134.20446992,58
1140.20449996,58
1146.20446992,58
1150.20449996,59
1156.20446992,59
1160.20446992,59
1168.20446992,60
1169.20446992,59
1174.20446992,58
1181.20446992,58
1188.20449996,58
1192.20446992,58
1197.20446992,59
1202.20449996,60
1204.20446992,60
1213.20446992,56
1218.20449996,56
1220.20446992,56
1228.20449996,57
1229.20446992,57
1237.20446992,59
1243.20446992,59
1246.20449996,59
1249.20449996,58
1256.20449996,58
1259.20446992,58
1266.20446992,59
1269.20446992,58
1276.20446992,58
1280.20446992,58
1288.20446992,58
1290.20446992,59
1297.20446992,58
1300.20449996,58
1307.20446992,59
1310.20446992,59
1318.20446992,56
1323.20446992,56
1324.20449996,56
1332.20446992,59
1337.20446992,59
1340.20446992,58
1348.20446992,58
1352.20446992,59
1354.20449996,59
1359.20446992,58
1368.20446992,57
1372.20449996,57
1374.20446992,57
1381.20446992,58
1387.20449996,59
1393.20446992,59
1398.20446992,59
1400.20446992,59
1404.20449996,59
1412.20446992,58
1418.20446992,58
1419.20449996,58
1428.20446992,60
1431.20446992,59
1438.20449996,57
1443.20446992,57
1445.20446992,57
1453.20446992,59
1454.20446992,59
1463.20449996,60
1467.20446992,60
1473.20446992,59
1474.20446992,59
1483.20449996,60
1484.20446992,59
1489.20446992,58
1498.20446992,57
1501.20449996,57
1508.20446992,58
1511.20446992,59
1517.20446992,59
1523.20446992,59
1526.20449996,59
1529.20449996,59
1538.20449996,59
1541.20446992,59
1548.20446992,60
1552.20446992,59
1556.20449996,59
1560.20449996,58
1567.20446992,58
1570.20446992,57
1575.20446992,57
1583.20446992,58
1588.20446992,59
1589.20449996,59
1596.20446992,58
1601.20446992,58
1608.20446992,59
1610.20449996,59
1617.20446992,59
1621.20449996,58
1628.20446992,57
1632.20449996,57
1638.20446992,57
1643.20449996,57
1648.20449996,57
1653.20449996,57
1658.20446992,58
1661.20446992,57
1668.20449996,57
1672.20446992,57
1677.20446992,59
1683.20449996,59
1685.20328999,59
1689.20332003,58
1698.20328999,57
1700.20328999,57
1708.20328999,59
1713.20328999,59
1715.20332003,59
1722.20328999,59
1727.20332003,59
1730.20332003,59
1738.20328999,58
1739.20328999,57
1746.20328999,59
1753.20328999,59
1758.20332003,59
1759.20332003,59
1766.20328999,59
1770.20332003,59
1777.20328999,59
1780.20332003,59
1788.20328999,59
1790.20332003,59
1797.20328999,59
1803.20332003,59
1805.20332003,59
1811.20328999,59
1814.20332003,60
1821.20332003,60
1824.20332003,60
1832.20328999,60
1835.20328999,60
1843.20328999,60
1846.20328999,60
1849.20328999,60
1857.20328999,60
1863.20328999,60
1866.20328999,60
1872.20328999,59
1876.20328999,59
1882.20328999,60
1884.20332003,60
1889.20332003,63
1898.20332003,74
1900.20332003,73
1908.20332003,64
1911.20328999,63
1917.20332003,70
1919.20332003,70
1928.20328999,59
1933.20328999,57
1938.20328999,59
1942.20328999,59
1944.20332003,58
1953.20328999,57
1958.20328999,57
1960.20332003,57
1965.20328999,57
1971.20328999,59
1978.20328999,60
1980.20328999,60
1988.20332003,59
1993.20332003,59
1995.20332003,59
1999.20332003,60
2008.20328999,59
2011.20328999,59
2014.20332003,60
2020.20328999,61
2028.20328999,61
2031.20328999,60
2034.20332003,60
2042.20332003,61
2044.20328999,61
2050.20328999,60
2058.20332003,60
2059.20332003,60
2068.20328999,61
2073.20332003,61
2074.20332003,61
2083.20332003,61
2087.20328999,61
2089.20332003,61
2094.20328999,60
2102.20328999,59
2104.20328999,60
2111.20328999,61
2118.20328999,60
2123.20328999,59
2126.20332003,59
2133.20328999,59
2134.20328999,59
2139.20328999,59
2147.20332003,59
2149.20332003,59
2154.20328999,58
2162.20328999,55
2166.20328999,54
2169.20332003,55
2178.20328999,75
2183.20332003,76
2188.20328999,73
2191.20328999,74
2194.20332003,74
2203.20328999,64
2204.20328999,64
2213.20328999,75
2218.20328999,78
2219.20328999,77
2228.20332003,63
2233.20328999,62
2236.20328999,63
2239.20332003,62
2248.20328999,59
2249.20332003,59
2254.20332003,61
2261.20328999,64
2268.20328999,63
2269.20328999,63
2277.20328999,64
2281.20332003,64
2284.20328999,65
2289.20332003,68
2298.20328999,62
2303.20328999,60
2308.20328999,60
2311.20328999,60
2318.20328999,60
2321.20328999,60
2327.20328999,61
2333.20332003,61
2338.20328999,62
2339.20328999,62
2344.20328999,61
2349.20332003,63
2354.20328999,62
2363.20328999,59
2368.20328999,59
2369.20332003,60
2374.20328999,60
2383.20328999,62
2384.20328999,62
2392.20332003,61
2398.20328999,60
2402.20332003,59
2408.20332003,59
2413.20328999,60
2416.20328999,60
2420.20328999,59
2424.20332003,60
2429.20332003,60
2434.20328999,60
2440.20332003,60
2445.20328999,60
2450.20328999,60
2457.20328999,60
2459.20332003,59
2468.20328999,59
2471.20328999,59
2475.20328999,59
2483.20332003,59
2488.20328999,59
2492.20328999,59
2494.20328999,59
2500.20332003,58
2506.20328999,58
2513.20328999,59
2515.20328999,59
2519.20328999,59
2527.20328999,57
2531.20332003,58
2536.20328999,58
2539.20328999,59
2548.20328999,61
2552.20328999,60
2556.20328999,59
2563.20332003,59
2564.20328999,59
2571.20328999,59
2578.20332003,59
2579.20328999,59
2588.20328999,60
2590.20328999,59
2598.20328999,59
2600.20328999,59
2605.20332003,59
2609.20328999,59
2618.20328999,60
2621.20328999,60
2628.20328999,60
2629.20328999,60
2636.20328999,59
2643.20328999,59
2647.20332003,59
2649.20328999,59
2657.20328999,59
2659.20328999,59
2664.20332003,59
2673.20332003,57
2678.20332003,57
2679.20328999,57
2688.20328999,57
2689.20328999,57
2698.20328999,59
2702.20328999,58
2708.20328999,58
2713.20332003,59
2716.20328999,59
2722.20332003,59
2728.20328999,59
2729.20328999,59
2738.20332003,59
2742.20332003,59
2748.20328999,59
2752.20332003,59
2755.20332003,59
2759.20328999,59
2765.20328999,59
2773.20332003,60
2774.20328999,60
2780.20328999,61
2785.20328999,60
2791.20328999,59
2795.20328999,60
2803.20332003,58
2805.20328999,58
2810.20328999,58
2817.20332003,58
2822.20328999,58
2825.20328999,58
2829.20332003,59
2838.20328999,59
2843.20332003,59
2844.20332003,59
2852.20328999,60
2858.20332003,59
2859.20328999,59
2864.20328999,59
2873.20332003,59
2875.20332003,59
2882.20328999,59
2887.20332003,59
2892.20328999,60
2894.20328999,60
2903.20332003,60
2904.20328999,60
2910.20328999,60
2914.20328999,61
2920.20328999,61
2927.20328999,61
2931.20328999,61
2936.20332003,60
2939.20332003,60
2948.20332003,69
2949.20332003,69
2958.20328999,66
2959.20328999,66
2966.20328999,64
2972.20332003,63
2974.20328999,63
2983.20328999,61
2986.20328999,61
2993.20332003,59
2995.20332003,59
3002.20332003,59
3007.20328999,59
3009.20328999,59
3017.20328999,61
3023.20328999,60
3026.20328999,60
3033.20328999,62
3034.20328999,61
3043.20328999,58
3047.20328999,58
3049.20328999,59
3057.20328999,59
3062.20328999,60
3064.20328999,60
3070.20328999,61
3075.20328999,61
3083.20328999,59
3085.20328999,59
3092.20328999,59
3098.20328999,59
3099.20332003,59
3104.20328999,60
3112.20328999,61
3114.20332003,61
3120.20328999,61
3128.20332003,61
3129.20328999,61
3138.20328999,60
3139.20328999,60
3148.20328999,60
3152.20328999,60
3154.20328999,60
3159.20332003,61
3166.20328999,61
3172.20328999,61
3176.20328999,61
3183.20328999,61
3187.20332003,62
3189.20328999,62
3198.20328999,62
3199.20328999,62
3208.20328999,61
3209.20332003,62
3214.20328999,62
3219.20332003,63
3228.20328999,63
3233.20332003,64
3236.20328999,64
3239.20328999,63
3247.20332003,62
3251.20328999,62
3254.20328999,62
3263.20328999,62
3264.20328999,63
3271.20328999,63
3274.20328999,63
3282.20328999,63
3288.20328999,63
3293.20328999,63
3294.20332003,63
3301.20328999,63
3307.20328999,63
3313.20328999,63
3316.20328999,62
3319.20328999,63
3327.20332003,64
3332.20328999,64
3338.20328999,63
3342.20332003,64
3344.20328999,64
3353.20332003,64
3356.20328999,64
3359.20328999,64
3367.20328999,64
3371.20332003,64
3374.20328999,63
3383.20328999,63
3385.20328999,63
3391.20328999,64
3394.20328999,64
3399.20332003,64
3407.20328999,64
3412.20328999,64
3414.20332003,64
3423.20328999,64
3424.20332003,64
3429.20332003,65
3436.20328999,64
3440.20328999,65
3444.20332003,65
3453.20328999,64
3458.20328999,64
3460.20332003,64
3467.20328999,64
3469.20328999,64
3474.20332003,65
3479.20328999,65
3488.20332003,65
3492.20328999,64
3494.20328999,64
3502.20328999,64
3505.20328999,64
3509.20328999,64
3517.20328999,64
3520.20328999,64
3528.20328999,64
3530.20328999,64
3534.20332003,64
3539.20328999,64
3544.20328999,64
3553.20328999,62
3558.20328999,63
3559.20328999,64
3568.20332003,64
3572.20328999,64
3576.20332003,64
3582.20328999,64
3586.20328999,64
3589.20328999,64
3598.20328999,64
3601.20332003,64
3604.20328999,64
3612.20332003,64
3617.20328999,64
3619.20328999,65
3627.20332003,65
3632.20328999,65
3634.20328999,65
3641.20332003,65
3647.20332003,64
3651.20332003,64
3654.20332003,65
3659.20328999,64
3668.20332003,64
3672.20328999,64
3675.20328999,64
3679.20328999,64
3686.20332003,65
3689.20328999,65
3697.20328999,65
3699.20332003,65
3708.20328999,64
3712.20328999,64
3715.20328999,64
3721.20328999,66
3724.20328999,65
3733.20332003,62
3738.20328999,61
3741.20328999,62
3748.20328999,63
3749.20328999,63
3754.20328999,63
3761.20328999,63
3767.20328999,64
3771.20328999,64
3774.20332003,64
3781.20328999,64
3784.20328999,64
3790.20332003,64
3798.20328999,64
3802.20332003,64
3805.20328999,64
3812.20332003,64
3815.20328999,65
3820.20328999,64
3827.20328999,64
3832.20328999,64
3834.20328999,64
3840.20332003,65
3845.20328999,65
3853.20332003,64
3854.20328999,64
3862.20328999,64
3868.20332003,64
3869.20328999,64
3875.20328999,65
3879.20332003,66
3885.20328999,66
3889.20328999,66
3894.20332003,67
3903.20332003,65
3908.20332003,64
3911.20328999,64
3915.20328999,64
3919.20328999,65
3927.20332003,65
3933.20328999,64
3938.20328999,64
3939.20328999,65
3944.20332003,65
3949.20328999,65
3958.20332003,64
3962.20328999,64
3965.20328999,64
3973.20328999,65
3976.20328999,65
3979.20332003,65
3986.20332003,65
3989.20332003,65
3997.20328999,65
4003.20328999,65
4008.20328999,65
4010.20328999,65
4014.20332003,65
4023.20328999,65
4026.20328999,65
4030.20328999,65
4034.20332003,65
4041.20328999,65
4046.20328999,65
4051.20328999,65
4057.20328999,65
4061.20328999,65
4068.20328999,65
4069.20328999,65
4077.20328999,65
4080.20332003,65
4087.20328999,65
4090.20328999,65
4094.20332003,65
4103.20328999,65
4107.20332003,65
4111.20328999,65
4115.20332003,65
4123.20332003,65
4125.20332003,65
4133.20328999,64
4136.20332003,64
4140.20332003,64
4148.20328999,64
4149.20332003,64
4154.20328999,65
4162.20328999,65
4168.20332003,65
4173.20328999,65
4174.20328999,65
4180.20328999,65
4184.20328999,66
4192.20328999,65
4194.20332003,65
4203.20328999,64
4206.20332003,64
4213.20328999,64
4218.20328999,65
4219.20328999,65
4225.20328999,65
4232.20328999,65
4237.20328999,65
4240.20328999,66
4248.20328999,66
4249.20328999,65
4258.20328999,65
4263.20328999,66
4264.20332003,66
4272.20328999,66
4277.20332003,66
4283.20328999,66
4284.20328999,65
4293.20328999,65
4296.20328999,66
4302.20328999,66
4304.20332003,67
4310.20328999,67
4314.20332003,67
4321.20328999,66
4328.20328999,65
4331.20328999,65
4337.20328999,65
4342.20328999,65
4344.20332003,65
4352.20328999,66
4354.20332003,66
4361.20328999,66
4367.20328999,66
4371.20328999,66
4376.20332003,67
4383.20332003,65
4384.20328999,65
4393.20328999,65
4398.20332003,65
4401.20328999,66
4406.20328999,65
4409.20328999,66
4414.20328999,66
4421.20328999,67
4424.20328999,67
4433.20328999,65
4434.20328999,65
4441.20332003,65
4444.20328999,65
4451.20332003,65
4458.20328999,68
4459.20328999,68
4468.20328999,64
4473.20328999,64
4478.20328999,64
4479.20332003,64
4484.20332003,65
4493.20332003,64
4494.20332003,64
4499.20332003,65
4506.20328999,65
4512.20332003,65
4515.20332003,66
4523.20332003,66
4524.20328999,65
4532.20328999,65
4537.20328999,65
4541.20332003,66
4547.20328999,65
4549.20328999,66
4558.20328999,66
4559.20332003,66
4566.20328999,67
4570.20332003,67
4576.20332003,67
4580.20332003,67
4586.20328999,66
4593.20328999,65
4594.20328999,65
4603.20328999,66
4607.20328999,67
4611.20328999,67
4618.20328999,66
4621.20328999,66
4628.20328999,68
4630.20332003,68
4634.20332003,67
4643.20328999,66
4644.20332003,66
4651.20332003,69
4654.20328999,67
4663.20328999,63
4664.20328999,64
4672.20328999,64
4678.20328999,63
4679.20332003,63
4686.20328999,63
4689.20328999,63
4696.20332003,63
4701.20332003,63
4708.20328999,64
4709.20328999,65
4715.20328999,65
4722.20328999,65
4724.20328999,65
4731.20332003,66
4734.20328999,65
4743.20328999,63
4748.20328999,63
4750.20332003,64
4758.20328999,64
4761.20332003,64
4764.20328999,64
4770.20328999,64
4776.20328999,65
4783.20332003,65
4787.20332003,64
4790.20332003,64
4797.20332003,67
4799.20328999,66
4808.20328999,64
4812.20328999,64
4816.20328999,64
4823.20328999,64
4825.20328999,64
4829.20328999,65
4838.20328999,64
4842.20332003,64
4847.20332003,66
4849.20328999,66
4856.20328999,66
4863.20328999,65
4865.20328999,65
4869.20332003,65
4877.20328999,67
4879.20328999,67
4888.20332003,64
4892.20332003,64
4898.20328999,64
4899.20332003,64
4905.20332003,64
4910.20328999,64
4918.20332003,64
4920.20328999,64
4924.20328999,65
4933.20332003,65
4934.20328999,65
4943.20328999,66
4947.20328999,66
4953.20328999,64
4958.20328999,64
4963.20332003,64
4964.20332003,65
4972.20328999,67
4975.20332003,67
4979.20332003,66
4988.20332003,63
4992.20332003,64
4995.20328999,64
5003.20332003,66
5004.20328999,66
5010.20332003,65
5016.20328999,66
5021.20332003,68
5024.20328999,67
5033.20332003,63
5038.20332003,62
5043.20332003,62
5045.20328999,63
5050.20332003,62
5057.20328999,62
5059.20328999,63
5068.20328999,66
5069.20332003,66
5078.20328999,62
5083.20328999,61
5088.20328999,62
5089.20328999,62
5094.20328999,62
5099.20328999,63
5104.20328999,65
5113.20332003,62
5118.20328999,61
5122.20328999,62
5128.20332003,63
5131.20332003,63
5138.20328999,63
5139.20332003,63
5147.20328999,66
5149.20332003,65
5158.20332003,62
5161.20332003,62
5165.20328999,62
5173.20332003,66
5176.20328999,66
5183.20328999,63
5188.20328999,63
5189.20328999,63
5197.20328999,66
5201.20332003,64
5208.20328999,63
5210.20328999,63
5217.20328999,66
5220.20332003,67
5228.20328999,65
5229.20328999,65
5238.20328999,64
5240.20328999,64
5245.20332003,65
5253.20328999,63
5258.20328999,62
5260.20332003,63
5264.20328999,63
5273.20328999,64
5275.20332003,64
5282.20332003,66
5284.20328999,66
5293.2026,62
5298.2026,61
5301.2026,62
5306.20263004,63
5313.20263004,63
5318.2026,63
5319.2026,63
5327.2026,63
5330.2026,63
5335.20263004,63
5340.2026,64
5345.20263004,65
5353.2026,63
5358.2026,64
5361.2026,64
5366.2026,64
5371.2026,64
5378.2026,66
5379.2026,67
5388.2026,64
5390.2026,64
5398.20263004,63
5403.2026,63
5407.20263004,64
5413.20263004,64
5418.20263004,64
5419.2026,64
5424.2026,67
5433.20263004,75
5438.2026,70
5443.20263004,70
5445.2026,71
5449.2026,70
5458.2026,61
5463.2026,61
5465.2026,61
5473.20263004,59
5478.2026,59
5479.2026,59
5486.20263004,59
5489.2026,60
5497.2026,62
5500.20263004,62
5506.2026,63
5513.2026,61
5518.20263004,60
5521.2026,61
5526.2026,61
5531.20263004,62
5538.2026,65
5540.2026,64
5545.2026,64
5549.20263004,64
5557.20263004,66
5559.2026,66
5568.2026,62
5573.2026,62
5574.2026,62
5581.2026,62
5588.20263004,64
5589.2026,65
5596.2026,65
5599.2026,64
5608.20263004,61
5613.2026,62
5616.2026,63
5623.20263004,64
5627.2026,64
5629.2026,63
5638.20263004,63
5643.20263004,64
5647.2026,64
5653.2026,64
5654.20263004,64
5659.20263004,64
5664.2026,64
5672.20263004,64
5675.2026,64
5682.2026,66
5687.2026,66
5689.20263004,66
5698.2026,72
5699.2026,72
5708.2026,64
5709.2026,64
5718.20263004,71
5721.2026,72
5724.2026,71
5733.20263004,62
5736.20263004,63
5742.2026,62
5748.2026,61
5749.20263004,61
5758.2026,61
5759.20263004,61
5764.2026,62
5771.2026,63
5778.2026,66
5780.2026,66
5788.2026,62
5793.2026,61
5796.2026,61
5803.20263004,61
5807.2026,61
5812.2026,61
5816.2026,62
5823.2026,66
5825.2026,65
5833.20263004,62
5838.20263004,60
5842.2026,61
5846.20263004,61
5850.2026,62
5856.2026,62
5859.2026,63
5868.2026,66
5869.20263004,66
5878.2026,63
5883.2026,62
5887.2026,62
5893.20263004,63
5894.20263004,63
5900.2026,63
5904.2026,63
5913.2026,62
5917.2026,62
5919.2026,62
5924.2026,63
5932.20263004,66
5934.2026,65
5943.20263004,60
5948.2026,60
5949.2026,61
5955.2026,61
5963.20263004,61
5967.20263004,61
5973.2026,61
5975.2026,61
5979.2026,62
5987.20263004,63
5989.2026,63
5994.20263004,63
6000.20263004,62
6008.2026,65
6011.2026,66
6018.20263004,63
6023.2026,62
6024.2026,62
6030.20263004,63
6038.2026,61
6043.20263004,61
6047.2026,62
6049.2026,62
6058.2026,64
6063.2026,64
6064.2026,64
6071.2026,63
6077.20263004,63
6083.2026,64
6084.2026,63
6091.2026,63
6094.2026,62
6103.2026,61
6105.20263004,61
6109.2026,62
6114.2026,62
6123.20263004,64
6127.2026,64
6129.2026,64
6138.20263004,62
6143.2026,61
6148.2026,61
6149.20263004,62
6155.2026,62
6159.2026,63
6167.2026,64
6169.20263004,64
6178.20263004,63
6179.2026,63
6187.2026,64
6190.2026,64
6194.20263004,63
6203.2026,62
6205.2026,63
6209.2026,63
6216.20263004,63
6223.2026,64
6225.20263004,64
6231.2026,63
6235.2026,63
6240.2026,64
6245.2026,65
6252.2026,66
6254.2026,66
6263.20263004,62
6267.2026,62
6271.2026,62
6275.2026,62
6280.2026,63
6288.2026,64
6289.2026,64
6296.2026,62
6303.2026,62
6304.20263004,62
6309.20263004,63
6316.2026,63
6323.2026,63
6327.2026,64
6331.2026,64
6335.2026,64
6339.2026,65
6344.2026,64
6353.2026,62
6354.2026,62
6359.20263004,63
6368.2026,63
6370.2026,63
6378.2026,63
6379.20263004,64
6387.20263004,64
6390.20263004,64
6397.2026,62
6400.2026,62
6408.2026,64
6411.2026,64
6414.2026,63
6422.2026,63
6426.2026,63
6432.2026,63
6434.2026,62
6439.2026,62
6444.20263004,63
6452.2026,64
6456.20263004,65
6463.2026,65
6464.2026,65
6469.2026,64
6477.2026,64
6481.20263004,64
6484.20263004,65
6493.2026,64
6498.2026,64
6500.20263004,64
6508.2026,64
6509.2026,64
6514.2026,65
6520.2026,65
6528.20263004,65
6533.20263004,65
6537.20263004,66
6540.2026,65
6545.2026,65
6551.20263004,65
6558.20263004,65
6560.2026,65
6568.20263004,64
6572.20263004,64
6574.20263004,65
6579.2026,65
6587.20263004,65
6593.2026,65
6595.2026,65
6603.2026,65
6604.20263004,65
6613.2026,65
6616.20263004,65
6620.20263004,66
6628.2026,65
6632.20263004,65
6637.2026,65
6639.2026,65
6647.2026,66
6651.20263004,67
6654.2026,67
6661.2026,65
6668.2026,64
6672.20263004,64
6675.2026,64
6679.20263004,65
6684.2026,64
6693.20263004,64
6695.20263004,64
6700.2026,64
6706.2026,62
6711.20263004,62
6715.2026,62
6720.2026,64
6728.20263004,64
6729.2026,65
6735.2026,65
6742.2026,64
6747.2026,64
6750.20263004,65
6754.2026,66
6763.2026,64
6768.2026,64
6769.20263004,64
6778.2026,64
6783.20263004,64
6784.20263004,65
6789.20263004,66
6795.2026,66
6803.2026,66
6804.2026,65
6813.20263004,64
6816.2026,65
6819.2026,65
6826.2026,65
6833.20263004,65
6834.2026,66
6839.2026,65
6848.20263004,64
6849.2026,64
6854.20263004,65
6863.2026,65
6868.2026,65
6869.20263004,65
6876.2026,65
6882.2026,66
6888.20263004,67
6890.20263004,68
6898.2026,66
6903.20263004,65
6908.2026,65
6910.2026,65
6918.2026,65
6922.2026,65
6927.2026,65
6929.2026,66
6934.2026,67
6939.20263004,66
6947.2026,65
6950.20263004,66
6957.2026,67
6960.2026,66
6967.2026,67
6969.20263004,68
6974.2026,66
6983.20263004,63
6986.2026,63
6992.2026,65
6994.20263004,64
6999.2026,66
7006.2026,72
7009.20263004,70
7018.2026,63
7023.2026,63
7024.2026,63
7030.20263004,62
7038.2026,60
7039.20263004,60
7045.2026,63
7053.2026,59
7056.2026,59
7063.2026,62
7066.2026,62
7073.2026,60
7076.2026,61
7080.2026,61
7088.20263004,64
7090.2026,64
7098.2026,63
7099.20263004,63
7104.20263004,63
7113.2026,61
7114.2026,61
7123.20263004,63
7128.2026,63
7131.20263004,64
7138.20263004,64
7139.2026,65
7144.2026,64
7153.20263004,62
7156.2026,62
7159.2026,63
7166.2026,67
7169.20263004,66
7178.20263004,62
7181.2026,62
7185.2026,63
7192.2026,62
7196.2026,62
7199.20263004,63
7208.2026,64
7212.20263004,65
7214.2026,65
7219.2026,64
7228.20263004,61
7233.2026,62
7234.2026,62
7242.20263004,61
7246.2026,62
7249.2026,61
7258.2026,61
7259.2026,61
7266.2026,62
7273.2026,63
7274.20263004,63
7280.2026,63
7288.20263004,62
7290.2026,61
7294.2026,62
7302.20263004,65
7304.2026,65
7313.2026,61
7318.20263004,60
7323.2026,60
7327.2026,61
7331.20263004,61
7334.2026,62
7343.2026,63
7348.20263004,63
7351.20263004,64
7358.2026,64
7363.20263004,64
7364.2026,64
7370.20263004,64
7375.20263004,65
7379.20263004,64
7388.2026,62
7389.2026,63
7394.20263004,66
7403.2026,72
7404.2026,72
7413.2026,63
7416.2026,62
7423.20263004,65
7425.20263004,65
7429.2026,64
7437.20263004,63
7441.2026,64
7444.2026,63
7453.20263004,60
7454.20263004,60
7463.2026,70
7464.2026,70
7473.2026,61
7478.2026,59
7483.20263004,60
7484.20263004,60
7493.2026,66
7495.2026,65
7503.2026,61
7508.2026,61
7513.2026,61
7518.2026,62
7522.2026,63
7525.2026,63
7531.2026,63
7538.2026,63
7543.20263004,63
7547.2026,64
7549.2026,64
7557.2026,62
7563.2026,62
7564.20263004,63
7572.2026,63
7574.20263004,63
7582.2026,64
7584.2026,64
7589.2026,64
7598.2026,63
7599.2026,63
7604.20263004,63
7612.2026,62
7614.2026,63
7619.2026,64
7627.2026,64
7629.20263004,65
7634.2026,65
7643.2026,62
7648.2026,62
7650.20263004,63
7657.2026,64
7660.2026,64
7664.2026,63
7673.2026,64
7674.2026,64
7679.2026,65
7684.20263004,65
7692.2026,62
7694.2026,63
7703.2026,75
7708.2026,77
7710.2026,78
7714.20263004,75
7723.2026,64
7728.2026,62
7733.20263004,59
7738.2026,58
7743.20263004,58
7748.20263004,57
7749.20263004,57
7757.2026,58
7763.2026,59
7766.2026,59
7771.2026,59
7776.2026,59
7782.2026,60
7784.2026,60
7791.2026,60
7797.2026,60
7801.2026,59
7805.20263004,60
7812.2026,60
7814.2026,60
7819.2026,62
7828.2026,62
7829.2026,62
7837.20263004,61
7839.2026,61
7847.2026,60
7850.20263004,60
7854.2026,61
7862.20263004,61
7866.2026,61
7873.20263004,62
7878.2026,62
7879.2026,62
7885.20263004,62
7890.2026,63
7895.20263004,63
7903.2026,62
7904.20263004,63
7913.2026,64
7915.20263004,64
7921.2026,63
7928.2026,63
7930.20263004,63
7938.2026,63
7939.2026,63
7948.2026,63
7950.2026,63
7954.2026,63
7963.20263004,63
7964.2026,63
7973.2026,63
7974.20263004,63
7980.2026,64
7986.20263004,64
7993.2026,64
7994.2026,64
8003.20263004,61
8008.2026,61
8011.2026,60
8015.2026,60
8023.2026,59
8028.2026,59
8031.20263004,59
8034.2026,59
8042.2026,61
8044.2026,61
8049.20263004,61
8054.2026,63
8063.20263004,63
8067.2026,63
8069.20263004,63
8078.20263004,64
8079.2026,63
8084.20263004,63
8093.2026,61
8097.20263004,60
8103.2026,59
8104.20263004,59
8109.2026,60
8116.2026,62
8123.2026,64
8128.2026,65
8133.2026,65
8134.2026,65
8139.2026,65
8144.2026,64
8149.2026,63
8158.20263004,60
8163.2026,60
8164.2026,61
8169.20263004,61
8178.2026,58
8183.20263004,57
8186.2026,57
8191.2026,59
8198.20263004,60
8202.20263004,60
8206.2026,60
8213.2026,59
8217.20263004,58
8219.20263004,59
8225.2026,61
8233.20263004,63
8238.2026,64
8240.20263004,65
8245.2026,65
8252.2026,65
8258.2026,65
8260.20263004,66
8264.20263004,67
8273.2026,67
8274.2026,68
8282.20263004,69
8285.2026,69
8289.2026,67
8294.20263004,65
8303.20263004,60
8308.2026,59
8313.20263004,58
8315.2026,58
8322.20263004,58
8327.20263004,58
8329.20263004,58
8338.20263004,58
8342.2026,59
8346.2026,60
8352.20263004,61
8358.2026,61
8363.2026,60
8364.20263004,60
8373.2026,62
8378.2026,63
8379.2026,62
8388.2026,61
8392.2026,62
8395.20263004,62
8403.20263004,65
8405.2026,65
8409.2026,66
8415.2026,68
8419.2026,66
8426.20263004,62
8433.20263004,60
8438.20263004,59
8441.20263004,59
8448.2026,59
8453.2026,60
8458.20263004,60
8459.20263004,60
8466.2026,62
8469.20263004,62
8477.2026,59
8479.20263004,60
8487.2026,61
8493.2026,61
8494.2026,61
8499.2026,61
8504.20263004,64
8513.2026,69
8515.2026,70
8523.2026,70
8524.2026,71
8529.2026,73
8538.20263004,80
8539.2026,80
8544.2026,76
8550.2026,70
8558.2026,64
8559.2026,64
8568.20263004,60
8571.2026,60
8576.20263004,62
8583.2026,62
8584.2026,62
8590.2026,64
8598.2026,65
8599.20263004,65
8608.2026,66
8612.20263004,66
8615.20263004,66
8623.20263004,69
8627.20263004,68
8629.2026,68
8634.2026,69
8639.2026,67
8648.2026,61
8653.20263004,60
8658.2026,59
8663.2026,60
8667.20263004,61
8670.20263004,61
8674.20263004,63
8679.2026,63
8684.20263004,64
8692.2026,66
8695.2026,65
8702.20263004,64
8704.2026,64
8710.2026,64
8715.20263004,66
8720.20263004,66
8724.2026,66
8729.20263004,63
8738.2026,61
8743.20263004,61
8745.20263004,61
8749.2026,63
8758.2026,66
8759.20263004,67
8768.2026,67
8769.2026,68
8778.2026,72
8779.2026,72
8788.2026,68
8793.20263004,68
8797.2026,68
8803.2026,68
8805.20263004,68
8811.2026,69
8818.2026,70
8823.20263004,69
8827.2026,70
8830.2026,69
8838.20263004,66
8841.2026,67
8844.20263004,67
8853.20263004,69
8855.2026,69
8861.2026,69
8865.20263004,70
8869.2026,70
8877.2026,68
8883.2026,67
8886.20263004,66
8890.20817995,66
8897.20820999,65
8903.20817995,65
8905.20817995,65
8912.20817995,66
8916.20820999,67
8919.20817995,67
8928.20820999,67
8929.20820999,67
8938.20820999,67
8941.20820999,67
8944.20820999,67
8953.20817995,66
8955.20817995,67
8960.20817995,68
8966.20817995,68
8973.20820999,68
8976.20817995,69
8983.20817995,70
8984.20817995,70
8989.20820999,69
8998.20817995,66
9000.20820999,67
9004.20820999,66
9013.20817995,63
9018.20817995,63
9021.20820999,64
9028.20817995,66
9030.20817995,66
9035.20817995,65
9039.20817995,65
9044.20817995,65
9049.20817995,65
9058.20817995,65
9059.20820999,65
9064.20820999,65
9071.20817995,64
9074.20820999,64
9083.20817995,64
9084.20817995,64
9093.20820999,65
9094.20817995,65
9099.20820999,65
9105.20817995,65
9110.20817995,66
9116.20820999,65
9123.20820999,64
9128.20817995,64
9133.20817995,64
9136.20817995,64
9139.20817995,65
9147.20817995,65
9153.20817995,65
9154.20820999,66
9162.20817995,65
9168.20817995,64
9172.20817995,63
9178.20817995,62
9182.20817995,62
9185.20820999,63
9191.20817995,64
9197.20820999,64
9199.20817995,64
9208.20817995,73
9211.20820999,72
9214.20820999,70
9223.20817995,62
9227.20817995,62
9229.20820999,61
9238.20817995,59
9241.20817995,59
9248.20820999,59
9249.20817995,59
9254.20817995,59
9260.20817995,60
9267.20817995,63
9273.20817995,62
9274.20820999,62
9281.20820999,63
9284.20820999,63
9292.20817995,62
9296.20820999,63
9303.20817995,64
9307.20817995,64
9313.20817995,64
9314.20817995,64
9320.20820999,64
9324.20820999,65
9332.20817995,71
9334.20817995,70
9343.20817995,62
9348.20817995,63
9349.20817995,63
9358.20820999,59
9360.20817995,59
9364.20817995,62
9369.20820999,68
9378.20817995,67
9379.20817995,67
9384.20820999,69
9389.20820999,73
9398.20820999,79
9400.20820999,79
9404.20817995,75
9413.20817995,67
9418.20817995,65
9422.20817995,64
9428.20817995,63
9431.20820999,63
9437.20820999,64
9440.20817995,64
9445.20817995,64
9450.20817995,64
9454.20817995,65
9461.20817995,65
9464.20817995,64
9472.20820999,62
9478.20820999,62
9479.20817995,62
9488.20820999,61
9490.20817995,61
9495.20817995,63
9501.20820999,64
9507.20820999,64
9510.20817995,64
9518.20820999,64
9520.20817995,64
9524.20820999,65
9530.20817995,64
9536.20817995,65
9539.20817995,64
9545.20817995,64
9552.20817995,64
9558.20817995,67
9559.20817995,67
9568.20820999,62
9573.20817995,61
9578.20817995,61
9579.20820999,62
9587.20820999,62
9591.20817995,62
9596.20820999,62
9603.20820999,64
9608.20817995,64
9613.20817995,64
9614.20820999,64
9622.20817995,65
9624.20817995,65
9633.20817995,65
9634.20817995,65
9640.20817995,65
9648.20820999,62
9653.20817995,62
9654.20817995,62
9661.20817995,63
9665.20817995,63
9671.20817995,62
9678.20817995,63
9680.20817995,63
9685.20817995,62
9693.20820999,62
9694.20817995,63
9703.20817995,64
9706.20820999,64
9713.20817995,62
9718.20820999,62
9720.20817995,63
9728.20817995,64
9729.20817995,64
9735.20817995,62
9743.20817995,62
9744.20820999,62
9753.20817995,62
9758.20817995,62
9759.20817995,62
9767.20817995,62
9769.20817995,63
9774.20817995,63
9783.20817995,63
9788.20817995,62
9789.20817995,62
9796.20820999,62
9803.20817995,60
9808.20817995,61
9812.20820999,61
9818.20817995,62
9822.20817995,63
9828.20817995,63
9831.20820999,63
9838.20817995,63
9839.20817995,63
9846.20817995,62
9853.20820999,62
9858.20820999,62
9859.20817995,62
9868.20817995,61
9872.20817995,62
9874.20820999,62
9880.20817995,62
9887.20820999,62
9889.20820999,61
9894.20817995,61
9899.20817995,62
9905.20820999,62
9909.20820999,62
9918.20820999,61
9921.20820999,62
9924.20820999,61
9931.20817995,61
9934.20817995,62
9941.20817995,62
9948.20817995,61
9950.20817995,61
9955.20817995,62
9959.20817995,61
9966.20820999,61
9973.20820999,62
9975.20817995,62
9979.20817995,62
9985.20817995,64
9989.20817995,63
9998.20817995,59
10003.20818,59
10008.20818,59
10013.20821,60
10016.20818,60
10019.20821,60
10024.20818,61
10031.20818,63
10038.20818,62
10039.20821,63
10046.20818,65
10049.20818,64
10058.20821,61
10060.20818,61
10065.20818,62
10069.20818,62
10077.20818,61
10079.20818,63
10085.20818,65
10093.20818,60
10098.20818,59
10103.20818,59
10104.20818,60
10109.20818,61
10118.20821,62
10121.20821,62
10124.20821,62
10130.20818,63
10138.20818,63
10141.20818,64
10144.20818,63
10153.20818,61
10158.20821,61
10159.20818,61
10165.20821,63
10172.20818,62
10178.20818,62
10179.20818,62
10184.20818,63
10192.20821,66
10197.20818,65
10200.20818,64
10208.20818,62
10213.20821,62
10217.20818,62
10219.20821,62
10228.20818,63
10229.20818,63
10236.20821,62
10239.20818,63
10245.20821,63
10253.20821,63
10255.20818,63
10263.20821,63
10264.20821,63
10271.20818,62
10276.20818,62
10279.20818,63
10287.20818,63
10293.20818,63
10297.20821,64
10299.20818,63
10308.20821,62
10312.20818,62
10317.20818,62
10323.20821,65
10327.20818,64
10333.20818,63
10335.20821,63
10341.20821,64
10348.20818,65
10349.20818,64
10357.20821,64
10363.20821,64
10364.20818,64
10373.20821,64
10374.20821,64
10383.20818,62
10384.20818,62
10389.20818,63
10395.20818,63
10401.20821,63
10408.20818,62
10413.20818,62
10416.20821,62
10420.20821,62
10426.20818,63
10432.20818,64
10437.20821,66
10439.20818,66
10448.20818,63
10453.20818,62
10457.20818,62
10461.20818,63
10465.20821,63
10470.20818,62
10474.20818,62
10479.20818,63
10485.20818,63
10492.20818,63
10498.20818,64
10502.20818,64
10505.20818,64
10513.20821,63
10515.20818,63
10523.20818,61
10528.20821,61
10529.20821,61
10534.20818,62
10543.20821,62
10544.20821,62
10550.20821,63
10556.20818,62
10561.20821,62
10568.20818,64
10570.20818,64
10574.20818,63
10583.20821,63
10584.20818,63
10591.20818,63
10598.20821,63
10599.20821,63
10604.20821,63
10611.20818,64
10618.20818,64
10620.20821,64
10627.20821,62
10633.20818,62
10636.20818,62
10641.20821,62
10647.20818,62
10649.20821,63
10654.20821,63
10663.20818,62
10666.20818,63
10673.20818,63
10674.20818,63
10683.20821,62
10685.20818,62
10691.20818,61
10697.20818,62
10699.20818,63
10705.20818,62
10713.20818,62
10714.20821,63
10723.20818,64
10728.20818,64
10730.20818,64
10738.20818,63
10743.20821,63
10747.20818,64
10749.20821,64
10754.20821,63
10763.20821,63
10766.20818,64
10771.20818,64
10775.20818,64
10783.20818,64
10787.20821,64
10789.20818,64
10798.20821,64
10801.20818,64
10804.20821,65
10813.20818,64
10817.20818,64
10821.20821,64
10825.20821,64
10832.20821,66
10834.20818,66
10843.20818,62
10848.20818,61
10850.20821,62
10856.20818,63
10859.20818,63
10867.20818,62
10869.20818,62
10874.20818,63
10883.20818,63
10888.20821,62
10889.20818,62
10894.20818,63
10903.20821,64
10905.20818,65
10912.20818,66
10914.20821,66
10923.20818,62
10928.20821,61
10930.20821,61
10936.20821,62
10941.20821,63
10948.20818,65
10950.20821,64
10958.20818,64
10961.20818,64
10968.20818,64
10969.20818,65
10976.20821,64
10983.20818,63
10987.20818,63
10989.20818,63
10994.20818,63
11002.20818,64
11004.20818,65
11009.20818,65
11018.20818,67
11019.20821,68
11028.20821,66
11029.20818,66
11034.20818,67
11039.20821,67
11044.20818,66
11053.20818,64
11054.20821,64
11063.20821,68
11065.20818,68
11069.20821,66
11077.20818,64
11079.20821,66
11088.20821,74
11092.20818,73
11094.20818,72
11103.20821,66
11106.20821,65
11109.20818,65
11118.20821,60
11122.20818,60
11125.20818,61
11130.20818,60
11134.20821,61
11139.20818,63
11148.20818,58
11153.20818,58
11158.20818,58
11161.20818,59
11166.20818,59
11169.20818,60
11174.20821,60
11182.20821,63
11184.20818,63
11193.20821,60
11195.20818,60
11203.20818,63
11204.20818,63
11213.20818,59
11218.20821,58
11223.20818,58
11225.20818,59
11231.20818,59
11237.20818,61
11241.20818,61
11245.20818,62
11251.20821,62
11255.20818,62
11262.20821,62
11264.20818,62
11269.20818,61
11278.20821,61
11279.20821,61
11286.20818,62
11289.20818,63
11298.20818,64
11299.20818,64
11308.20818,60
11313.20818,60
11314.20818,61
11321.20821,63
11324.20818,63
11333.20818,61
11336.20818,62
11341.20818,62
11347.20818,62
11349.20818,61
11358.20821,61
11362.20821,61
11367.20818,61
11371.20818,62
11378.20818,63
11379.20818,62
11387.20821,62
11391.20818,62
11394.20818,62
11399.20818,61
11408.20818,62
11410.20818,62
11416.20821,61
11423.20821,62
11424.20818,62
11431.20818,62
11438.20818,62
11439.20818,63
11446.20821,62
11453.20818,62
11458.20818,64
11461.20818,64
11464.20818,63
11473.20821,61
11477.20818,61
11482.20818,62
11485.20818,62
11493.20821,64
11497.20818,64
11499.20818,64
11507.20818,62
11513.20818,62
11514.20818,61
11522.20821,61
11524.20818,61
11532.20818,61
11535.20818,61
11540.20818,62
11548.20818,63
11550.20821,63
11555.20821,63
11563.20818,61
11565.20818,61
11569.20821,62
11578.20821,62
11583.20821,62
11586.20818,62
11589.20818,62
11597.20821,62
11600.20818,61
11605.20818,63
11609.20818,63
11614.20818,63
11623.20818,60
11628.20821,60
11633.20818,60
11637.20821,60
11641.20818,61
11648.20818,61
11649.20821,62
11655.20818,62
11660.20821,62
11664.20821,62
11669.20818,62
11674.20818,62
11680.20821,61
11688.20818,61
11689.20818,61
11698.20821,63
11700.20818,62
11707.20821,62
11711.20821,62
11718.20818,63
11719.20818,64
11724.20818,64
11730.20818,67
11734.20818,65
11743.20818,59
11748.20818,60
11751.20818,60
11757.20821,62
11759.20818,63
11767.20818,60
11773.20818,60
11774.20818,60
11781.20818,62
11788.20821,62
11791.20818,62
11794.20818,62
11803.20821,64
11804.20821,64
11813.20818,60
11818.20818,60
11823.20818,60
11827.20821,60
11829.20818,60
11838.20821,61
11839.20821,62
11847.20821,62
11849.20821,62
11854.20818,62
11859.20818,62
11864.20821,63
11873.20818,61
11878.20821,61
11880.20821,62
11884.20818,62
11890.20818,63
11896.20821,63
11901.20818,62
11907.20818,62
11909.20818,62
11915.20821,63
11923.20818,65
11926.20821,64
11930.20818,63
11934.20818,63
11943.20821,63
11947.20818,64
11953.20818,64
11957.20818,64
11959.20821,64
11965.20821,64
11969.20818,64
11976.20821,64
11983.20818,63
11986.20818,62
11989.20818,62
11995.20818,62
11999.20818,63
12006.20818,63
12013.20818,64
12014.20818,64
12022.20818,63
12027.20818,63
12033.20818,62
12034.20818,63
12040.20818,64
12047.20818,65
12049.20818,64
12058.20818,62
12063.20818,62
12066.20821,62
12072.20821,62
12074.20818,63
12082.20821,64
12084.20818,63
12091.20818,63
12095.20821,63
12102.20818,63
12108.20818,62
12113.20821,62
12117.20818,62
12120.20818,62
12124.20821,61
12129.20821,61
12138.20818,62
12142.20818,62
12146.20818,62
12150.20818,62
12158.20821,63
12162.20821,62
12168.20818,61
12172.20818,61
12175.20821,61
12181.20818,63
12187.20818,62
12193.20818,61
12195.20821,62
12202.20821,63
12204.20818,63
12209.20818,63
12214.20818,63
12223.20818,63
12225.20818,63
12233.20818,63
12238.20818,63
12243.20818,63
12245.20818,62
12251.20818,62
12257.20821,63
12261.20818,63
12268.20821,66
12271.20818,65
12274.20818,63
12282.20818,61
12285.20821,60
12291.20821,60
12295.20818,60
12301.20821,62
12306.20818,61
12313.20818,60
12316.20821,61
12323.20821,62
12324.20818,62
12330.20818,62
12338.20818,62
12341.20818,61
12344.20818,62
12350.20818,62
12355.20818,60
12363.20821,60
12368.20818,61
12369.20818,61
12374.20818,61
12383.20818,63
12384.20821,62
12393.20818,62
12398.20821,62
12403.20818,61
12405.20818,61
12413.20821,62
12414.20818,62
12423.20818,63
12427.20818,63
12433.20818,62
12434.20818,61
12443.20818,61
12445.20821,61
12450.20818,61
12457.20821,62
12459.20821,62
12464.20818,63
12473.20818,63
12477.20818,61
12481.20818,61
12484.20821,63
12493.20821,74
12498.20544,75
12499.20544,75
12508.20544,69
12511.2054701,68
12514.20544,66
12523.20544,59
12528.20544,58
12533.2054701,58
12535.20544,59
12541.20544,60
12546.20544,62
12549.20544,62
12558.20544,59
12563.20544,59
12566.2054701,60
12573.20544,60
12577.2054701,62
12581.20544,62
12586.20544,61
12590.20544,62
12596.20544,62
12603.20544,61
12604.20544,61
12611.2054701,61
12618.20544,62
12622.20544,63
12628.20544,63
12631.2054701,63
12638.2054701,63
12641.2054701,63
12644.2054701,63
12653.20544,63
12658.2054701,63
12659.2054701,63
12668.20544,62
12669.20544,63
12678.20544,64
12679.20544,64
12687.2054701,63
12693.2054701,64
12694.20544,63
12699.20544,63
12708.2054701,67
12710.20544,66
12714.2054701,65
12723.20544,64
12728.20544,64
12729.20544,64
12734.20544,64
12743.20544,64
12745.20544,64
12750.2054701,64
12758.20544,63
12759.2054701,64
12764.2054701,64
12769.2054701,64
12776.20544,62
12781.2054701,62
12788.20544,64
12793.20544,65
12794.20544,65
12803.2054701,65
12804.20544,64
12812.20544,64
12817.20544,64
12821.20544,64
12828.20544,64
12831.20544,64
12838.20544,64
12839.20544,64
12845.20544,65
12853.20544,63
12856.20544,63
12863.2054701,63
12866.20544,64
12870.20544,64
12876.2054701,65
12879.20544,65
12885.2054701,65
12893.2054701,64
12898.20544,64
12903.20544,64
12904.2054701,64
12909.20544,63
12918.2054701,61
12922.20544,62
12924.2054701,62
12933.20544,63
12938.20544,62
12943.20544,62
12944.20544,63
12952.2054701,65
12957.2054701,64
12959.20544,64
12968.2054701,63
12972.20544,64
12978.20544,64
12979.2054701,64
12984.2054701,65
12990.2054701,66
12994.20544,65
13003.20544,63
13008.20544,63
13013.2054701,63
13014.20544,62
13019.20544,62
13024.20544,63
13033.2054701,64
13037.20544,65
13043.2054701,66
13045.2054701,66
13050.2054701,66
13058.20544,65
13059.20544,65
13067.2054701,65
13069.20544,64
13075.20544,64
13081.20544,64
13084.20544,63
13093.2054701,64
13095.2054701,64
13101.20544,64
13104.20544,65
13112.20544,65
13114.20544,65
13120.20544,68
13124.20544,65
13133.2054701,61
13134.20544,61
13143.2054701,64
13144.20544,63
13150.20544,63
13154.20544,64
13163.20544,74
13168.20544,76
13172.20544,78
13174.20544,76
13183.20544,65
13188.20544,68
13191.20544,70
13194.20544,69
13203.20544,61
13208.20544,61
13211.20544,61
13217.20544,61
13220.20544,61
13224.20544,61
13232.20544,64
13238.20544,65
13240.20544,65
13248.2054701,66
13251.20544,66
13254.20544,66
13263.20544,62
13266.20544,63
13273.20544,66
13274.20544,66
13279.20544,65
13288.20544,64
13291.20544,65
13298.2054701,66
13303.2054701,65
13304.20544,65
13309.2054701,67
13318.20544,65
13323.20544,65
13325.2054701,66
13330.2054701,67
13334.20544,67
13343.20544,65
13346.2054701,65
13350.20544,66
13358.20544,66
13361.20544,66
13364.20544,67
13369.20544,67
13378.20544,66
13382.20544,65
13384.20544,66
13389.20544,66
13398.20544,64
13403.2054701,64
13404.20544,65
13411.20544,67
13418.2054701,67
13423.2054701,66
13428.20544,66
13433.2054701,66
13434.2054701,66
13439.2054701,69
13445.2054701,68
13453.2054701,68
13454.20544,68
13463.20544,69
13464.20544,68
13471.20544,67
13474.20544,68
13483.2054701,73
13486.20544,73
13491.20544,71
13494.2054701,70
13503.20544,66
13506.20544,66
13510.2054701,65
13518.20544,65
13523.2054701,65
13527.20544,66
13529.2054701,65
13538.20544,65
13541.2054701,65
13547.20544,65
13550.20544,65
13554.20544,66
13560.20544,67
13564.2054701,66
13573.20544,64
13578.20544,64
13580.20544,64
13588.20544,64
13589.20544,64
13595.20544,66
13599.20544,65
13608.2054701,63
13609.20544,63
13618.2054701,64
13619.20544,64
13627.20544,64
13633.20544,64
13634.2054701,64
13642.20544,67
13646.20544,67
13653.20544,68
13657.20544,67
13663.20544,66
13664.2054701,66
13673.20544,64
13678.2054701,65
13679.20544,65
13688.20544,64
13690.20544,64
13696.20544,65
13700.20544,66
13707.20544,68
13713.2054701,69
13714.20544,69
13723.20544,73
13728.2054701,73
13733.20544,73
13737.2054701,73
13739.20544,73
13744.2054701,69
13753.20544,66
13758.20544,65
13760.20544,65
13767.20544,63
13773.2054701,63
13778.20544,63
13780.2054701,64
13785.20544,64
13791.2054701,65
13796.20544,67
13803.2054701,66
13806.20544,67
13810.20544,68
13817.2054701,68
13820.2054701,68
13824.20544,69
13833.2054701,75
13835.2054701,75
13843.20544,69
13848.2054701,67
13853.20544,66
13858.20544,66
13863.20544,65
13864.20544,66
13873.20544,77
13878.2054701,80
13883.20544,81
13886.20544,81
13889.20544,81
13897.2054701,77
13900.2054701,77
13908.20544,79
13909.2054701,79
13917.20544,85
13922.2054701,85
13926.20544,83
13930.2054701,84
13938.20544,84
13940.2054701,86
13944.20544,88
13953.2054701,89
13958.20544,86
13959.2054701,85
13968.20544,80
13973.20544,83
13974.20544,83
13983.20544,89
13986.20544,90
13989.2054701,91
13998.2054701,93
13999.20544,93
14004.20544,86
14011.2054701,82
14015.20544,86
14023.20544,86
14028.20544,86
14031.20544,86
14035.2054701,84
14043.20544,90
14046.20544,92
14049.20544,94
14058.20544,81
14062.20544,83
14068.20544,82
14069.2054701,81
14077.20544,80
14080.2054701,80
14088.2054701,79
14091.20544,79
14094.20544,80
14102.2054701,84
14104.20544,83
14113.2054701,78
14117.20544,80
14119.2054701,81
14124.20544,83
14129.2054701,85
14138.20544,92
14140.20544,91
14148.20544,84
14152.2054701,84
14155.20544,85
14160.2054701,82
14166.20544,76
14169.2054701,75
14178.20544,70
14182.20544,71
14185.20544,72
14192.2054701,73
14198.20544,73
14199.20544,73
14208.2054701,71
14213.20544,71
14215.20544,71
14221.2054701,70
14227.20544,69
14233.20544,69
14237.20544,69
14243.20544,70
14244.20544,70
14253.20544,68
14257.20544,68
14259.20544,68
14264.20544,69
14269.20544,73
14278.20544,80
14279.2054701,80
14288.20544,71
14293.20544,69
14298.2054701,68
14299.20544,68
14308.20544,65
14312.20544,65
14316.2054701,65
14319.20544,65
14325.20544,65
14333.2054701,65
14334.20544,65
14343.20544,65
14347.2054701,66
14350.2054701,66
14354.20544,68
14363.20544,65
14366.2054701,64
14371.2054701,64
14378.20544,63
14382.2054701,63
14388.20544,63
14393.2054701,63
14394.20544,64
14399.20544,66
14408.20544,63
14412.20544,63
14414.20544,63
14423.2054701,63
14424.20544,63
14433.20544,63
14437.2054701,63
14442.20544,62
14446.20544,62
14449.20544,62
14457.20544,65
14459.2054701,64
14467.20544,61
14469.20544,63
14478.20544,69
14479.20544,68
14488.20544,65
14493.20544,64
14494.20544,64
14499.2054701,64
14504.20544,63
14513.20544,63
14514.2054701,63
14520.2054701,65
14524.20544,64
14533.2054701,62
14536.2054701,62
14543.20544,62
14544.20544,62
14549.2054701,62
14554.20544,63
14563.2054701,64
14564.2054701,64
14573.20544,62
14576.2054701,63
14582.2054701,63
14585.20544,63
14589.20544,62
14598.2054701,61
14600.2054701,62
14605.20544,62
14612.20544,61
14617.20544,62
14622.20544,62
14624.2054701,61
14631.20544,61
14635.20544,61
14643.2054701,61
14644.20544,61
14653.20544,61
14655.20544,62
14660.20544,62
14664.20544,62
14671.2054701,64
14674.2054701,64
14679.2054701,62
14688.2054701,60
14693.2054701,61
14694.20544,61
14703.2054701,64
14707.20544,64
14709.20544,64
14717.20544,65
14722.20544,65
14724.2054701,66
14730.20544,67
14734.20544,65
14743.20544,61
14748.20544,60
14751.20544,59
14758.20544,59
14760.2054701,58
14767.20544,59
14773.20544,59
14774.20544,59
14783.20544,63
14785.20544,63
14793.20544,64
14794.2054701,64
14799.2054701,62
14808.20544,60
14813.20544,59
14817.20544,59
14823.20544,59
14828.20544,60
14830.2054701,60
14837.20544,59
14839.2054701,59
14844.20544,61
14851.20544,60
14855.20544,60
14859.2054701,62
14866.20544,65
14869.20544,64
14878.2054701,60
14879.20544,60
14888.20544,59
14889.20544,59
14894.2054701,61
14899.20544,63
14908.20544,60
14913.20544,60
14917.2054701,60
14923.20544,59
14926.20544,59
14929.2054701,59
14938.2054701,60
14942.20544,60
14945.2054701,60
14953.2054701,61
14954.2054701,61
14962.2054701,60
14964.20544,60
14973.2054701,66
14974.20544,65
14979.2054701,62
14988.2054701,59
14993.20544,59
14998.20544,60
14999.2054701,60
15004.2054701,59
15013.20544,58
15014.20544,58
15023.20544,61
15026.20544,61
15033.2054701,59
15038.20544,59
15043.2054701,59
15045.20544,60
15053.20544,60
15058.20544,59
15060.20544,59
15067.2054701,61
15072.20544,60
15078.20544,59
15083.20544,60
15084.2054701,60
15092.20544,60
15097.2054701,60
15101.20544,60
15104.20544,61
15113.2054701,60
15114.20544,61
15123.20544,60
15127.2054701,59
15133.20544,59
15138.20544,59
15139.20544,59
15148.20544,59
15149.2054701,59
15154.2054701,60
15162.2054701,61
15166.20544,60
15173.2054701,60
15174.2054701,60
15183.20544,59
15187.2054701,59
15192.2054701,59
15197.2054701,60
15203.20544,61
15208.20544,60
15209.20544,59
15218.20544,59
15221.2054701,59
15227.20544,58
15232.20544,58
15235.2054701,58
15239.2054701,57
15248.20544,59
15252.2054701,59
15258.20544,58
15260.20544,58
15264.20544,58
15273.20544,58
15275.2054701,58
15282.2054701,57
15285.20544,57
15289.2054701,57
15294.2054701,57
15300.2054701,57
15304.20544,57
15313.2054701,58
15318.20544,59
15319.20544,59
15328.2054701,61
15332.20544,60
15337.20544,59
15343.20544,59
15346.2054701,59
15352.20544,58
15355.20544,59
