-556410.36066,57
-556408.36062,56
-556403.36062,56
-556399.36062,57
-556389.36062,59
-556163.88076,61
-555327.00627,98
-554832.63128,90
-554635.13174,94
-554380.11611,88
-553910.25704,92
-553757.241,93
-553574.24103,95
-553369.45551,89
-553364.45548,90
-553359.45548,95
-553328.25235,101
-553323.25235,99
-553318.25235,99
-553314.25235,95
-553312.25235,95
-553297.50626,101
-553292.50626,102
-553290.50626,102
-553203.73282,92
-553200.73285,92
-553193.73282,92
-553188.73282,89
-553183.73285,91
-553181.73282,91
-553176.73282,91
-553167.73282,93
-553163.73282,95
-553041.95194,94
-552831.45194,94
-552611.45194,93
-552194.07694,94
-552081.07697,94
-551594.0934,96
-551253.71843,96
-551190.71843,91
-550746.83121,98
-550370.82704,92
-550229.32926,93
-549533.63284,99
-549224.34716,104
-547693.04805,98
-547342.04856,99
-546673.54858,96
-546259.6378,108
-545102.38916,86
-544783.88916,90
-543944.01416,92
-543507.13134,107
-543161.76723,84
-543058.76723,90
-542386.88651,99
-541779.2722,107
-541608.00626,75
-541603.00626,76
-541600.00626,76
-541498.68281,73
-541493.68281,75
-541492.68281,74
-541487.68281,75
-541477.68284,76
-541083.58555,112
-540704.31819,76
-540699.31819,73
-540698.31819,73
-540691.31822,71
-540687.31819,73
-540682.31819,72
-540675.31819,77
-540636.13854,97
-540630.13854,85
-540625.13854,83
-540624.13854,83
-540615.13854,75
-540610.13854,74
-540606.13857,75
-540436.29906,96
-540111.299,86
-539587.11072,88
-539312.61399,106
-539000.73899,77
-538827.23701,107
-538427.86201,101
-538208.36201,85
-538009.48704,117
-537314.61525,112
-536999.60874,97
-536634.23374,112
-535614.48374,101
-535514.98368,89
-535079.48557,98
-534834.10972,89
-534661.1112,89
-534395.73441,95
-533976.73458,95
-533512.36322,93
-533068.44681,84
-532908.44671,80
-532175.57313,78
-531999.57095,71
-531555.19595,78
-529022.22311,83
-528711.72302,78
-528453.84732,68
-527920.84782,75
-527516.97194,87
-526928.09724,82
-526629.72246,103
-526028.34739,84
-525302.97314,93
-524390.61968,93
-524373.55678,85
-524368.55678,81
-524353.94741,140
-524350.94741,141
-524347.94741,144
-524342.94741,139
-523608.07748,94
-523294.08143,86
-522789.70247,78
-522223.33563,81
-522016.32781,79
-521311.4531,80
-521174.57775,81
-520433.70281,80
-520296.29233,76
-520291.29233,73
-520289.29236,73
-520285.29236,72
-520280.29236,73
-520271.29233,76
-520201.89496,80
-519288.48693,76
-519112.91641,78
-519107.91641,80
-519102.91641,77
-519100.91644,77
-519096.91641,77
-519090.91641,77
-519082.91641,76
-519080.91641,76
-519073.91641,76
-519067.91641,83
-518847.35436,75
-518767.85436,85
-518490.35444,78
-518428.96742,88
-518423.96742,87
-518418.96742,81
-517856.22987,81
-517369.34349,79
-517207.96843,69
-516799.96872,57
-516539.44921,92
-516534.44918,90
-516529.44918,91
-516528.44918,91
-516519.44918,88
-516517.44918,87
-516513.44918,88
-516418.89809,93
-516409.89809,93
-516402.89813,91
-516401.89813,91
-516387.89809,90
-516382.89809,90
-516345.22262,79
-515799.72397,88
-515717.06245,73
-515713.06245,79
-515708.06249,78
-515705.06245,77
-515701.06245,77
-484016.31821,120
-483799.25723,95
-483716.30441,75
-483558.30402,79
-483381.30334,76
-482837.95478,77
-482709.45467,79
-481982.57873,78
-481713.72627,79
-481090.35061,79
-480880.85025,78
-480660.30222,110
-480464.86482,72
-480019.28331,80
-479815.84059,88
-479721.34103,76
-479423.84192,77
-478553.59148,80
-478103.71694,77
-477768.21733,77
-477453.84241,78
-477322.84273,74
-477076.84289,75
-476755.96769,71
-476406.59394,75
-476043.59541,74
-475907.59441,78
-475593.72071,72
-475031.20379,76
-474750.70375,72
-474432.32889,57
-474367.82889,68
-474008.29363,73
-473732.29395,75
-473476.91901,72
-473020.044,68
-472644.04409,56
-472541.54403,63
-472091.16913,81
-471764.29469,70
-471616.79445,76
-471150.91919,77
-471055.41928,59
-470575.04433,69
-470451.04432,77
-470017.67004,68
-469851.66951,70
-469496.2951,66
-469167.79544,66
-468800.92086,73
-468505.42105,71
-468390.9212,80
-467882.50662,73
-467660.37775,87
-467540.44086,67
-467459.44055,67
-467196.44052,74
-466908.06557,75
-466013.71114,69
-465793.34022,77
-465735.52735,77
-465729.52735,79
-465727.52735,78
-465723.52738,77
-465519.01037,80
-465232.00641,82
-464976.6106,84
-464606.10752,85
-464466.23147,95
-463972.23269,89
-463816.35773,80
-463349.85792,80
-463061.48529,81
-462903.98406,80
-462574.10862,78
-462342.10838,79
-462054.7333,80
-461535.73583,74
-461452.35893,85
-461147.35954,77
-460680.48427,78
-460596.48424,82
-460015.85944,97
-459447.4847,84
-459375.9847,80
-458596.23539,92
-458465.23539,78
-457895.86062,88
-457018.98591,77
-456818.11123,79
-456616.61124,74
-456265.12334,84
-456100.12336,75
-455758.24814,85
-455307.87674,78
-455100.87348,87
-454747.37686,77
-454177.50638,79
-453761.50676,69
-453651.6316,77
-453184.14521,67
-453102.64521,80
-452546.75762,70
-452373.88277,70
-451910.39207,77
-451615.5087,84
-451366.50772,72
-451304.50766,78
-450745.63261,81
-450515.75804,91
-450292.11629,77
-449871.17976,79
-449724.1799,85
-449429.80491,66
-449098.80535,73
-448832.43015,108
-448371.05905,90
-448289.55899,75
-447996.05664,84
-447268.80555,83
-446910.80542,74
-446565.93074,81
-446310.73817,134
-446215.802,118
-445980.30176,99
-445084.55289,96
-444863.55087,99
-444563.05284,76
-444225.05326,72
-443911.97762,86
-443906.97762,86
-443901.97762,86
-443895.97762,85
-443894.97765,85
-443889.97762,85
-443844.53658,79
-443774.45458,82
-443385.89372,84
-442933.5199,86
-442796.51986,90
-442476.64497,94
-442022.51473,94
-441949.01473,93
-441701.51358,96
-441294.42711,92
-441289.42711,93
-441271.41539,92
-441266.41539,95
-441260.41539,95
-441258.41539,95
-441254.41539,94
-441249.41539,95
-441244.41539,94
-441234.41539,92
-441230.41539,91
-441135.17019,95
-440881.17085,91
-440546.79594,89
-440297.29641,89
-439941.29598,91
-439610.29605,84
-439487.79596,86
-439291.42152,86
-438951.42592,92
-438639.04636,78
-438334.54634,81
-437945.67143,88
-437675.67171,83
-437318.79672,83
-437208.79672,86
-436786.7955,81
-436631.98255,82
-436627.98258,84
-436620.98258,81
-436615.98255,80
-436613.98258,80
-436605.98258,78
-436601.98255,78
-436598.98255,78
-436587.98258,77
-436516.72485,62
-436511.72482,86
-436506.72482,86
-436501.72482,87
-436496.72482,82
-436491.72482,79
-436485.72482,79
-436384.1625,80
-436353.49932,89
-436348.49932,86
-436342.49929,84
-436337.49932,83
-436332.49929,81
-436329.49929,82
-436322.49929,82
-436318.49929,82
-436245.97475,79
-435903.97468,81
-435594.60011,75
-435380.60011,72
-435094.22456,73
-434753.22423,89
-434361.34922,87
-434189.34928,83
-433612.97213,64
-433516.47213,59
-433040.59684,81
-432754.59501,81
-432505.2203,77
-432337.71958,78
-431901.34464,89
-431587.84406,71
-431151.14421,77
-431131.98369,67
-431125.98369,71
-431120.98372,71
-431115.98372,76
-397503.33564,79
-397104.24829,75
-396804.25069,77
-396659.25063,79
-396365.37233,68
-396097.90689,86
-395658.79789,80
-395502.29792,92
-394554.04827,84
-394145.46952,66
-393586.899,77
-393421.96149,75
-393280.96158,78
-392826.58651,89
-392690.58595,78
-392238.71584,76
-391938.21272,76
-391778.24063,74
-391557.24031,75
-391157.36506,97
-390842.36494,88
-390309.4959,83
-389936.62222,80
-389561.12231,91
-389449.12238,90
-388966.77879,86
-388871.27891,80
-388378.90442,84
-388345.61499,73
-388339.61499,75
-388334.61499,75
-388330.61499,75
-388327.61499,75
-388261.43948,81
-387767.93975,73
-387501.56537,80
-387239.06519,73
-386957.60048,68
-386622.60054,78
-386267.13553,99
-386139.69795,71
-385850.10793,78
-385805.17074,71
-385324.67133,79
-385134.79681,78
-384718.79729,78
-384529.42173,65
-384215.4221,69
-383963.5475,67
-383673.54636,76
-383216.17161,75
-383138.17184,78
-382873.17426,86
-382426.29695,82
-382032.92183,79
-381755.92185,67
-381545.04688,82
-381123.04687,81
-381059.04687,91
-380616.67204,90
-379980.79723,74
-379676.42217,80
-379512.92194,79
-379017.04777,81
-378859.54783,78
-378445.17227,77
-378190.17446,77
-377867.29976,98
-377545.80028,75
-377303.79217,78
-376948.34517,81
-376747.34502,78
-376311.47002,76
-376236.46996,76
-375722.59485,79
-375573.09502,91
-375139.22042,91
-374958.72027,89
-374734.8454,98
-374477.34559,104
-373999.853,95
-373756.44462,122
-373754.44466,92
-373749.44462,88
-373737.44462,113
-373698.58556,98
-373414.19603,104
-373408.19603,107
-373407.196,107
-373041.05599,98
-372820.05572,93
-372515.68085,89
-371817.70694,86
-371409.31036,83
-371178.83744,85
-370555.43395,104
-369978.05407,122
-368775.18541,111
-368764.18541,137
-368171.48279,93
-367773.60791,93
-367338.73265,88
-367228.73265,85
-366922.35765,81
-366666.35765,81
-366402.35763,81
-366043.98267,82
-365795.98267,81
-365487.60743,81
-365209.61027,79
-364793.23209,74
-364386.35694,75
-364246.85694,74
-363992.857,74
-363705.48241,75
-363405.48241,75
-363094.1061,74
-362784.10513,73
-362507.73012,74
-362096.3696,73
-361800.35582,75
-361445.48033,74
-361194.97959,78
-360994.97968,78
-360703.60456,80
-360349.12378,84
-359976.62283,81
-359732.74783,77
-359495.24743,74
-359073.74731,72
-358649.74631,73
-358443.86974,71
-358103.36912,74
-357825.49435,78
-357289.35165,140
-357224.41449,80
-357047.27258,145
-356823.23005,148
-356513.68361,88
-355969.30881,92
-355634.30912,91
-355366.93435,92
-355060.93699,86
-354859.43458,82
-354441.0598,84
-354124.1848,85
-353999.18538,86
-353807.84912,77
-353803.84915,76
-353799.84912,77
-353785.10302,81
-353780.10302,81
-353775.10302,84
-353773.10302,85
-353765.10302,94
-353569.01054,85
-353420.0127,84
-352676.13442,76
-352552.25957,76
-352275.25968,84
-351719.88486,72
-351546.88501,77
-351227.01007,70
-351203.22467,72
-351198.22467,74
-351193.22467,74
-351190.22467,73
-351183.22467,74
-351179.22467,74
-351173.22467,71
-351170.22467,70
-351167.22467,71
-351162.22467,71
-350955.58892,73
-350625.58843,74
-350088.2137,80
-349757.83872,81
-349322.46437,82
-349066.46447,67
-348934.97852,71
-348662.089,69
-348115.21353,69
-348041.21387,69
-347955.6508,72
-347950.65077,69
-347944.65077,68
-347939.65077,69
-347934.65077,71
-347932.65077,72
-347928.65077,73
-347923.6508,72
-347914.65077,67
-347912.65077,66
-347881.1057,76
-347876.1057,68
-347870.1057,69
-347865.1057,67
-347864.10573,66
-347743.27597,74
-347337.27682,71
-347136.90176,71
-346641.02573,63
-345764.15375,92
-345667.52294,73
-345181.52564,78
-344189.77301,69
-343580.86684,58
-343096.4925,61
-342857.49683,81
-342690.49234,91
-342433.45782,59
-342430.45782,67
-342424.45782,107
-340284.65297,76
-339777.27832,79
-339630.27861,83
-339351.27816,90
-338436.90356,84
-338193.02872,91
-337889.02861,79
-337638.96492,95
-337633.96492,93
-337627.96492,90
-337626.96492,90
-337621.96495,90
-337616.96492,89
-337610.96492,86
-337605.96495,89
-337599.96492,99
-337526.33409,90
-337286.33303,56
-336885.45858,89
-336867.27071,96
-336862.27071,94
-336860.27071,95
-336856.27071,95
-336851.27074,95
-336846.27071,95
-336841.27071,95
-336834.27071,87
-336831.27071,88
-336616.29834,74
-336335.29824,91
-336045.92344,96
-335753.42869,91
-335564.83698,90
-335560.83698,85
-335555.83694,86
-335413.021,91
-334670.14616,70
-334598.64627,87
-334217.27159,82
-333865.77157,81
-333231.89968,86
-332886.52278,77
-332781.52243,82
-332277.64756,80
-332179.64775,81
-331808.1477,95
-331557.64799,78
-331272.1129,82
-330726.73772,84
-330570.24232,80
-330537.89,83
-330533.89,84
-330530.89003,84
-330521.89,82
-330516.89003,78
-330514.89003,79
-330509.89,79
-330133.94135,74
-330000.94135,94
-329594.9431,80
-329491.06642,78
-328967.56618,77
-328648.06633,72
-328542.06636,70
-328185.69145,70
-327914.19137,70
-327479.31641,67
-327389.31637,67
-326878.31651,63
-326572.31667,67
-326391.44174,69
-325940.56705,66
-325798.06698,68
-325464.56705,69
-325154.1921,66
-324730.19285,71
-324600.19285,71
-324307.19278,77
-324073.34203,76
-323671.81804,80
-323424.9438,81
-322652.56896,73
-322491.06856,44
-322179.19369,72
-321854.19365,81
-321610.19399,67
-321248.69385,71
-321016.31973,82
-320787.31919,73
-320232.94425,82
-320012.44422,85
-319751.06934,81
-319440.06962,81
-319197.69492,77
-318920.1953,81
-318586.3206,76
-318292.32068,80
-317956.94662,78
-317752.44738,78
-317315.57385,75
-317084.07312,75
-316713.41671,73
-316708.41671,76
-316703.41671,74
-316698.41671,74
-316697.41671,74
-316692.41674,74
-316687.41671,73
-316668.9913,74
-316015.11531,70
-315927.68549,91
-315922.68546,88
-315921.68546,88
-315911.68549,76
-315906.68546,74
-315901.68546,75
-315895.68549,75
-315891.68549,75
-315886.68546,76
-315789.26033,66
-315420.2599,73
-315243.88477,66
-315016.88438,69
-314589.50924,68
-314227.00903,70
-313937.13525,78
-313721.63405,70
-313522.63393,81
-312877.59609,84
-312461.22104,85
-312139.721,87
-311624.84614,93
-311250.97088,62
-311176.97069,85
-310793.47096,93
-310386.59582,88
-310091.72146,71
-309675.22092,83
-308940.21572,69
-308936.21569,77
-308302.46915,74
-307966.96904,74
-307748.96882,70
-307431.59414,70
-307272.59414,70
-306891.21976,66
-306694.71985,66
-306318.84327,68
-306097.84327,70
-305723.46837,73
-305276.59364,75
-305140.09364,76
-304630.71951,71
-304489.21965,70
-304295.72215,69
-303934.34715,73
-303696.84459,76
-303302.84484,75
-302987.84537,72
-302764.34884,72
-302374.35154,71
-302204.35154,73
-301877.9768,68
-301607.97751,69
-301276.60251,70
-301001.60295,68
-300690.22922,67
-300323.85473,67
-300038.85352,72
-299723.47852,74
-299412.47896,73
-298946.10136,67
-298876.10136,67
-298546.72697,69
-298305.22677,70
-297812.85153,77
-297577.85177,73
-297390.37868,82
-297043.3516,80
-296514.97658,66
-296414.47664,67
-296114.10158,70
-295804.10202,73
-295584.10208,80
-295058.72798,86
-294871.22798,86
-294546.22663,87
-294391.22663,87
-293824.85765,89
-293683.47679,91
-293394.9767,92
-292955.60179,92
-292847.10186,80
-292543.72675,79
-292305.72739,78
-291980.72767,78
-291679.35271,79
-291404.35518,79
-270446.1923,144
-270321.5682,142
-270316.5682,141
-270311.56823,141
-270285.0487,142
-270280.04867,143
-270277.04867,143
-270271.04867,143
-270269.0487,143
-270264.04867,143
-270259.04867,142
-270252.0487,142
-270249.04867,142
-270229.6893,109
-270227.6893,111
-270025.88117,64
-269860.88093,82
-269586.86486,141
-269417.77139,133
-269237.83828,120
-269124.05046,129
-269119.05043,130
-269114.05043,131
-268823.92379,111
-268528.88863,99
-268302.38859,96
-268138.38895,98
-267797.90176,95
-267689.80294,99
-267673.28341,60
-267462.97928,103
-267129.46422,101
-267014.96433,91
-266569.08947,94
-266408.58984,100
-265885.21593,87
-265707.71531,80
-265507.36794,85
-265042.34175,79
-264868.46771,79
-264345.96708,78
-264264.97344,87
-263989.46737,91
-263681.59317,82
-263405.59364,86
-263003.71891,84
-262622.21964,83
-262306.71957,81
-262012.21763,82
-261746.84274,74
-261318.46696,85
-261030.46703,87
-260935.98245,82
-260493.58253,79
-260271.38885,98
-259973.36042,114
-259814.21622,116
-259662.77925,71
-259378.27905,66
-258926.4047,77
-258853.90443,78
-258809.59155,72
-258804.59152,73
-258427.9396,82
-257484.02198,80
-257130.64686,88
-257041.14693,84
-256793.64718,80
-256244.27211,93
-256119.89851,94
-256040.43723,100
-256035.43723,97
-256031.43723,97
-256025.43723,97
-256020.43723,100
-256017.43723,101
-256014.43723,102
-256009.43723,102
-256004.43723,102
-255995.43723,103
-224482.61363,131
-224149.16166,79
-224065.66156,76
-223772.65378,82
-223252.77894,85
-223165.77894,78
-222631.40394,102
-222479.91376,114
-222314.40414,97
-221138.65319,86
-220882.54694,87
-220786.51639,83
-220443.42543,118
-220256.96779,91
-220011.46779,79
-219794.59361,74
-219493.0919,71
-219234.45223,77
-218669.07648,77
-218125.59611,79
-217873.09649,79
-217763.09621,83
-217271.22125,75
-217062.34561,102
-216704.84549,80
-216585.34539,76
-216061.97037,82
-215723.59425,76
-215420.59426,74
-215308.09433,83
-214901.71923,84
-213702.0969,117
-211882.78685,121
-211539.78483,86
-211400.78498,101
-211095.90999,94
-210772.91027,88
-210381.03516,91
-210035.66043,86
-209801.16032,85
-209711.66032,80
-209182.78579,89
-208889.91088,88
-208755.91098,84
-208240.03612,85
-208015.53593,81
-207625.16133,85
-207561.66134,84
-207162.66255,81
-206971.28755,82
-206579.28673,79
-206202.91193,83
-205951.41187,79
-205764.5369,81
-205449.12666,80
-205435.67357,50
-205434.67357,50
-205395.22432,71
-205327.81075,70
-205207.47849,85
-205202.47846,84
-205197.47846,83
-205196.47849,83
-205191.47846,83
-205183.47846,83
-205177.47846,86
-205176.47846,87
-205040.65454,66
-205039.65454,67
-204970.83063,77
-204853.33123,85
-204320.45581,75
-204047.95574,85
-203780.95591,90
-203611.72182,102
-203232.2219,92
-203009.34721,77
-202618.84716,84
-202180.33266,97
-201458.96161,113
-201086.96494,83
-200915.59132,97
-200714.59209,88
-200376.71772,73
-199844.21796,78
-199533.3438,81
-199236.84577,85
-198925.97439,84
-198720.98155,79
-198502.60001,79
-198299.5986,75
-197742.22264,79
-197667.22264,74
-197176.34543,53
-197049.34562,48
-196683.47141,50
-196512.97192,62
-196164.09762,56
-195887.09954,73
-195367.71824,76
-195192.21806,69
-194893.34221,81
-194556.34167,81
-194391.34182,77
-193908.34184,77
-193799.97132,71
-193475.83821,77
-193109.33755,75
-192903.96249,72
-192410.47377,75
-192103.08947,72
-192007.58931,73
-191422.71364,74
-191295.72398,78
-191047.84065,76
-190775.33939,74
-190511.27665,84
-190093.7767,85
-189703.90175,79
-189352.49146,79
-189263.49152,81
-188608.03692,78
-187942.16114,79
-187702.66054,104
-186205.04081,82
-185467.04102,78
-185287.54054,82
-184954.04042,106
-183400.21352,91
-183246.71377,102
-182832.83889,86
-182700.83882,87
-182207.46399,84
-181890.96423,84
-181805.08898,85
-181426.08918,85
-181098.71418,79
-180840.71504,83
-180480.21415,76
-180270.71484,87
-179782.84073,72
-179526.84071,72
-179207.84086,86
-178921.1325,68
-178916.13247,70
-178911.13247,70
-178906.13247,71
-178898.71881,67
-178692.2164,67
-178372.21613,79
-177953.34145,78
-177651.84145,90
-177363.84161,78
-177193.34213,71
-176993.84214,72
-176582.84403,71
-176247.4598,74
-176101.45951,71
-175259.0846,78
-175064.20963,72
-174768.70949,81
-173905.46006,84
-173660.9599,78
-173277.08505,77
-173005.58515,84
-172589.21004,84
-172380.21006,83
-171543.46024,66
-171164.46146,79
-170576.13473,78
-170143.71138,78
-169933.21107,65
-169751.83615,78
-169659.28649,81
-169655.28649,81
-169649.28649,81
-133764.83829,72
-133262.83808,80
-133135.33818,85
-132547.46852,100
-132179.09,87
-131771.59023,90
-131528.21535,79
-130622.83885,81
-130498.72948,91
-130100.72924,90
-129867.85418,89
-129580.85466,76
-129102.00261,91
-128928.50246,95
-128658.00261,88
-128379.1277,90
-127904.75251,108
-127713.25273,81
-127446.75275,84
-127069.37777,85
-126642.00336,89
-126557.0033,99
-126193.00354,84
-125836.62838,80
-125523.75391,86
-125271.77696,81
-125054.75652,82
-124722.37977,79
-124489.87945,86
-124483.59392,77
-124479.59392,77
-124474.59392,77
-124472.59392,77
-124465.59395,77
-124461.59392,78
-124456.59392,78
-124451.59395,78
-124446.59395,79
-124441.59395,78
-124436.59392,78
-124430.59395,78
-124418.72286,79
-124413.72283,79
-124410.72283,79
-124401.72286,80
-124398.72286,80
-124391.72283,79
-124386.72283,68
-124383.72283,68
-124378.72283,68
-124373.72283,68
-124363.72283,66
-124250.28189,55
-124247.28189,55
-124243.28189,54
-124237.28189,54
-124218.28189,77
-124213.28189,76
-124212.28189,76
-124203.28189,86
-124197.28189,84
-124196.28192,84
-124187.37564,80
-124185.37564,80
-124176.37564,85
-124171.37564,86
-124170.37567,86
-124165.37564,86
-124160.37564,86
-124152.37564,83
-124146.37564,80
-124141.37564,80
-124036.46546,80
-123848.46546,77
-123403.59071,74
-123082.59063,75
-122789.71551,75
-122609.71594,83
-122207.84184,78
-122091.34206,74
-121563.9677,74
-121300.4663,75
-121196.46673,77
-120638.09378,75
-120492.09195,85
-120090.21631,75
-119785.34142,75
-119616.84139,74
-119160.96697,82
-118953.46645,74
-118934.43096,76
-118931.43093,75
-118927.43093,75
-118704.50743,85
-118424.88067,73
-117951.38069,76
-117662.00557,82
-117203.13284,80
-116796.63103,78
-116468.75591,71
-116358.25617,71
-115949.38254,78
-115646.25754,75
-115269.88249,79
-115022.88739,71
-114822.41247,74
-114478.00764,75
-114094.50759,62
-113884.13232,81
-113229.61679,106
-113149.66332,74
-113079.66332,88
-112735.16353,80
-112384.28848,79
-112195.78962,84
-111704.41358,94
-111355.03954,81
-110437.16388,84
-110349.16447,80
-109669.66427,79
-109354.66397,89
-109185.66397,83
-108716.28924,84
-108529.28924,85
-108197.91435,83
-107793.53974,85
-106857.165,84
-106793.665,89
-106505.253,90
-106462.31578,94
-106199.81383,98
-105509.93923,106
-105081.06444,83
-104364.18923,88
-104196.14992,89
-103979.21263,89
-103778.21272,89
-103672.16619,90
-103667.16619,88
-103662.16619,89
-103657.16619,88
-103652.16619,88
-103650.16619,88
-103646.16619,88
-103602.70529,93
-103597.70526,91
-103592.70526,90
-103588.70529,88
-103586.70529,87
-103581.70526,88
-103576.70526,89
-103377.95341,91
-102933.07828,80
-102655.57818,87
-102365.70459,78
-102271.18304,80
-102171.74479,93
-102166.74479,92
-102164.74482,92
-102156.74479,93
-102155.74479,92
-102146.74479,91
-102144.74479,90
-102136.74479,91
-102131.74479,87
-102129.74479,85
-101948.36235,79
-101427.98729,80
-101126.98721,80
-101018.48725,79
-100591.11226,74
-100220.73774,75
-99924.2377601,74
-99821.7377801,78
-99583.36288,68
-99150.8631699,84
-98772.9883201,75
-98557.48826,76
-98305.6170399,77
-97874.73826,76
-97527.7384,76
-97321.8634,95
-97030.3633201,80
-96822.8633101,71
-96454.9886799,74
-96211.9883299,70
-95969.11324,71
-95625.6134,70
-95124.2385499,70
-94844.36532,74
-94712.86535,78
-94488.8654399,81
-93622.9117701,72
-93324.9112799,74
-93257.9112799,80
-93000.0362999,78
-92667.5362699,78
-92428.2227499,92
-92422.2227199,86
-92421.2227499,86
-92412.2227199,89
-92067.17009,78
-91880.7286699,77
-91625.7279501,76
-91509.22809,67
-91140.8529201,116
-90595.4390199,75
-89814.11133,78
-89635.61149,73
-89129.7367699,77
-88541.0919399,71
-88438.71699,70
-88196.12692,99
-88151.5878601,73
-88149.5878301,73
-88143.5878601,73
-88058.49051,64
-87749.5318501,63
-87572.49124,70
-87033.6166899,82
-86813.74141,68
-86657.24155,72
-85673.3665299,82
-85352.49121,75
-85177.4928501,92
-84767.2061601,88
-84762.20613,85
-84644.0344,89
-84410.03492,87
-84074.15956,94
-83794.1596799,101
-83629.15976,97
-83407.7848599,104
-82750.9101,90
-81309.1610301,117
-80880.28722,106
-80165.41325,107
-79875.9528401,95
-79348.5065801,97
-79032.63118,86
-78336.2576101,89
-78152.2590201,80
-77854.75893,82
-77598.2593701,82
-77305.6482401,73
-77301.6482699,77
-77296.6482401,77
-77290.6482401,79
-77287.6482401,79
-77257.00792,80
-77049.0043199,80
-76589.6299701,86
-76302.63151,85
-76124.63151,88
-75751.2559099,90
-75506.25612,71
-75160.88117,102
-74855.0065501,97
-74579.50635,94
-74224.9410999,112
-74068.5027001,66
-73366.44468,79
-73361.44468,86
-73356.44468,86
-73355.44468,86
-73350.44468,86
-73341.44468,99
-73338.44468,100
-73335.44471,100
-73330.44468,99
-73049.01893,81
-72744.51878,77
-38454.4456201,72
-38219.07094,76
-37939.07517,79
-37808.5709,78
-37439.5469501,84
-36054.29757,84
-35909.92261,80
-35543.6807401,84
-34549.43081,118
-34481.4319899,111
-34462.6464701,113
-34457.6464701,113
-34456.6464701,113
-34450.6465001,113
-34445.6464701,113
-34440.6464701,120
-34433.6464701,122
-34429.6464701,123
-34420.6464701,123
-34337.3567801,92
-34333.35675,95
-34331.35675,95
-34320.35675,113
-34317.35675,112
-34314.35675,112
-34309.35675,113
-34258.48544,122
-34253.48544,122
-34043.18154,97
-33893.6811099,91
-33591.30617,90
-33133.8062301,98
-32925.4312899,106
-32478.4318399,108
-32211.0567501,94
-31973.9867499,94
-31656.4863801,91
-31253.11147,89
-31019.1427,83
-30910.6427,81
-30390.7679801,78
-30316.2679801,78
-30006.2685101,80
-3450.45742011,65
-3254.39506006,75
-3080.39510989,74
-2609.01981997,89
-2208.32090998,80
-2073.32106996,76
-1823.82121992,79
-1762.99678993,79
-1757.99678993,82
-1752.99678993,85
-1751.99681997,85
-1742.99678993,81
-1737.99678993,76
-1732.99678993,74
-1727.99678993,75
-1726.99678993,75
-1721.99681997,74
-1716.99678993,74
-1711.99681997,74
-1702.09053993,74
-1701.09053993,74
-1695.09053993,74
-1685.09053993,81
-1684.09053993,81
-1674.09053993,85
-1672.09053993,86
-1664.09053993,72
-1660.09053993,72
-1658.09053993,72
-1652.09053993,72
-1647.09056997,72
-1638.09053993,76
-1637.09053993,76
-1632.09053993,77
-1626.09056997,77
-1621.09056997,77
-1612.09056997,77
-1610.09053993,77
-1604.09053993,77
-1594.09053993,77
-1589.09053993,77
-1585.09056997,77
-1583.09053993,77
-1578.09053993,77
-1573.09053993,77
-1567.09053993,77
-1561.09053993,78
-1557.09053993,78
-1552.09056997,79
-1547.09053993,82
-1538.09053993,82
-1532.09053993,86
-1531.09056997,86
-1526.09053993,85
-1516.09053993,84
-1511.09053993,78
-1507.09056997,78
-1504.09056997,78
-1499.09053993,78
-1494.09056997,80
-1489.09056997,79
-1484.09053993,79
-1479.09053993,77
-1474.09056997,77
-1466.09056997,78
-1464.09053993,79
-1459.09053993,79
-1454.09056997,79
-1446.09056997,79
-1443.09053993,80
-1435.09053993,81
-1434.09056997,80
-1429.09053993,79
-1424.09053993,81
-1419.09056997,86
-1414.09056997,86
-1409.09053993,83
-1404.09053993,83
-1399.09056997,82
-1394.09053993,81
-1389.09053993,81
-1384.09056997,81
-1379.09053993,81
-1373.09053993,82
-1368.09053993,82
-1362.09053993,82
-1357.09053993,81
-1349.09053993,79
-1347.09056997,80
-1342.09053993,80
-1337.09056997,79
-1332.09053993,80
-1327.09053993,85
-1322.09053993,86
-1317.09053993,86
-1312.09056997,86
-1307.09053993,86
-1301.09056997,86
-1296.09053993,86
-1290.09053993,86
-1284.09053993,86
-1276.09053993,80
-1271.09053993,80
-1270.09053993,80
-1264.09053993,80
-1255.09056997,80
-1254.09053993,80
-1245.09053993,79
-1240.09053993,80
-1236.09053993,86
-1233.09053993,86
-1228.09053993,83
-1222.09053993,81
-1218.09053993,81
-1210.09053993,86
-1203.09053993,85
-1198.09053993,86
-1197.09053993,87
-1188.09053993,86
-1183.09053993,82
-1179.09053993,86
-1177.09053993,86
-1172.09053993,86
-1161.09053993,86
-1157.09053993,84
-1155.09056997,85
-1150.09053993,84
-1141.09053993,81
-1137.09056997,81
-1131.09053993,83
-1130.09056997,83
-1125.09053993,84
-341.912230015,91
-336.912230015,91
-334.912230015,91
-326.912230015,91
-325.912260056,91
-320.912230015,91
-311.05211997,87
-306.05211997,86
-303.05211997,87
-299.05211997,86
-294.05211997,86
-287.052150011,83
-280.052150011,79
-279.05211997,79
-274.052150011,81
-269.052150011,88
-264.05211997,90
-255.05211997,84
-254.05211997,83
-249.05211997,83
-244.05211997,83
-238.05211997,88
-233.05211997,90
-228.05211997,90
-223.052150011,92
-218.05211997,94
-212.05211997,93
-205.05211997,92
-199.05211997,92
-193.05211997,85
-191.052150011,84
-184.05211997,86
-182.05211997,84
-171.05211997,85
-166.05211997,85
-165.05211997,86
-157.05211997,85
-154.05211997,86
-148.05211997,86
-140.052150011,86
-133.052150011,86
-126.05211997,85
-125.05211997,86
-120.052150011,86
-112.05211997,86
-110.05211997,86
-105.05211997,87
-99.0521199703,87
-92.0521199703,87
-85.0521199703,83
-80.0521199703,83
-75.0521199703,82
-73.0521199703,82
-69.0521199703,84
-58.5216300488,90
-53.5216300488,88
-50.5216300488,87
-43.521600008,86
-38.5216300488,86
-33.521600008,86
-32.521600008,86
-24.521600008,86
-22.521600008,86
-17.5216300488,87
-12.521600008,87
-6.52160000801,86
-1.52160000801,87
8.47839999199,97
13.478399992,95
18.478399992,96
19.478399992,95
24.478399992,95
29.478399992,95
34.478399992,95
43.478399992,86
44.478399992,86
53.478399992,85
58.4783699512,84
64.478399992,79
65.4783699512,79
72.478399992,78
75.4783699512,79
84.478399992,83
88.478399992,85
93.478399992,84
99.478399992,82
100.478399992,83
106.478399992,83
111.478369951,83
116.478399992,82
121.478369951,83
129.478399992,82
131.478399992,82
136.478399992,82
141.478369951,84
147.478369951,86
151.478399992,87
156.478399992,87
161.478399992,86
166.478369951,86
171.478399992,86
178.478399992,86
181.478399992,86
189.478399992,79
191.478369951,80
199.478369951,78
201.478369951,78
206.478399992,79
211.478399992,84
216.478399992,84
222.478399992,83
228.478399992,83
233.478399992,83
238.478399992,81
244.478399992,82
249.478369951,82
254.478399992,82
259.478399992,83
264.478399992,83
271.478399992,84
274.478369951,84
279.478369951,83
284.478369951,84
291.478369951,86
297.478399992,85
299.478399992,85
308.478399992,84
310.478399992,85
319.478399992,81
320.478399992,81
329.478369951,81
331.478399992,82
336.478399992,82
341.478399992,86
346.478399992,87
352.478369951,87
356.478369951,90
361.478399992,89
366.478369951,89
371.478399992,90
376.478399992,90
381.478399992,90
386.478399992,90
392.478399992,90
402.478399992,99
406.478399992,101
409.478399992,101
415.478399992,101
420.478399992,101
430.478399992,102
435.478399992,103
440.478399992,97
441.478399992,95
450.478369951,89
452.478399992,89
461.478399992,89
465.478399992,86
467.478399992,84
472.478399992,82
477.478399992,82
482.478399992,82
487.478399992,81
492.478399992,81
499.478399992,81
503.478369951,82
511.478399992,84
513.478399992,84
518.478369951,82
523.478399992,81
528.478399992,81
533.478399992,82
538.478369951,83
543.478369951,84
548.478399992,85
553.478369951,85
558.478399992,85
563.478399992,85
568.478399992,85
576.478399992,96
582.478399992,96
583.478399992,96
592.478399992,95
597.478369951,93
599.478399992,92
604.478399992,88
612.478399992,88
615.478399992,88
621.478399992,88
626.478369951,87
634.478399992,86
636.478399992,86
641.478399992,87
647.478399992,92
652.478399992,90
657.478369951,86
662.478369951,86
667.478369951,86
672.478399992,86
678.478399992,86
683.478399992,86
688.478369951,85
693.478369951,85
698.478399992,85
703.478399992,85
708.478399992,85
713.478399992,85
718.478399992,86
723.478399992,86
728.478369951,86
733.478399992,86
738.478369951,86
743.478399992,86
748.478369951,86
753.478399992,86
758.478369951,86
763.478399992,86
769.478399992,88
774.478369951,89
779.478399992,89
784.478399992,90
789.478399992,94
794.478399992,92
800.478399992,89
805.478399992,88
810.478399992,86
815.478399992,86
820.478369951,86
825.478399992,86
834.478399992,87
835.478399992,87
840.478399992,87
845.478399992,87
850.478399992,87
855.478399992,86
861.478399992,86
865.478399992,86
870.478399992,86
875.478369951,87
883.478399992,88
886.478399992,88
891.478399992,87
896.478399992,87
904.478399992,88
907.478399992,89
912.478399992,87
917.478369951,86
922.478399992,86
927.478369951,86
932.478399992,87
937.478399992,88
942.478399992,88
947.478399992,88
952.478399992,86
957.478369951,86
962.478399992,86
967.478399992,86
973.478399992,86
979.478399992,86
984.478399992,86
989.478369951,86
994.478369951,87
999.478369951,87
1004.47836995,87
1009.47839999,87
1014.47836995,87
1020.47839999,87
1024.47836995,89
1029.47839999,94
1035.47839999,98
1041.47839999,99
1050.47839999,95
1053.47836995,95
1059.47839999,95
1061.47839999,95
1066.47839999,95
1076.47839999,82
1078.47836995,82
1085.47839999,84
1087.47839999,85
1092.47839999,85
1098.47839999,85
1104.47839999,84
1109.47839999,84
1114.47839999,84
1119.47839999,84
1124.47839999,85
1129.47839999,85
1134.47839999,86
1139.47839999,86
1149.47839999,86
1150.47839999,86
1155.47839999,86
1160.47836995,86
1165.47839999,86
1170.47839999,86
1175.47839999,86
1180.47839999,86
1185.47836995,86
1191.47839999,86
1195.47839999,86
1200.47836995,85
1205.47836995,85
1210.47839999,85
1216.47839999,85
1221.47839999,88
1226.47839999,89
1232.47839999,89
1237.47839999,86
1242.47839999,86
1247.47839999,86
1252.47836995,86
1257.47836995,85
1262.47839999,85
1267.47839999,85
1272.47839999,85
1277.47839999,85
1282.47836995,85
1287.47839999,84
1292.47839999,85
1297.47839999,85
1303.47839999,85
1308.47836995,86
1313.47839999,86
1318.47839999,86
1323.47839999,86
1329.47839999,86
1334.47839999,85
1339.47839999,85
1344.47836995,85
1350.47839999,85
1354.47839999,86
1359.47839999,87
1364.47839999,87
1369.47839999,85
1374.47836995,84
1383.47836995,83
1385.47839999,83
1390.47839999,83
1395.47839999,83
1400.47839999,83
1406.47839999,84
1411.47839999,84
1416.47839999,84
1421.47839999,84
1426.47839999,84
1431.47836995,82
1438.47839999,81
1442.47839999,82
1447.47836995,82
1452.47839999,82
1459.47836995,82
1463.47839999,82
1468.47836995,82
1473.47839999,81
1478.47836995,82
1484.47839999,83
1489.47839999,83
1496.47839999,83
1500.47839999,83
1505.47839999,84
1510.47839999,83
1516.47839999,83
1521.47836995,83
1526.47839999,83
1531.47839999,82
1536.47839999,81
1541.47839999,82
1546.47836995,82
1551.47839999,82
1556.47839999,82
1561.47836995,81
1566.47839999,82
1572.47839999,85
1577.47839999,84
1582.47839999,85
1587.47839999,86
1592.47839999,85
1597.47839999,85
1606.47839999,85
1607.47839999,84
1612.47839999,84
1618.47839999,82
1623.47839999,83
1628.47839999,82
1634.47839999,80
1639.47839999,81
1644.47839999,79
1650.47839999,80
1655.47839999,85
1660.47836995,81
1665.47839999,80
1671.47839999,80
1675.47839999,81
1680.47836995,79
1685.47839999,78
1690.47836995,80
1695.47836995,82
1700.47836995,84
1705.47839999,85
1710.47839999,87
1715.47839999,87
1721.47839999,83
1725.47839999,82
1730.47839999,84
1739.47839999,83
1740.47839999,82
1745.47836995,82
1750.47839999,81
1755.47836995,80
1760.47839999,80
1765.47836995,80
1770.47839999,80
1776.47836995,79
1781.47836995,80
1786.47839999,82
1795.47836995,81
1798.47839999,79
1803.47526002,81
1809.47522998,82
1814.47526002,82
1819.47526002,82
1824.47522998,80
1829.47526002,82
1834.47526002,83
1839.47526002,83
1844.47526002,83
1850.47526002,83
1855.47526002,81
1860.47526002,82
1865.47522998,81
1870.47526002,81
1875.47522998,81
1880.47526002,80
1885.47526002,80
1890.47522998,81
1895.47526002,81
1901.47526002,81
1906.47526002,82
1912.47526002,85
1917.47526002,85
1922.47526002,85
1927.47526002,79
1933.47526002,80
1938.47522998,80
1943.47526002,80
1948.47526002,82
1953.47526002,83
1958.47526002,83
1964.47526002,84
1969.47526002,83
1979.47526002,81
1980.47522998,81
1985.47522998,81
1990.47522998,81
1995.47526002,82
2000.47526002,83
2005.47526002,82
2010.47526002,83
2015.47526002,85
2020.47526002,84
2025.47526002,82
2030.47522998,82
2035.47526002,82
2042.47526002,82
2045.47526002,82
2050.47526002,80
2055.47526002,82
2060.47522998,82
2065.47526002,83
2070.47526002,83
2075.47522998,83
2080.47526002,83
2085.47526002,83
2090.47526002,82
2096.47526002,82
2101.47526002,82
2106.47522998,84
2111.47526002,85
2117.47522998,85
2122.47526002,85
2127.47522998,84
2133.47522998,81
2137.47522998,81
2142.47526002,81
2148.47526002,82
2154.47522998,83
2159.47526002,83
2164.47526002,85
2169.47526002,84
2174.47526002,84
2179.47526002,83
2185.47526002,84
2190.47526002,84
2195.47526002,84
2200.47526002,84
2206.47526002,84
2212.47526002,84
2217.47526002,86
2222.47526002,86
2232.47526002,86
2238.47526002,86
2239.47522998,86
2244.47526002,85
2249.47526002,85
2256.47526002,85
2261.47526002,85
2266.47526002,85
2271.47526002,85
2276.47526002,86
2281.47522998,85
2286.47522998,84
2291.47526002,85
2296.47522998,84
2301.47526002,84
2306.47526002,84
2312.47526002,84
2317.47522998,84
2322.47526002,84
2327.47526002,84
2332.47526002,84
2337.47526002,85
2343.47526002,86
2348.47526002,86
2353.47522998,86
2358.47526002,86
2363.47526002,86
2368.47522998,85
2373.47526002,85
2378.47526002,84
2383.47522998,84
2388.47526002,84
2393.47526002,84
2399.47526002,85
2404.47526002,86
2409.47526002,83
2415.47526002,85
2420.47522998,85
2428.47526002,85
2430.47526002,85
2435.47526002,87
2441.47526002,86
2446.47526002,84
2451.47522998,84
2456.47522998,84
2464.47522998,86
2467.47526002,86
2472.47526002,86
2478.47526002,85
2484.47522998,85
2489.47526002,85
2495.47526002,85
2501.47526002,86
2506.47526002,86
2512.47522998,84
2517.47526002,85
2522.47526002,85
2527.47526002,85
2532.47526002,85
2537.47522998,85
2542.47526002,85
2548.47526002,85
2555.47526002,85
2558.47526002,85
2563.47526002,85
2568.47526002,85
2573.47526002,86
2578.47526002,85
2583.47526002,84
2589.47526002,84
2594.47522998,84
2599.47522998,84
2604.47522998,84
2609.47526002,85
2614.47522998,84
2619.47526002,85
2624.47526002,84
2633.47526002,85
2634.47526002,85
2639.47526002,82
2645.47526002,83
2651.47526002,84
2656.47526002,84
2662.47526002,85
2667.47526002,85
2672.47526002,85
2678.47526002,85
2683.47526002,85
2688.47526002,85
2698.47522998,84
2699.47526002,84
2705.47526002,84
2710.47526002,84
2715.47526002,86
2720.47526002,85
2725.47526002,85
2730.47522998,85
2735.47526002,85
2740.47526002,86
2745.47526002,86
2751.47522998,86
2756.47526002,87
2761.47526002,86
2766.47526002,86
2771.47526002,85
2776.47526002,85
2781.47526002,86
2786.47522998,85
2791.47526002,86
2796.47526002,84
2801.47522998,85
2806.47526002,85
2812.47526002,84
2817.47526002,85
2825.47526002,86
2827.47526002,86
2832.47526002,86
2837.47526002,86
2842.47522998,86
2847.47526002,86
2855.47526002,86
2857.47526002,86
2863.47526002,86
2868.47526002,86
2873.47526002,85
2878.47526002,85
2883.47526002,85
2888.47526002,86
2893.47526002,85
2898.47522998,85
2903.47522998,86
2908.47522998,85
2913.47526002,85
2918.47526002,85
2925.47526002,86
2929.47526002,86
2938.47526002,85
2940.47526002,86
2945.47526002,86
2950.47526002,86
2955.47526002,86
2964.47526002,86
2965.47526002,86
2970.47526002,86
2976.47526002,86
2981.47522998,85
2986.47526002,86
2991.47526002,86
2997.47522998,85
3002.47522998,86
3007.47526002,86
3013.47526002,86
3018.47526002,87
3023.47526002,89
3028.47526002,88
3033.47526002,86
3038.47526002,85
3043.47522998,85
3048.47526002,84
3054.47526002,85
3059.47526002,85
3064.47526002,85
3070.47526002,86
3074.47526002,86
3079.47522998,87
3084.47522998,86
3092.47526002,86
3094.47526002,86
3100.47526002,86
3105.47526002,86
3110.47526002,86
3115.47526002,86
3120.47526002,84
3125.47526002,84
3131.47526002,84
3135.47522998,84
3140.47526002,85
3145.47526002,87
3151.47522998,86
3156.47522998,86
3163.47526002,86
3166.47526002,86
3172.47526002,86
3178.47526002,86
3184.47526002,86
3189.47526002,86
3195.47526002,86
3200.47526002,84
3205.47526002,85
3210.47526002,86
3216.47526002,86
3222.47522998,86
3227.47522998,86
3232.47526002,86
3237.47526002,86
3243.47522998,86
3248.47526002,86
3254.47526002,86
3259.47526002,86
3264.47526002,85
3269.47522998,86
3274.47526002,85
3279.47522998,86
3284.47522998,86
3289.47526002,86
3295.47526002,83
3300.47526002,84
3306.47522998,85
3311.47526002,84
3318.47522998,86
3321.47526002,86
3326.47526002,86
3332.47522998,86
3336.47526002,86
3341.47526002,85
3347.47526002,86
3352.47526002,86
3357.47522998,86
3362.47526002,86
3368.47526002,86
3373.47526002,86
3378.47526002,86
3383.47526002,86
3389.47526002,86
3394.47526002,86
3400.47522998,85
3405.47526002,85
3410.47526002,86
3416.47526002,85
3421.47522998,86
3426.47522998,86
3431.47526002,86
3439.47522998,87
3441.47526002,87
3446.47526002,86
3452.47522998,86
3456.47526002,86
3462.47526002,86
3468.47526002,86
3473.47526002,87
3478.47526002,87
3483.47526002,87
3488.47522998,87
3493.47526002,86
3498.47526002,86
3503.47526002,86
3508.47526002,86
3513.47526002,86
3518.47526002,84
3523.47526002,83
3528.47526002,86
3533.47526002,85
3538.47526002,85
3543.47526002,86
3548.47526002,86
3553.47526002,88
3558.47526002,87
3563.47522998,86
3568.47526002,86
3573.47526002,86
3579.47526002,86
3584.47526002,86
3590.47526002,84
3599.47526002,86
3600.47526002,86
3606.47526002,87
3611.47526002,88
3616.47526002,86
3621.47522998,86
3626.47522998,86
3631.47526002,86
3636.47526002,86
3641.47522998,85
3646.47526002,84
3651.47526002,85
3660.47526002,87
3661.47522998,87
3666.47526002,85
3671.47526002,84
3676.47526002,84
3682.47526002,85
3688.47526002,86
3694.47526002,86
3699.47526002,99
3708.47526002,105
3709.47522998,104
3714.47526002,104
3723.47526002,95
3728.47526002,85
3730.47526002,84
3736.47526002,79
3739.47526002,78
3744.47526002,78
3750.47526002,78
3755.47526002,80
3760.47522998,77
3765.47526002,75
3772.47526002,77
3775.47526002,78
3780.47526002,78
3785.47526002,79
3792.47522998,79
3797.47526002,81
3802.47526002,80
3805.47526002,79
3811.47522998,78
3816.47526002,81
3825.47526002,82
3827.47526002,82
3831.47526002,80
3836.47526002,80
3841.47526002,79
3846.47526002,79
3851.47526002,78
3856.47526002,79
3861.47526002,80
3866.47526002,81
3871.47526002,81
3876.47522998,81
3881.47526002,81
3886.47526002,81
3891.47526002,80
3897.47526002,81
3902.47526002,82
3907.47526002,82
3912.47522998,82
3917.47526002,82
3922.47526002,81
3927.47526002,83
3932.47522998,82
3937.47526002,82
3942.47526002,82
3951.47522998,83
3955.47526002,81
3958.47526002,83
3963.47522998,83
3968.47526002,82
3973.47526002,82
3978.47526002,81
3984.47526002,82
3989.47526002,81
3994.47526002,81
3999.47522998,82
4004.47522998,82
4009.47526002,83
4014.47526002,83
4019.47526002,83
4027.47522998,83
4029.47526002,79
4034.47526002,80
4040.47526002,80
4045.47526002,81
4051.47526002,82
4056.47526002,81
4061.47526002,81
4071.47526002,84
4072.47522998,84
4077.47526002,83
4083.47526002,82
4088.47522998,83
4093.47526002,83
4099.47526002,83
4104.47526002,84
4109.47522998,83
4114.47522998,83
4122.47526002,83
4124.47526002,82
4129.47526002,82
4135.47526002,82
4140.47526002,82
4145.47526002,82
4150.47526002,82
4155.47522998,82
4160.47526002,83
4167.47526002,86
4170.47522998,85
4175.47522998,85
4180.47526002,85
4188.47522998,85
4190.47522998,84
4195.47526002,84
4200.47526002,85
4205.47526002,85
4210.47522998,84
4215.47526002,85
4221.47526002,85
4226.47522998,84
4231.47526002,84
4236.47526002,84
4241.47522998,84
4246.47526002,86
4251.47526002,87
4256.47526002,86
4262.47526002,85
4267.47526002,84
4273.47522998,84
4278.47526002,84
4283.47526002,85
4288.47526002,84
4293.47526002,84
4298.47526002,85
4304.47522998,85
4311.47526002,85
4313.47526002,85
4318.47526002,85
4323.47526002,85
4328.47522998,85
4333.47526002,85
4338.47526002,85
4343.47526002,85
4348.47526002,85
4355.47526002,85
4362.47526002,110
4364.47526002,110
4372.47526002,85
4376.47526002,85
4383.47526002,75
4385.47522998,75
4393.47526002,76
4398.47526002,76
4403.47526002,77
4408.47522998,78
4410.47526002,79
4415.47522998,79
4423.47526002,84
4427.47526002,86
4431.47526002,87
4438.47526002,83
4443.47522998,82
4447.47526002,80
4452.47526002,79
4457.47522998,78
4462.47526002,80
4467.47526002,82
4473.47522998,86
4480.47526002,87
4482.47522998,88
4487.47526002,88
4492.47526002,88
4498.47526002,88
4506.47526002,86
4509.47522998,86
4518.47526002,86
4519.47526002,86
4524.47526002,86
4533.47526002,91
4534.47522998,91
4539.47526002,88
4545.47526002,88
4550.47522998,90
4555.47526002,92
4560.47526002,93
4565.47522998,94
4570.47526002,92
4576.47522998,91
4581.47526002,92
4586.47526002,92
4591.47526002,91
4596.47526002,87
4601.47526002,86
4606.47522998,88
4611.47526002,93
4616.47526002,90
4623.47526002,89
4626.47522998,89
4633.47522998,89
4636.47526002,89
4641.47526002,89
4646.47526002,89
4651.47526002,89
4661.47526002,90
4662.47526002,90
4667.47526002,91
4672.47526002,91
4677.47526002,91
4686.47526002,95
4688.47526002,95
4693.47526002,95
4700.47526002,90
4703.47526002,90
4708.47526002,91
4713.47526002,90
4718.47526002,87
4724.47526002,88
4729.47526002,90
4734.47526002,93
4740.47526002,94
4745.47526002,93
4750.47526002,92
4755.47526002,92
4760.47526002,90
4766.47526002,89
4771.47526002,94
4777.47522998,92
4784.47526002,91
4787.47526002,91
4794.47522998,85
4800.47526002,85
4802.47526002,85
4807.47526002,86
4813.47526002,89
4818.47526002,85
4825.47522998,84
4828.47526002,85
4837.47526002,91
4838.47522998,91
4843.47526002,91
4848.47522998,90
4853.47526002,87
4858.47522998,86
4867.47522998,82
4869.47526002,83
4874.47526002,85
4879.47526002,86
4884.47526002,86
4889.47526002,86
4894.47526002,86
4900.47522998,86
4905.47526002,90
4910.47526002,92
4915.47526002,92
4920.47526002,92
4927.47526002,94
4931.47526002,94
4936.47526002,94
4941.47526002,94
4946.47522998,96
4951.47526002,96
4959.47526002,93
4961.47526002,93
4966.47522998,92
4971.47526002,91
4976.47522998,91
4981.47526002,94
4986.47526002,94
4991.47526002,95
4996.47526002,99
5001.47526002,99
5006.47526002,95
5012.47526002,100
5017.47522998,99
5025.47526002,89
5027.47526002,89
5033.47526002,89
5038.47526002,87
5047.47526002,87
5048.47522998,87
5053.47522998,86
5058.47526002,86
5063.47526002,88
5068.47526002,87
5073.47526002,88
5078.47522998,90
5083.47526002,89
5088.47526002,89
5093.47522998,87
5098.47526002,85
5104.47526002,85
5109.47526002,86
5114.47526002,91
5119.47526002,86
5128.47522998,94
5130.47526002,94
5139.47526002,84
5140.47526002,84
5145.47526002,85
5150.47526002,84
5155.47522998,86
5160.47526002,87
5165.47522998,86
5170.47526002,84
5175.47526002,82
5181.47522998,83
5186.47526002,82
5191.47522998,86
5197.47526002,85
5201.47526002,86
5206.47526002,86
5212.47526002,85
5217.47526002,83
5222.47526002,84
5227.47526002,86
5232.47526002,86
5237.47526002,83
5242.47526002,86
5247.47526002,86
5253.47526002,86
5259.47522998,86
5265.47526002,82
5269.47526002,81
5276.47522998,87
5279.47526002,86
5285.47526002,86
5290.47526002,82
5295.47526002,84
5305.47522998,78
5307.47526002,78
5312.47526002,84
5317.47526002,86
5322.47526002,83
5328.47526002,81
5333.47526002,81
5338.47526002,81
5343.47526002,81
5348.47526002,82
5353.47526002,81
5358.47526002,86
5363.47526002,86
5368.47526002,88
5373.47526002,89
5383.47526002,83
5384.47522998,83
5389.47526002,83
5394.47522998,83
5399.47526002,84
5404.46575999,83
5411.46575999,84
5416.46575999,85
5421.46575999,87
5428.46575999,89
5431.46575999,91
5436.46575999,90
5441.46575999,87
5447.46572995,86
5452.46575999,81
5458.46575999,81
5463.46575999,84
5469.46575999,85
5478.46575999,80
5479.46575999,80
5484.46575999,84
5489.46575999,84
5495.46575999,77
5499.46575999,77
5508.46575999,81
5510.46575999,86
5516.46575999,81
5521.46572995,86
5526.46575999,85
5531.46575999,78
5536.46575999,79
5541.46575999,81
5546.46575999,82
5551.46575999,84
5556.46572995,83
5561.46575999,85
5566.46575999,86
5575.46572995,86
5577.46575999,80
5583.46575999,78
5590.46575999,85
5593.46575999,86
5598.46575999,81
5603.46575999,80
5608.46575999,81
5613.46572995,84
5618.46575999,85
5623.46575999,82
5628.46575999,82
5636.46572995,86
5639.46572995,86
5644.46575999,88
5649.46575999,85
5655.46575999,90
5660.46575999,89
5665.46572995,88
5670.46575999,82
5675.46575999,82
5680.46575999,86
5685.46575999,81
5690.46575999,83
5696.46575999,85
5702.46575999,84
5707.46575999,84
5712.46575999,84
5717.46572995,83
5724.46575999,83
5727.46572995,83
5732.46572995,83
5737.46575999,82
5743.46575999,81
5748.46575999,83
5753.46575999,85
5758.46572995,86
5763.46575999,86
5768.46575999,86
5773.46575999,91
5778.46575999,91
5784.46575999,92
5792.46575999,81
5794.46575999,80
5799.46575999,82
5804.46575999,82
5811.46575999,78
5814.46575999,77
5819.46575999,77
5824.46572995,79
5829.46572995,79
5834.46575999,78
5839.46575999,80
5844.46575999,82
5851.46575999,88
5855.46575999,87
5860.46572995,86
5865.46575999,86
5872.46575999,84
5875.46575999,85
5880.46575999,85
5885.46575999,85
5891.46575999,80
5895.46575999,77
5900.46575999,77
5905.46575999,80
5911.46575999,81
5916.46575999,79
5921.46575999,79
5926.46575999,80
5931.46575999,82
5936.46575999,83
5941.46572995,87
5946.46575999,86
5951.46575999,85
5956.46575999,86
5962.46575999,84
5967.46575999,84
5972.46575999,84
5977.46572995,84
5982.46572995,77
5987.46575999,82
5995.46575999,77
5997.46575999,77
6002.46575999,82
6007.46575999,83
6013.46575999,81
6018.46575999,84
6028.46575999,79
6029.46575999,79
6037.46575999,83
6040.46575999,84
6045.46572995,86
6050.46575999,85
6055.46575999,85
6060.46572995,86
6065.46572995,86
6072.46575999,82
6076.46575999,81
6084.46575999,85
6090.46572995,86
6092.46575999,82
6097.46575999,79
6102.46572995,80
6107.46575999,79
6112.46575999,79
6117.46572995,79
6122.46572995,79
6127.46575999,81
6132.46575999,84
6138.46575999,85
6143.46575999,86
6152.46575999,84
6154.46575999,82
6159.46575999,81
6164.46572995,82
6169.46575999,80
6175.46575999,81
6180.46575999,82
6185.46575999,82
6190.46575999,81
6196.46572995,86
6204.46575999,83
6206.46575999,83
6211.46575999,87
6220.46575999,86
6221.46575999,86
6229.46572995,78
6231.46575999,80
6236.46575999,82
6241.46575999,83
6246.46572995,82
6251.46575999,82
6260.46575999,84
6261.46575999,84
6266.46575999,84
6272.46575999,85
6278.46575999,81
6283.46575999,79
6288.46575999,79
6293.46575999,84
6298.46572995,85
6303.46575999,86
6308.46572995,82
6313.46575999,84
6318.46575999,86
6323.46575999,81
6328.46575999,79
6333.46575999,79
6341.46575999,86
6343.46575999,85
6348.46575999,77
6353.46575999,80
6358.46572995,81
6363.46575999,81
6368.46575999,82
6373.46575999,83
6378.46572995,83
6383.46575999,83
6390.46575999,84
6394.46575999,77
6399.46572995,78
6404.46575999,80
6409.46575999,81
6414.46575999,78
6419.46575999,78
6424.46575999,79
6430.46575999,80
6439.46575999,83
6440.46575999,84
6445.46572995,85
6450.46575999,83
6455.46575999,83
6460.46575999,81
6465.46575999,81
6471.46575999,81
6475.46575999,78
6480.46575999,79
6485.46575999,81
6490.46575999,83
6497.46575999,81
6500.46575999,79
6506.46575999,79
6514.46572995,79
6516.46575999,78
6521.46575999,77
6526.46575999,80
6532.46575999,80
6537.46575999,79
6542.46575999,79
6547.46572995,80
6553.46572995,80
6557.46575999,80
6562.46575999,78
6567.46575999,78
6576.46575999,80
6578.46575999,80
6583.46575999,80
6590.46572995,80
6593.46575999,79
6598.46575999,81
6603.46575999,82
6608.46575999,82
6613.46572995,82
6618.46575999,82
6623.46575999,81
6628.46575999,81
6633.46575999,81
6639.46575999,81
6644.46572995,82
6649.46575999,84
6654.46575999,82
6659.46575999,83
6664.46575999,82
6669.46575999,82
6674.46572995,79
6679.46572995,80
6688.46575999,84
6689.46575999,84
6694.46575999,84
6699.46575999,82
6704.46575999,81
6709.46575999,81
6715.46575999,81
6722.46572995,83
6726.46575999,81
6731.46575999,81
6737.46575999,80
6743.46575999,80
6749.46575999,80
6754.46575999,81
6759.46575999,82
6764.46575999,81
6769.46575999,81
6775.46575999,81
6780.46575999,81
6786.46575999,83
6790.46575999,81
6797.46575999,83
6800.46575999,86
6805.46575999,83
6810.46572995,82
6815.46575999,82
6823.46575999,82
6831.46575999,76
6832.46575999,76
6837.46575999,79
6842.46575999,82
6848.46575999,78
6852.46575999,80
6857.46575999,82
6863.46575999,82
6868.46575999,82
6873.46575999,82
6878.46575999,82
6884.46575999,83
6889.46575999,82
6894.46575999,82
6899.46572995,83
6904.46575999,83
6909.46575999,84
6914.46575999,84
6919.46575999,85
6924.46575999,85
6931.46575999,84
6935.46572995,83
6944.46572995,81
6946.46575999,81
6951.46575999,82
6956.46575999,83
6962.46572995,83
6967.46575999,82
6972.46572995,81
6977.46572995,82
6982.46575999,84
6987.46575999,83
6992.46575999,82
6997.46575999,84
7003.46572995,85
7008.46575999,84
7013.46575999,84
7018.46575999,83
7024.46575999,84
7029.46572995,83
7034.46575999,83
7043.46575999,82
7044.46575999,82
7049.46575999,86
7057.46575999,84
7059.46575999,82
7064.46575999,85
7069.46572995,85
7074.46575999,83
7079.46575999,80
7084.46575999,80
7090.46575999,81
7095.46575999,82
7100.46575999,83
7105.46575999,84
7111.46575999,85
7116.46575999,85
7121.46572995,85
7126.46572995,84
7131.46575999,85
7136.46575999,86
7141.46575999,85
7146.46572995,84
7151.46575999,85
7156.46572995,86
7161.46575999,82
7167.46575999,82
7172.46575999,85
7177.46575999,85
7183.46575999,82
7188.46575999,83
7193.46575999,83
7198.46575999,83
7203.46575999,84
7208.46572995,85
7213.46575999,84
7218.46575999,84
7227.46575999,86
7228.46575999,86
7233.46575999,84
7239.46572995,83
7244.46575999,83
7249.46575999,84
7254.46575999,84
7259.46575999,84
7264.46575999,85
7269.46575999,85
7274.46575999,85
7281.46575999,85
7284.46575999,85
7290.46575999,86
7297.46575999,86
7299.46575999,86
7304.46572995,86
7309.46575999,84
7314.46572995,85
7319.46575999,86
7325.46575999,85
7330.46572995,85
7335.46572995,86
7340.46575999,85
7346.46575999,85
7351.46575999,85
7356.46575999,85
7362.46575999,85
7367.46575999,85
7373.46572995,85
7377.46575999,83
7382.46575999,82
7387.46575999,83
7392.46575999,83
7397.46575999,83
7403.46572995,83
7408.46572995,82
7413.46575999,82
7418.46572995,82
7423.46575999,82
7429.46572995,82
7434.46575999,82
7439.46575999,84
7444.46575999,83
7449.46575999,83
7454.46575999,83
7459.46572995,83
7464.46575999,84
7469.46575999,85
7474.46575999,86
7479.46575999,86
7484.46575999,82
7489.46575999,83
7494.46575999,85
7499.46575999,85
7504.46575999,87
7509.46575999,86
7514.46572995,86
7519.46572995,85
7524.46575999,85
7533.46575999,86
7537.46575999,86
7539.46575999,86
7544.46575999,85
7549.46575999,83
7554.46572995,84
7559.46575999,85
7564.46572995,86
7570.46575999,86
7574.46575999,86
7579.46572995,86
7584.46572995,87
7589.46575999,86
7594.46575999,86
7599.46575999,86
7604.46575999,85
7609.46572995,85
7614.46575999,85
7619.46575999,85
7625.46575999,85
7631.46575999,85
7640.46575999,85
7641.46575999,85
7647.46575999,85
7652.46575999,83
7657.46575999,83
7664.46575999,86
7667.46575999,87
7672.46575999,86
7677.46575999,86
7682.46572995,86
7687.46575999,85
7692.46575999,85
7697.46572995,85
7702.46575999,85
7708.46575999,85
7713.46575999,85
7718.46575999,85
7723.46575999,84
7728.46575999,84
7733.46575999,86
7741.46575999,86
7743.46572995,86
7748.46575999,86
7753.46575999,86
7758.46575999,86
7766.46572995,86
7769.46575999,86
7774.46575999,86
7779.46575999,86
7784.46572995,86
7789.46575999,85
7794.46572995,85
7799.46575999,85
7804.46575999,83
7810.46572995,83
7815.46572995,84
7820.46575999,82
7826.46575999,86
7831.46575999,86
7836.46575999,85
7841.46575999,85
7846.46575999,83
7851.46575999,84
7857.46575999,84
7866.46575999,84
7867.46575999,84
7872.46575999,80
7877.46575999,82
7883.46575999,82
7888.46572995,82
7893.46575999,84
7898.46575999,85
7904.46575999,86
7908.46575999,86
7913.46575999,85
7918.46575999,84
7923.46572995,83
7928.46575999,82
7933.46575999,82
7939.46575999,82
7944.46575999,85
7950.46575999,86
7956.46575999,86
7961.46572995,86
7968.46575999,84
7971.46572995,81
7976.46572995,82
7981.46575999,85
7986.46572995,85
7991.46575999,83
7997.46572995,84
8002.46575999,86
8007.46572995,84
8012.46575999,81
8018.46575999,82
8026.46575999,85
8029.46572995,84
8034.46575999,82
8040.46575999,83
8045.46575999,84
8050.46575999,80
8055.46575999,82
8060.46575999,84
8066.46575999,86
8072.46575999,85
8077.46575999,83
8082.46575999,83
8087.46575999,85
8092.46575999,84
8097.46575999,83
8102.46575999,84
8107.46572995,84
8112.46575999,86
8117.46575999,83
8123.46575999,82
8128.46575999,83
8133.46575999,83
8138.46575999,83
8143.46575999,83
8148.46572995,85
8153.46575999,83
8158.46575999,85
8163.46572995,86
8168.46572995,85
8173.46572995,83
8178.46575999,82
8183.46575999,82
8192.46575999,82
8193.46575999,82
8198.46575999,82
8203.46575999,82
8208.46572995,85
8213.46575999,84
8218.46572995,84
8223.46575999,85
8229.46572995,84
8233.46575999,84
8238.46575999,83
8243.46575999,84
8248.46575999,84
8253.46575999,83
8258.46572995,84
8263.46575999,84
8268.46572995,83
8273.46575999,83
8278.46572995,83
8283.46572995,80
8288.46575999,83
8293.46575999,86
8298.46575999,85
8303.46575999,82
8308.46575999,83
8313.46575999,85
8319.46572995,83
8324.46575999,83
8329.46575999,81
8335.46572995,82
8340.46572995,84
8345.46575999,85
8350.46575999,85
8355.46575999,85
8360.46575999,82
8365.46572995,82
8370.46575999,84
8375.46575999,86
8380.46575999,85
8385.46575999,83
8390.46575999,82
8396.46575999,82
8402.46575999,82
8408.46575999,85
8413.46575999,86
8418.46572995,86
8423.46572995,86
8428.46575999,86
8433.46575999,86
8438.46575999,85
8443.46572995,85
8448.46575999,85
8454.46575999,86
8459.46575999,86
8464.46572995,84
8469.46572995,84
8474.46572995,84
8479.46572995,84
8484.46572995,85
8489.46575999,86
8494.46572995,86
8499.46575999,85
8504.46575999,85
8509.46575999,85
8515.46575999,85
8521.46572995,85
8526.46575999,85
8532.46575999,83
8537.46575999,84
8542.46572995,84
8547.46575999,85
8552.46575999,84
8557.46575999,85
8562.46575999,85
8567.46575999,84
8572.46572995,85
8577.46572995,85
8583.46575999,82
8588.46575999,83
8593.46575999,85
8598.46575999,85
8603.46575999,85
8608.46575999,84
8613.46572995,84
8618.46575999,84
8623.46572995,84
8628.46575999,84
8633.46572995,85
8638.46575999,85
8643.46575999,85
8648.46575999,83
8657.46575999,87
8659.46575999,86
8664.46575999,82
8669.46575999,84
8674.46575999,84
8679.46575999,83
8684.46575999,83
8689.46575999,83
8694.46575999,83
8699.46575999,83
8704.46572995,84
8709.46575999,85
8714.46575999,84
8719.46575999,82
8724.46575999,83
8729.46575999,84
8734.46572995,83
8739.46575999,84
8744.46575999,86
8749.46572995,85
8758.46575999,83
8759.46575999,82
8764.46575999,82
8769.46575999,83
8774.46575999,85
8779.46575999,86
8784.46575999,85
8793.46575999,84
8797.46575999,84
8800.46572995,84
8805.46575999,85
8810.46575999,85
8815.46575999,85
8820.46575999,85
8828.46575999,82
8830.46575999,83
8835.46575999,83
8840.46572995,82
8845.46575999,82
8850.46575999,82
8855.46575999,82
8860.46572995,83
8865.46572995,84
8870.46575999,84
8875.46575999,84
8880.46575999,84
8885.46575999,84
8890.46575999,86
8895.46575999,86
8900.46575999,85
8905.46572995,84
8910.46575999,85
8915.46575999,84
8921.46575999,85
8926.46575999,84
8931.46575999,83
8936.46575999,83
8941.46575999,83
8946.46575999,86
8951.46575999,85
8956.46575999,84
8961.46575999,83
8966.46575999,83
8971.46575999,86
8976.46575999,84
8981.46575999,83
8991.46572995,86
8993.46572995,81
8998.46575999,82
9003.46575999,83
9008.4681201,84
9014.4681201,84
9019.4681201,82
9024.4681201,83
9029.46809006,83
9034.46809006,83
9039.4681201,83
9044.4681201,83
9049.4681201,82
9054.4681201,82
9060.4681201,82
9065.4681201,83
9070.4681201,83
9075.4681201,83
9081.4681201,81
9086.46809006,81
9091.4681201,81
9098.46809006,81
9101.4681201,82
9110.4681201,83
9111.4681201,84
9117.4681201,83
9122.4681201,81
9132.4681201,82
9133.4681201,82
9139.4681201,82
9145.4681201,81
9150.4681201,80
9157.4681201,83
9160.4681201,83
9165.4681201,84
9171.4681201,86
9176.4681201,83
9182.4681201,82
9187.4681201,81
9192.4681201,81
9197.4681201,84
9202.4681201,81
9207.46809006,82
9212.4681201,83
9217.46809006,83
9222.4681201,83
9227.4681201,83
9232.4681201,80
9237.46809006,81
9242.4681201,82
9247.4681201,83
9252.4681201,83
9257.4681201,83
9262.46809006,82
9271.4681201,84
9272.4681201,84
9277.4681201,79
9283.4681201,82
9289.4681201,80
9296.4681201,81
9299.46809006,79
9304.4681201,80
9309.4681201,79
9314.4681201,82
9319.46809006,83
9324.4681201,83
9329.4681201,83
9334.4681201,81
9339.4681201,83
9344.4681201,83
9350.4681201,80
9355.4681201,82
9360.46809006,81
9365.4681201,81
9370.46809006,81
9375.4681201,82
9381.4681201,82
9386.4681201,82
9391.4681201,82
9396.46809006,82
9401.4681201,82
9410.4681201,83
9411.46809006,82
9416.4681201,78
9422.4681201,80
9427.4681201,82
9433.4681201,81
9438.4681201,79
9443.4681201,79
9448.4681201,80
9453.46809006,77
9458.4681201,77
9464.4681201,78
9469.4681201,78
9475.4681201,79
9480.4681201,79
9484.46809006,79
9489.46809006,79
9494.4681201,79
9499.4681201,79
9504.4681201,80
9511.4681201,81
9514.46809006,81
9521.46809006,82
9524.4681201,81
9529.4681201,79
9534.4681201,80
9541.4681201,81
9545.4681201,81
9550.4681201,81
9555.4681201,84
9560.4681201,85
9565.4681201,85
9571.4681201,85
9579.4681201,112
9584.4681201,112
9587.4681201,112
9593.4681201,87
9598.4681201,86
9605.4681201,77
9610.4681201,77
9615.4681201,77
9620.4681201,80
9621.4681201,80
9629.46809006,72
9635.46809006,74
9639.4681201,75
9642.4681201,76
9647.46809006,72
9654.4681201,72
9657.4681201,71
9662.46809006,72
9667.46809006,72
9675.4681201,72
9677.4681201,72
9682.4681201,79
9688.46809006,81
9693.4681201,80
9702.4681201,69
9703.4681201,69
9708.4681201,71
9713.4681201,69
9718.4681201,71
9727.4681201,72
9732.4681201,71
9733.4681201,71
9738.46809006,71
9743.4681201,71
9748.4681201,71
9753.4681201,71
9760.46809006,72
9763.4681201,71
9768.4681201,71
9773.46809006,71
9780.4681201,71
9783.46809006,75
9788.4681201,73
9794.4681201,74
9799.46809006,74
9804.4681201,75
9810.4681201,84
9814.4681201,83
9820.4681201,83
9827.46809006,72
9834.4681201,70
9837.4681201,71
9842.4681201,76
9851.4681201,77
9852.4681201,77
9859.4681201,71
9863.4681201,72
9867.4681201,71
9873.4681201,72
9881.4681201,72
9883.46809006,72
9891.4681201,72
9896.46809006,72
9898.46809006,72
9903.4681201,73
9909.4681201,73
9915.4681201,75
9920.4681201,77
9926.4681201,77
9931.4681201,87
9936.4681201,87
9941.4681201,87
9948.4681201,74
9951.4681201,75
9956.4681201,75
9964.4681201,73
9967.46809006,73
9972.4681201,73
9977.4681201,74
9982.4681201,77
9990.4681201,76
9994.4681201,76
9997.46809006,76
10002.4681201,76
10007.4681201,83
10013.4681201,70
10021.4681201,76
10022.4681201,77
10027.4681201,76
10032.4681201,75
10037.4681201,77
10042.4681201,78
10047.4681201,78
10052.4681201,89
10059.4681201,86
10063.4681201,86
10072.4681201,80
10074.4681201,85
10082.4681201,77
10084.4681201,77
10088.4681201,78
10096.4681201,73
10098.4680901,73
10103.4681201,77
10108.4681201,76
10118.4681201,82
10120.4681201,82
10125.4681201,82
10131.4681201,75
10136.4681201,74
10141.4681201,74
10146.4681201,74
10154.4681201,74
10156.4681201,73
10161.4681201,72
10166.4680901,73
10171.4681201,75
10177.4681201,75
10184.4681201,75
10187.4681201,77
10192.4681201,77
10197.4681201,78
10202.4681201,79
10207.4681201,79
10212.4681201,79
10218.4681201,73
10223.4681201,76
10228.4681201,74
10233.4681201,75
10238.4681201,80
10244.4681201,80
10249.4681201,79
10254.4681201,79
10260.4680901,80
10265.4681201,79
10270.4681201,80
10280.4681201,85
10281.4681201,84
10287.4681201,83
10292.4680901,82
10297.4681201,83
10307.4681201,77
10308.4681201,78
10313.4681201,79
10318.4681201,80
10323.4681201,82
10329.4681201,81
10335.4680901,82
10340.4680901,79
10345.4680901,78
10350.4681201,77
10355.4680901,77
10360.4681201,81
10366.4680901,81
10371.4681201,81
10379.4681201,81
10381.4680901,86
10386.4681201,86
10394.4681201,80
10396.4681201,81
10401.4680901,79
10406.4680901,78
10411.4681201,80
10416.4681201,79
10421.4681201,79
10427.4681201,79
10432.4681201,79
10442.4681201,84
10447.4681201,83
10448.4681201,83
10453.4681201,82
10462.4681201,90
10464.4681201,88
10468.4681201,86
10473.4681201,84
10480.4681201,75
10483.4681201,74
10488.4680901,74
10493.4680901,72
10498.4681201,72
10504.4681201,74
10509.4681201,76
10514.4680901,75
10519.4681201,77
10524.4681201,78
10529.4681201,79
10534.4681201,79
10539.4681201,79
10544.4681201,79
10549.4681201,82
10555.4681201,81
10560.4681201,81
10565.4681201,82
10570.4681201,81
10575.4681201,77
10580.4681201,77
10585.4681201,80
10590.4681201,80
10597.4681201,79
10604.4681201,82
10606.4681201,84
10611.4681201,82
10619.4681201,81
10622.4681201,80
10627.4681201,75
10632.4681201,78
10637.4681201,77
10642.4681201,76
10647.4681201,76
10653.4680901,78
10658.4681201,81
10663.4681201,81
10669.4681201,80
10674.4681201,80
10680.4681201,77
10685.4681201,77
10690.4680901,77
10695.4680901,77
10700.4681201,77
10707.4681201,80
10710.4681201,80
10715.4680901,80
10720.4681201,77
10730.4681201,80
10731.4681201,78
10736.4681201,78
10741.4681201,82
10746.4681201,82
10751.4681201,83
10756.4681201,80
10762.4680901,79
10770.4681201,76
10776.4681201,75
10780.4681201,72
10783.4681201,74
10789.4681201,78
10794.4681201,79
10799.4681201,79
10804.4680901,79
10809.4681201,77
10814.4681201,73
10819.4680901,72
10824.4680901,72
10829.4681201,73
10834.4681201,73
10839.4681201,74
10847.4681201,80
10849.4681201,78
10854.4681201,76
10859.4680901,80
10867.4681201,71
10870.4681201,71
10879.4681201,75
10882.4681201,75
10886.4681201,69
10890.4681201,70
10895.4681201,75
10900.4681201,74
10906.4681201,74
10910.4681201,70
10915.4681201,71
10920.4681201,71
10925.4681201,71
10930.4681201,73
10936.4681201,72
10941.4681201,76
10946.4681201,77
10951.4681201,75
10956.4681201,74
10962.4680901,75
10967.4681201,75
10972.4680901,78
10979.4681201,78
10982.4681201,80
10988.4681201,75
10993.4681201,75
10999.4681201,73
11004.4680901,73
11009.4680901,74
11014.4681201,74
11019.4680901,72
11024.4681201,73
11033.4680901,76
11035.4680901,72
11040.4681201,71
11045.4680901,79
11050.4681201,73
11055.4681201,75
11061.4681201,75
11066.4681201,73
11071.4681201,72
11076.4680901,72
11085.4681201,76
11087.4681201,76
11091.4680901,72
11096.4681201,73
11101.4680901,74
11106.4681201,75
11111.4681201,77
11116.4681201,77
11121.4681201,76
11129.4681201,76
11136.4681201,77
11137.4681201,77
11142.4681201,75
11150.4681201,68
11155.4680901,71
11157.4681201,74
11163.4681201,75
11173.4681201,71
11174.4681201,72
11180.4680901,72
11185.4681201,75
11191.4680901,76
11196.4680901,77
11203.4681201,76
11206.4681201,72
11211.4681201,71
11216.4681201,72
11224.4681201,72
11229.4681201,76
11233.4681201,74
11237.4680901,70
11242.4681201,71
11247.4681201,71
11252.4681201,69
11262.4681201,72
11263.4680901,74
11268.4681201,75
11273.4681201,74
11279.4680901,74
11287.4680901,79
11289.4681201,80
11298.4681201,82
11302.4681201,82
11304.4681201,81
11311.4681201,70
11314.4681201,71
11319.4681201,70
11324.4681201,70
11329.4681201,77
11335.4681201,77
11341.4681201,71
11346.4681201,71
11351.4681201,71
11356.4681201,70
11362.4681201,73
11367.4681201,74
11375.4681201,77
11376.4680901,78
11381.4681201,76
11386.4681201,74
11394.4681201,74
11396.4680901,73
11404.4681201,73
11406.4681201,73
11412.4680901,67
11419.4681201,77
11422.4681201,75
11427.4681201,74
11433.4681201,77
11439.4681201,75
11444.4681201,73
11449.4681201,73
11454.4680901,72
11459.4680901,72
11464.4681201,72
11472.4681201,72
11474.4681201,71
11480.4680901,73
11488.4680901,73
11490.4681201,77
11495.4681201,77
11500.4681201,77
11505.4681201,76
11510.4681201,76
11517.4681201,78
11520.4681201,78
11526.4680901,77
11534.4681201,76
11536.4681201,76
11544.4681201,77
11549.4681201,79
11555.4681201,74
11556.4681201,74
11561.4680901,75
11566.4680901,84
11573.4681201,68
11576.4681201,68
11586.4681201,68
11589.4680901,70
11592.4681201,71
11597.4680901,71
11602.4680901,70
11607.4681201,71
11616.4681201,73
11620.4681201,75
11622.4681201,73
11630.4681201,74
11633.4680901,75
11638.4680901,74
11647.4681201,72
11649.4681201,70
11653.4681201,69
11658.4681201,69
11667.4680901,68
11669.4680901,70
11674.4681201,70
11679.4681201,69
11684.4681201,69
11689.4681201,72
11694.4681201,74
11699.4681201,73
11708.4681201,75
11709.4681201,75
11718.4680901,76
11720.4681201,77
11725.4681201,77
11734.4681201,77
11737.4680901,77
11740.4681201,69
11746.4680901,75
11754.4681201,70
11756.4680901,70
11761.4681201,71
11766.4681201,69
11771.4681201,70
11776.4680901,70
11781.4681201,70
11786.4681201,68
11791.4681201,70
11796.4680901,73
11801.4681201,74
11810.4681201,76
11812.4681201,75
11817.4680901,75
11822.4681201,76
11828.4681201,73
11832.4681201,71
11841.4681201,68
11843.4681201,68
11847.4681201,68
11852.4681201,68
11857.4681201,68
11862.4681201,69
11867.4681201,71
11872.4681201,70
11877.4681201,71
11882.4681201,72
11890.4681201,71
11892.4681201,71
11897.4680901,70
11902.4681201,70
11912.4681201,72
11914.4681201,70
11918.4681201,67
11923.4681201,67
11928.4681201,68
11937.4681201,80
11941.4681201,77
11943.4681201,76
11949.4681201,71
11954.4681201,71
11960.4680901,72
11965.4681201,70
11970.4681201,68
11976.4680901,68
11981.4681201,68
11986.4681201,67
11991.4681201,66
12001.4680901,67
12003.4681201,67
12008.4681201,68
12017.4681201,68
12022.4681201,67
12023.4681201,66
12028.4680901,67
12033.4681201,67
12038.4681201,67
12044.4681201,69
12049.4680901,69
12054.4681201,70
12060.4681201,70
12064.4681201,69
12069.4681201,68
12074.4681201,68
12079.4681201,68
12084.4680901,68
12089.4680901,68
12094.4680901,69
12099.4681201,70
12106.4681201,70
12109.4681201,69
12114.4681201,68
12122.4681201,68
12127.4681201,67
12129.4681201,66
12137.4681201,67
12139.4681201,67
12144.4681201,67
12151.4680901,67
12154.4680901,67
12159.4681201,67
12164.4681201,67
12169.4681201,68
12174.4681201,68
12179.4680901,67
12184.4681201,67
12189.4680901,67
12194.4681201,67
12199.4681201,67
12204.4680901,67
12213.4680901,68
12215.4681201,67
12220.4680901,67
12225.4681201,68
12232.4681201,68
12235.4681201,68
12240.4681201,68
12246.4681201,68
12251.4681201,68
12257.4681201,67
12262.4680901,67
12269.4681201,67
12272.4681201,67
12278.4681201,67
12282.4681201,66
12287.4681201,67
12292.4681201,67
12300.4681201,67
12302.4681201,67
12307.4680901,67
12312.4681201,67
12317.4681201,67
12322.4681201,67
12327.4681201,67
12332.4681201,67
12340.4681201,101
12346.4681201,81
12352.4681201,78
12356.4681201,78
12358.4681201,79
12363.4681201,79
12369.4681201,68
12374.4681201,65
12378.4681201,67
12383.4680901,63
12388.4680901,64
12393.4681201,64
12402.4681201,64
12406.4680901,66
12408.4681201,66
12413.4681201,65
12418.4681201,65
12423.4681201,65
12428.4681201,65
12433.4681201,66
12440.4680901,66
12443.4681201,66
12448.4681201,66
12454.4680901,66
12458.4681201,66
12463.4681201,66
12471.4681201,66
12474.4681201,66
12479.4680901,66
12484.4681201,68
12490.4681201,68
12495.4681201,66
12500.4681201,66
12505.4681201,67
12510.4681201,67
12515.4681201,67
12521.4681201,68
12525.4681201,73
12530.4681201,73
12535.4681201,71
12540.4680901,70
12545.4681201,69
12550.4680901,69
12557.4681201,65
12560.4681201,66
12565.4680901,68
12570.4681201,71
12576.4681201,71
12581.4681201,69
12586.4681201,68
12592.4681201,69
12597.4681201,69
12603.4681201,68
12608.4680901,69
12613.4693799,70
12618.4693799,71
12623.4693799,70
12628.4693799,70
12633.4693799,69
12638.4693799,70
12644.4693799,66
12649.4693799,69
12654.4693799,72
12660.4693799,71
12665.4693799,71
12670.4693799,71
12676.4693501,70
12681.4693799,71
12686.4693799,71
12694.4693799,71
12696.4693799,70
12701.4693799,70
12706.4693799,70
12711.4693501,71
12720.4693799,72
12721.4693799,72
12730.4693501,73
12732.4693501,73
12737.4693799,72
12742.4693501,71
12747.4693799,70
12752.4693501,70
12758.4693501,68
12762.4693501,68
12767.4693799,68
12772.4693501,70
12778.4693799,71
12782.4693799,72
12791.4693799,68
12792.4693799,68
12797.4693799,67
12802.4693799,68
12807.4693501,68
12812.4693799,68
12817.4693799,69
12822.4693799,69
12827.4693799,68
12832.4693799,68
12837.4693799,68
12842.4693799,69
12847.4693799,69
12852.4693799,70
12857.4693501,71
12862.4693799,71
12867.4693799,72
12872.4693799,71
12878.4693799,70
12884.4693799,69
12889.4693799,69
12895.4693799,69
12900.4693799,70
12905.4693501,71
12910.4693799,71
12915.4693501,71
12920.4693799,71
12925.4693799,70
12930.4693799,69
12935.4693799,68
12940.4693799,68
12945.4693799,69
12952.4693799,70
12956.4693799,70
12961.4693501,70
12966.4693799,70
12974.4693799,70
12976.4693799,70
12982.4693799,70
12987.4693799,70
12995.4693799,70
12997.4693799,70
13003.4693799,71
13008.4693799,71
13014.4693799,67
13019.4693799,68
13023.4693799,68
13028.4693799,68
13034.4693799,70
13040.4693799,71
13045.4693799,70
13053.4693799,71
13055.4693799,70
13060.4693799,69
13065.4693501,68
13070.4693799,69
13075.4693799,70
13082.4693799,71
13085.4693799,71
13090.4693501,69
13095.4693799,70
13104.4693799,72
13105.4693799,73
13110.4693799,73
13115.4693799,73
13121.4693799,72
13130.4693799,72
13131.4693501,72
13136.4693501,71
13143.4693501,70
13146.4693799,70
13151.4693799,71
13156.4693799,71
13162.4693799,74
13167.4693799,73
13172.4693799,69
13177.4693799,71
13182.4693799,71
13187.4693799,73
13193.4693799,70
13197.4693799,70
13202.4693799,71
13207.4693799,71
13212.4693799,71
13217.4693501,70
13222.4693501,71
13231.4693799,68
13232.4693799,68
13237.4693799,70
13242.4693799,75
13248.4693799,75
13253.4693799,73
13258.4693799,73
13267.4693799,71
13268.4693799,71
13274.4693799,72
13279.4693799,72
13284.4693501,73
13289.4693501,73
13294.4693799,75
13300.4693799,74
13305.4693799,74
13310.4693799,77
13315.4693799,77
13322.4693799,77
13325.4693799,74
13330.4693799,73
13335.4693799,73
13340.4693799,73
13345.4693799,73
13352.4693799,74
13355.4693799,71
13360.4693799,69
13365.4693799,71
13373.4693799,72
13375.4693799,71
13380.4693799,72
13386.4693799,74
13391.4693799,74
13397.4693799,75
13402.4693799,74
13408.4693799,75
13413.4693799,74
13422.4693501,74
13424.4693799,73
13429.4693799,71
13434.4693501,72
13439.4693799,72
13444.4693799,72
13449.4693799,73
13454.4693799,72
13459.4693799,73
13465.4693799,76
13470.4693799,75
13475.4693799,74
13480.4693799,75
13486.4693799,75
13493.4693501,75
13496.4693501,75
13501.4693799,71
13506.4693799,73
13511.4693799,73
13516.4693799,75
13521.4693799,74
13526.4693799,75
13534.4693799,76
13536.4693799,78
13545.4693799,77
13550.4693799,74
13551.4693501,73
13556.4693799,72
13561.4693799,72
13566.4693799,72
13571.4693799,73
13576.4693799,75
13582.4693799,75
13587.4693799,75
13592.4693799,74
13597.4693501,74
13602.4693799,74
13608.4693799,74
13613.4693799,74
13619.4693501,74
13624.4693799,74
13632.4693799,74
13634.4693799,74
13639.4693501,74
13644.4693799,75
13649.4693799,75
13654.4693501,75
13659.4693501,75
13664.4693799,75
13669.4693799,75
13674.4693799,76
13679.4693799,76
13684.4693799,76
13689.4693799,75
13694.4693799,75
13699.4693799,76
13706.4693501,76
13709.4693799,76
13714.4693799,75
13719.4693799,74
13725.4693799,74
13731.4693501,77
13736.4693799,77
13741.4693799,76
13747.4693799,75
13753.4693799,75
13758.4693799,75
13763.4693799,77
13770.4693799,77
13773.4693799,77
13778.4693799,75
13783.4693799,75
13788.4693799,75
13793.4693799,76
13798.4693799,76
13803.4693799,77
13808.4693799,76
13813.4693799,76
13818.4693501,77
13823.4693799,77
13828.4693799,77
13833.4693799,77
13838.4693799,77
13843.4693799,77
13848.4693799,77
13853.4693799,77
13858.4693799,77
13864.4693501,77
13869.4693799,77
13874.4693799,78
13879.4693799,78
13884.4693799,78
13889.4693799,78
13895.4693799,77
13900.4693799,74
13905.4693799,76
13910.4693799,74
13915.4693501,75
13920.4693799,74
13925.4693799,75
13930.4693799,76
13935.4693799,75
13940.4693799,76
13945.4693501,76
13950.4693799,76
13956.4693799,77
13962.4693799,77
13967.4693799,77
13973.4693799,76
13978.4693501,77
13984.4693501,77
13988.4693799,79
13993.4693799,78
13998.4693501,78
14003.4693799,77
14009.4693799,75
14013.4693799,75
14019.4693799,77
14024.4693799,77
14030.4693799,77
14035.4693799,77
14040.4693799,78
14045.4693799,77
14051.4693799,77
14056.4693799,75
14061.4693799,76
14070.4693799,76
14071.4693501,77
14076.4693799,77
14081.4693799,77
14086.4693799,77
14092.4693799,77
14097.4693799,77
14102.4693799,77
14107.4693799,78
14112.4693799,77
14117.4693799,77
14122.4693799,78
14127.4693799,79
14134.4693799,78
14137.4693799,77
14142.4693799,80
14147.4693799,77
14152.4693799,76
14158.4693799,77
14163.4693799,77
14168.4693799,77
14174.4693799,77
14179.4693799,77
14184.4693799,78
14189.4693799,78
14194.4693799,76
14199.4693799,76
14205.4693799,78
14210.4693799,77
14215.4693799,75
14220.4693799,77
14225.4693799,77
14230.4693501,77
14235.4693501,79
14240.4693799,86
14245.4693799,89
14252.4693799,101
14259.4693799,98
14260.4693799,98
14265.4693799,97
14270.4693799,90
14275.4693799,88
14283.4693799,78
14285.4693799,77
14290.4693799,76
14295.4693799,77
14300.4693799,76
14305.4693501,76
14310.4693799,76
14315.4693799,75
14323.4693799,71
14326.4693799,72
14332.4693501,71
14341.4693799,71
14343.4693799,71
14347.4693501,71
14352.4693799,76
14357.4693799,72
14362.4693799,72
14368.4693501,72
14374.4693501,73
14378.4693501,73
14386.4693501,74
14389.4693799,74
14394.4693501,74
14399.4693799,71
14404.4693799,70
14409.4693799,73
14414.4693799,72
14419.4693501,73
14424.4693501,77
14431.4693501,77
14434.4693799,77
14439.4693799,76
14444.4693799,76
14449.4693799,77
14454.4693799,77
14459.4693799,77
14464.4693799,77
14469.4693799,77
14474.4693799,76
14479.4693799,79
14484.4693501,80
14493.4693799,75
14494.4693799,75
14499.4693799,74
14504.4693501,74
14509.4693799,74
14514.4693501,74
14519.4693799,76
14524.4693799,75
14529.4693799,75
14534.4693799,77
14540.4693799,76
14545.4693799,76
14553.4693799,77
14555.4693799,77
14560.4693799,74
14565.4693799,74
14570.4693799,74
14575.4693799,74
14580.4693501,74
14585.4693799,77
14590.4693799,77
14595.4693799,77
14603.4693799,77
14605.4693799,77
14610.4693799,74
14615.4693799,76
14620.4693501,76
14625.4693799,77
14630.4693799,77
14639.4693799,77
14640.4693799,77
14645.4693799,76
14650.4693799,77
14655.4693799,77
14660.4693799,77
14666.4693799,77
14671.4693799,77
14676.4693799,77
14681.4693799,77
14687.4693799,77
14692.4693799,75
14697.4693799,76
14702.4693799,77
14707.4693799,77
14712.4693799,77
14717.4693799,77
14722.4693799,77
14728.4693799,77
14732.4693799,76
14738.4693799,75
14744.4693799,75
14749.4693799,76
14754.4693799,76
14759.4693501,78
14764.4693799,78
14769.4693799,77
14777.4693799,78
14779.4693799,79
14785.4693799,75
14791.4693799,75
14796.4693501,76
14801.4693799,78
14807.4693799,78
14812.4693799,78
14818.4693501,78
14822.4693799,77
14828.4693799,77
14832.4693799,77
14837.4693799,77
14847.4693799,77
14848.4693799,77
14853.4693799,77
14858.4693799,77
14863.4693799,77
14869.4693799,77
14874.4693799,77
14879.4693799,77
14885.4693799,77
14892.4693799,79
14895.4693799,78
14900.4693799,77
14905.4693799,77
14910.4693799,77
14915.4693799,77
14920.4693799,77
14925.4693799,77
14934.4693501,77
14936.4693799,77
14941.4693799,77
14946.4693799,77
14951.4693799,77
14956.4693799,76
14961.4693799,75
14966.4693799,76
14971.4693799,77
14976.4693799,77
14981.4693799,77
14986.4693501,77
14991.4693501,78
14996.4693799,78
15002.4693501,78
15006.4693799,78
15012.4693799,77
15017.4693799,77
15022.4693799,77
15027.4693799,77
15032.4693799,77
15037.4693799,77
15042.4693799,77
15047.4693501,79
15052.4693799,79
15057.4693799,78
15062.4693799,77
15067.4693799,76
15073.4693799,76
15078.4693799,77
15083.4693799,77
15088.4693799,77
15093.4693799,77
15098.4693799,78
15103.4693501,79
15108.4693501,79
15113.4693799,79
15118.4693799,78
15123.4693799,79
15128.4693501,79
15135.4693799,79
15138.4693501,77
15143.4693799,77
15149.4693799,77
15155.4693799,79
15164.4693799,80
15165.4693799,80
15170.4693799,77
15175.4693799,76
15180.4693799,82
15185.4693501,82
15190.4693799,83
15195.4693799,84
15204.4693799,104
15206.4693799,103
15210.4693799,102
15215.4693799,102
15222.4693501,78
15228.4693799,78
15233.4693799,73
15235.4693799,72
15241.4693799,70
15246.4693501,71
15251.4693799,70
15256.4693799,71
15261.4693501,72
15267.4693799,72
15274.4693799,72
15276.4693799,72
15285.4693501,75
15287.4693799,80
15291.4693501,81
15296.4693799,76
15301.4693799,72
15306.4693799,74
15311.4693799,74
15316.4693799,74
15321.4693799,74
15326.4693799,73
15331.4693799,73
15336.4693799,73
15343.4693799,74
15347.4693501,73
15354.4693501,72
15356.4693799,72
15361.4693501,71
15366.4693799,71
15372.4693799,71
15377.4693799,73
15382.4693799,73
15388.4693799,74
15393.4693799,74
15402.4693799,75
15403.4693501,75
15408.4693799,78
15413.4693799,73
15418.4693501,73
15423.4693799,73
15428.4693501,73
15437.4693799,76
15440.4693799,79
15443.4693799,78
15448.4693501,74
15453.4693799,73
15459.4693799,73
15464.4693799,73
15473.4693799,75
15474.4693799,76
15481.4693799,76
15486.4693799,76
15495.4693799,78
15499.4693799,78
15501.4693799,78
15510.4693501,79
15512.4693501,76
15517.4693799,77
15522.4693799,75
15527.4693799,75
15532.4693799,74
15538.4693501,75
15543.4693799,76
15548.4693501,77
15557.4693799,76
15559.4693799,74
15566.4693501,75
15568.4693799,76
15573.4693799,76
15579.4693799,80
15583.4693799,81
15589.4693799,78
15594.4693799,79
15599.4693799,78
15604.4693501,76
15609.4693799,75
15618.4693799,71
15619.4693799,71
15624.4693799,72
15629.4693799,74
15634.4693799,74
15640.4693799,76
15644.4693799,77
15649.4693501,78
15657.4693799,79
15659.4693501,80
15664.4693799,80
15669.4693799,77
15674.4693799,76
15681.4693799,76
15687.4693501,78
15689.4693799,76
15694.4693799,72
15700.4693799,76
15705.4693799,75
15710.4693501,74
15715.4693799,74
15720.4693799,74
15729.4693799,76
15735.4693799,81
15736.4693799,81
15741.4693799,81
15746.4693799,83
15751.4693799,80
15756.4693799,80
15761.4693799,80
15771.4693501,80
15773.4693799,77
15781.4693799,79
15783.4693799,80
15794.4693501,70
15796.4693799,70
15800.4693799,70
15806.4693799,71
15811.4693501,75
15816.4693799,75
15823.4693799,78
15828.4693799,78
15831.4693501,75
15836.4693799,77
15841.4693799,78
15846.4693501,77
15851.4693799,77
15856.4693799,73
15865.4693799,75
15866.4693799,77
15871.4693799,77
15876.4693799,76
15885.4693501,73
15887.4693799,72
15894.4693501,77
15897.4693799,77
15902.4693799,76
15908.4693799,73
15912.4693501,77
15917.4693501,74
15922.4693799,73
15927.4693799,73
15932.4693501,72
15937.4693799,75
15942.4693501,77
15947.4693799,76
15952.4693799,77
15957.4693799,77
15962.4693799,77
15967.4693799,75
15975.4693799,77
15977.4693799,77
15983.4693799,80
15988.4693799,77
15993.4693799,78
16001.4693799,77
16003.4693799,76
16012.4693799,75
16013.4693799,73
16018.4693799,73
16023.4693501,77
16028.4693799,77
16035.4693799,77
16038.4693799,74
16043.4693799,72
16048.4693799,76
16053.4693501,77
16058.4693799,76
16063.4693799,77
16069.4693799,77
16074.4693799,75
16079.4693799,73
16085.4693799,74
16090.4693799,77
16096.4693501,82
16100.4693799,83
16105.4693799,80
16112.4693799,79
16116.4693799,72
16120.4693799,72
16127.4693799,72
16130.4693799,72
16139.4693799,71
16141.4693799,72
16146.4693799,74
16151.4693799,75
16157.4693799,74
16162.4693799,68
16167.4693799,68
16175.4693799,70
16177.4693501,72
16182.4693799,75
16190.4693799,71
16192.4693799,73
16197.4693799,74
16203.4693799,76
16208.4693799,77
16213.47229,75
16222.47229,74
16223.47229,74
16228.47229,75
16233.47229,79
16239.47229,79
16244.47229,79
16253.47229,101
16258.47229,101
16263.47229,101
16268.47229,101
16269.47229,101
16279.47229,120
16280.47229,120
16288.47229,120
16292.47229,120
16296.47229,120
16307.47229,103
16312.47229,103
16313.47229,103
16320.47229,113
16323.47229,114
16330.47229,113
16333.47229,113
16338.47229,115
16343.47229,114
16348.47229,113
16358.47229,118
16363.47229,121
16364.47229,121
16372.47229,120
16374.47229,120
16379.47229,118
16384.47229,119
16393.47229,118
16397.47229,118
16403.47229,116
16404.47229,115
16409.47229,114
16415.47229,113
16422.47226,109
16426.47226,111
16431.47229,112
16436.47229,112
16441.47229,111
16447.47226,112
16452.47229,112
16466.47229,112
16471.47229,112
16476.47229,111
16478.47229,111
16482.47229,110
16488.47229,110
16497.47229,111
16502.47229,118
16504.47229,119
16513.47226,110
16517.47229,115
16520.47229,115
16529.47229,114
16532.47229,113
16535.47229,105
16542.47229,95
16549.47229,94
16550.47229,94
16555.47229,93
16560.47229,95
16565.47226,97
16571.47226,108
16575.47229,108
16585.47229,104
16590.47226,99
16592.47229,98
16598.47229,89
16604.47229,82
16612.47229,76
16613.47229,76
16618.47229,73
16623.47229,75
16628.47229,74
16634.47229,74
16638.47226,74
16643.47229,74
16649.47229,75
16654.47226,74
16659.47229,70
16664.47229,71
16670.47226,74
16676.47229,75
16680.47229,74
16685.47229,75
16690.47229,78
16695.47229,77
16700.47229,76
16705.47226,74
16710.47226,74
16715.47229,74
16720.47229,74
16726.47226,75
16731.47229,76
16736.47229,79
16741.47229,79
16746.47229,77
16751.47229,76
16757.47229,73
16763.47229,71
16767.47229,69
16776.47229,72
16777.47229,74
16782.47229,79
16788.47229,80
16792.47229,80
16798.47226,93
16803.47229,80
16809.47229,79
16815.47229,72
16817.47229,72
16822.47229,73
16827.47229,71
16832.47229,71
16837.47229,71
16843.47229,73
16849.47229,75
16853.47229,75
16858.47229,76
16863.47226,76
16868.47229,76
16877.47226,75
16878.47226,75
16883.47229,76
16889.47226,77
16898.47229,77
16899.47229,77
16904.47226,77
16909.47229,77
16914.47229,76
16919.47226,75
16924.47229,75
16929.47229,74
16934.47229,74
16939.47226,73
16944.47226,73
16949.47229,73
16954.47226,73
16959.47229,72
16964.47229,74
16970.47229,75
16975.47229,76
16980.47229,75
