-576009.74045,70
-575921.24039,80
-575381.55848,88
-575118.45267,120
-575040.3907,87
-574863.78452,99
-574627.72027,95
-574333.75938,131
-574207.18112,107
-573119.51083,86
-572328.50706,81
-572150.81059,91
-572005.30861,86
-571915.30867,91.9760513306
-571586.12093,88
-571343.12011,136
-570909.1198,92
-570683.1198,95
-570197.61812,111
-569823.11736,92
-569331.61629,107
-568898.61514,94
-568512.61486,90
-568378.11483,87
-567935.61353,91
-567657.23839,93
-567445.11246,91
-566981.11177,165
-566708.10952,102
-566542.10758,96
-566035.107,93
-565907.10474,94
-565608.10421,91
-565303.5996,96
-564869.09491,100
-564024.59172,151
-563763.09139,89
-563550.08945,93
-563248.08857,89
-562945.08637,91
-562709.08546,93
-562166.58302,96
-562101.5826,66
-561235.75967,160
-561124.25908,146
-560633.25738,91
-560130.96374,90
-559800.90096,96
-559640.40025,92
-559220.39901,70
-558877.39849,70
-558742.21849,94
-558318.21589,86
-557955.71489,83
-557688.71316,95
-557460.21238,100
-557160.71194,100
-556989.21124,95
-556566.20973,85
-556276.20807,89
-555863.7068,92
-555749.70599,89
-555432.20585,102
-555166.70401,96
-554654.20318,94
-554531.72533,97
-554285.22776,94
-553955.22783,96
-553235.77175,85
-553121.77178,95
-552566.66309,94
-552374.99658,105
-552346.93435,97
-551995.44143,84
-551684.94164,77
-551475.94272,79
-551198.44435,81
-550857.26818,84
-550643.2699,72
-550363.77132,79
-549957.77147,88
-549740.77228,80
-548934.27221,90
-548653.27297,81
-548388.77356,79
-548093.77435,81
-547877.27448,84
-547567.77537,82
-547357.77571,81
-547105.27593,84
-547018.28792,82
-547013.28789,84
-547009.28789,84
-547006.28789,85
-547002.28789,86
-546577.89819,78
-546238.89808,84
-546004.20334,78
-545840.20301,80
-545618.70301,80
-545217.70316,81
-544967.20415,79
-544507.01572,82
-544415.51572,80
-544082.90906,113
-543599.15742,82
-543168.1591,85
-542713.65964,86
-542334.65934,87
-542245.15904,94
-541751.15951,78
-541684.65951,77
-541410.66081,80
-541043.15975,80
-540777.15975,78
-540455.66102,75
-539996.16134,76
-539815.66585,79
-539398.48839,82
-539231.98831,82
-538945.48892,85
-538279.48682,75
-538103.48664,84
-537345.98674,80
-536927.48694,80
-536752.48692,82
-536526.48683,82
-536039.98761,89
-535808.48733,98
-535625.98755,95
-535308.98732,95
-535094.98745,88
-534810.98733,84
-534275.48769,81
-534099.98654,89
-533649.98471,79
-533402.5283,86
-533206.09378,89
-532970.59407,71
-532454.59314,94
-531866.09073,91
-531719.59081,90
-531438.23892,93
-530949.73897,95
-530762.73828,91
-530330.73894,92
-530192.23928,94
-529809.24185,85
-529457.04098,91
-529351.54177,88
-529045.54126,88
-528608.04205,81
-528475.04225,86
-528086.04219,87
-527878.54264,80
-527387.54291,86
-527363.54291,90.3529434204
-527260.34819,95
-526788.3485,74
-526510.8447,85
-526334.84148,88
-525547.842,79
-525357.34181,86
-525022.84174,76
-524479.84365,95
-524161.84562,109
-523974.34558,85
-523569.3454,81
-523177.8454,82
-522927.84534,82
-522736.34534,80
-489429.2175,114
-489069.15534,75
-488847.65687,58
-488593.65597,66
-488262.5427,106
-488087.86437,95
-488011.3029,65
-487348.51077,90
-487294.94858,70
-487058.44886,84
-486729.44897,85
-486401.2692,80
-485956.76956,84
-485771.76956,84
-485580.76984,98
-485285.76992,89
-484840.07074,84
-484517.57551,119
-484248.5757,126
-483959.0765,85
-483814.57623,96
-483370.08123,84
-483266.59258,81
-483263.59261,81
-483256.59258,81
-483255.59258,80
-483019.36669,75
-482863.3667,81
-482349.36706,85
-482153.86706,97
-481845.86841,100
-480875.86815,104
-480779.86815,80
-480397.86801,100
-479973.86827,87
-479663.36863,93
-478862.86777,94
-478696.36777,85
-478195.86787,81
-478026.36793,79
-477736.36819,88
-477340.86849,81
-477060.87107,79
-476824.36383,76
-476596.86388,84
-476075.36428,78
-475849.86427,92
-475546.75388,97
-475429.19197,98
-475173.69205,91
-474867.19187,98
-474320.19028,118
-474055.69123,88
-473693.69081,87
-473593.69037,88
-473566.69037,87.7714309692
-473261.02241,88
-472840.52166,93
-472561.02166,92
-471886.52318,145
-471787.02333,97
-471324.51841,145
-470761.52081,120
-470395.01975,95
-470133.51666,91
-469506.50632,88
-469266.50511,116
-469122.00499,113
-468685.51433,111
-468421.50508,124
-468173.00255,104
-467631.00581,81
-467517.00575,86
-467123.50543,79
-466966.00543,82
-466457.50435,84
-466340.50435,76
-465935.00396,83
-465644.50385,81
-465474.54753,79
-465155.53401,82
-464894.03501,84
-464593.03599,82
-464159.0368,84
-464015.03765,84
-463496.53765,81
-462979.53966,82
-462750.53761,69
-462363.5378,88
-462031.03778,89
-461709.538,88
-461453.53797,87
-461261.03825,85
-460963.03828,91
-460669.53906,84
-460239.03963,97
-460114.53968,97
-459415.03836,170
-459093.53851,81
-458914.83934,98
-457838.34332,92
-457716.64279,85
-456697.94807,108
-455661.33813,106
-455518.27498,81
-455252.77408,84
-454805.774,81
-454536.27398,75
-454239.27392,74
-454048.77381,74
-453790.27372,81
-453330.77414,73
-453104.77339,75
-452688.77527,71
-452483.77318,67
-452114.77307,61
-451837.27298,73
-451695.27268,84
-451136.77239,77
-450916.2724,74
-450779.2724,74
-450481.77183,77
-449937.77064,74
-449747.27097,81
-449537.77484,83
-449322.27239,81
-448795.77457,78
-448487.77229,76
-448377.27229,85
-447845.66402,111
-447526.60394,95
-446964.6097,90
-446879.60981,94
-446474.6099,87
-446163.61293,85
-445815.61332,86
-445479.61374,94
-444572.91607,102
-444005.91664,97
-443895.91745,86
-443578.41688,79.5854949951
-443505.23352,81
-443311.23367,81
-442846.23409,80
-442721.23408,81
-442247.73438,82
-442071.23438,81
-441629.23538,84
-441289.73373,79
-404469.1635,82
-404281.03828,82
-403915.03678,78
-403644.03668,83.478263855
-403480.34964,81
-403394.84921,86
-403100.23575,126
-402608.67361,108
-402361.22885,109
-401927.6699,95
-401690.16926,91
-401503.67616,99
-401077.96974,143
-400947.96999,155
-400700.96985,154
-400301.4689,93
-399863.96885,86
-399720.96885,86
-399384.96945,88
-399183.4694,94
-398830.7853,83
-398563.28539,87
-398266.78516,85
-397750.28549,98
-397621.28547,95
-397166.78524,104
-397082.28524,104
-396716.28618,102
-396333.28548,98
-396180.29086,102
-395823.28975,93
-395490.28989,97
-394906.11803,87
-394288.61818,87
-393888.61841,79
-393800.11835,94
-393295.24425,99
-392932.12121,97
-392525.13241,103
-392520.13241,103
-392517.13244,102
-392513.13241,103
-392509.13241,107
-392500.13241,109
-392495.13244,111
-392352.44642,104
-392276.94636,105
-391827.84067,97
-391522.2789,84
-391419.7792,101
-391058.27905,94
-390708.77896,90
-390455.7796,80
-390162.78012,80
-389832.27985,81
-389380.28039,92
-389259.28032,83
-388957.59722,84
-388664.09718,83
-388171.59737,142
-387970.09765,149
-387749.09785,150
-387434.41828,87
-386396.73398,103
-385025.91201,133
-384575.83702,115
-384392.33702,108
-384049.83745,96
-383981.16997,101
-383905.66988,95
-383605.17083,96
-383436.0565,92
-383431.05647,95
-383426.05647,96
-383423.05647,95
-383419.05647,95
-383211.71302,100
-382744.21369,106
-382432.71388,107
-381951.71254,101
-381672.71254,97
-381380.71265,97
-381074.71281,92
-380835.71147,94
-380488.21147,101
-380228.21185,99
-379735.21161,95
-379554.21155,102
-379289.22663,87
-379011.71155,96
-378821.71246,82
-378425.71087,92
-377959.71067,87
-377629.71087,85
-377450.21087,87
-377140.71114,79
-376815.2106,87
-376719.71045,83
-376405.21047,83
-375932.71033,59
-375617.2104,92
-375141.05061,95
-374697.55057,70
-374466.5511,89
-374227.43746,116
-374045.7685,118
-373844.08441,111
-373776.02209,98
-373609.36137,115
-373427.80109,102
-372913.60403,90
-372578.60421,86
-372258.92821,97
-372022.42823,78
-371891.42819,86
-370876.42842,104
-370542.92858,100
-370226.73331,96
-369948.2339,92
-369627.73357,102
-368611.73624,103
-368149.73818,91
-367377.27322,113
-366227.23665,94
-364290.2375,99
-362471.73752,119
-361768.24056,98
-360244.242,92
-360093.8027,112
-359820.24235,113
-358915.2418,99
-357243.24304,84
-357232.24304,82.5806427002
-357001.06325,81
-356674.55993,78
-355940.55972,78
-355544.5599,90
-355390.6193,88
-353630.82174,102
-353527.32174,98
-353045.82268,100
-352737.3224,107
-352279.82284,111
-352083.32268,108
-351665.32297,112
-351262.82283,104
-351050.83197,106
-347642.82374,78
-346397.32394,91
-345984.8242,96
-345528.32432,95
-345275.82466,90
-344980.82451,98
-344680.42348,83
-344448.32458,81
-344240.62526,97
-342166.92285,103
-341895.42161,92
-341476.92141,90
-341204.92111,93
-340824.92169,84
-340340.42313,82
-339947.92273,90
-339740.42062,93
-339250.94648,94
-338717.42315,92
-338584.92341,84
-338108.93909,97
-338011.4402,90
-337546.44429,121
-336680.44004,92
-301905.92247,60
-301695.88292,82
-301230.89526,76
-301075.88299,77
-300809.71167,76
-300769.21161,73.8461532593
-300274.66906,97
-300054.16863,86
-299652.66901,78
-299587.66901,77
-299183.16899,79
-298886.16902,75
-298717.66928,75
-298146.16939,76
-297987.16942,75
-297626.51506,94
-296548.77976,79
-296175.77973,77
-296003.77994,74
-295623.28531,74
-295302.78102,83
-294939.781,73
-294675.78128,94
-294457.78136,88
-294018.17197,121
-293367.1424,107
-293158.47031,113
-292943.78611,111
-292846.20826,121
-292646.7079,108
-292145.20849,89
-291907.20852,99
-291622.70805,93
-291184.70841,90
-290813.20855,83
-290502.20898,87
-290174.70981,88
-289925.70987,84
-289554.21,83
-289163.21094,88
-288894.75028,83
-288778.75034,81
-288382.21137,82
-288198.21265,85
-287705.21206,85
-287587.71214,85
-287170.21134,84
-287048.72497,83.0270233154
-286881.00827,88
-286510.50832,85
-286241.00858,87
-286073.50858,87
-285726.00886,89
-285455.00886,85
-285187.50886,93
-284683.50909,76
-284386.01199,82
-284256.01199,88
-284002.0425,88
-283691.04241,85
-283263.51424,80
-283006.01596,85
-282806.01596,82
-282246.01269,83
-282046.01269,81
-281850.51269,86
-281561.01269,81
-281291.01187,83
-280875.01147,73
-280631.51147,75
-280340.01184,73
-280110.01184,73
-279820.01167,73
-279459.01201,73
-279079.01228,75
-278894.01239,79
-278528.5124,79
-278319.0124,80
-277754.01301,78
-277657.51308,72
-277394.01305,72
-277049.01169,75
-276814.01145,75
-276504.01145,73
-276057.01115,72
-275673.51146,78
-275409.01139,79
-275248.01119,74
-274856.51133,77
-274454.05152,77
-274241.00642,75
-273871.00414,78
-273754.00396,78
-273459.00379,73
-272996.00322,77
-272684.00318,76
-272649.00318,77.1859283447
-272536.83892,79
-272044.84154,76
-271963.8416,77
-271556.8413,81
-271357.84163,82
-270997.8569,110
-270992.8569,112
-270988.8569,113
-270984.8569,114
-270979.8569,115
-270976.8569,115
-270971.85693,114
-270962.8569,118
-270959.8569,118
-270952.8569,114
-270947.8569,112
-270946.8569,112
-270939.8569,113
-270932.86471,112
-270931.86474,112
-270282.78747,98
-270204.78755,86
-269584.28797,107
-268798.11222,120
-268704.1121,120
-268388.11289,108
-267928.11329,108
-267589.6134,105
-267365.1134,128
-267209.11346,131
-266332.92973,126
-266152.92973,119
-265732.43094,129
-265435.92998,141
-264851.42959,81
-264740.92975,98
-264425.92928,99
-263952.42907,100
-263699.4289,108
-263320.42698,73
-261828.42415,82
-261682.92306,103
-261480.42433,73
-261154.42295,71
-260668.92209,74
-260479.41719,71
-260106.91551,77
-259479.4152,68
-259244.0155,70
-258942.94216,67
-258727.94344,64
-258439.44378,72
-258149.74017,69
-257915.73983,73
-257376.74078,84
-257200.7417,87
-256901.74149,86
-256646.14387,82
-256641.1439,82
-256636.14387,81
-256635.1439,81
-256626.14387,87
-256621.14387,85
-256616.14387,84
-222166.5058,80
-221842.8117,84
-221346.81125,83
-221248.81125,82
-221180.57263,74
-221176.57263,85
-221171.57266,84
-221166.57263,82
-221164.57263,82
-221157.57263,82
-221155.57263,82
-221150.57266,85
-221142.57263,86
-221136.57263,85
-221133.57266,86
-220945.80703,83
-220573.3072,83
-220314.80744,83
-219963.8079,80
-219766.80785,82
-219392.80783,83
-219061.30829,74
-218907.30823,79
-218497.80842,80
-218072.80905,79
-217770.30911,78
-217576.80927,78
-217396.81081,78
-216990.31127,82
-216600.31196,82
-216281.81187,82
-216165.81181,81
-215756.81329,79
-215547.81328,80
-215244.31371,83
-214928.31382,78
-214608.81416,78
-214579.81416,81.9205780029
-214385.63486,72
-214001.13419,82
-213460.96625,99
-212970.46612,96
-212405.79338,84
-212120.79341,82
-211940.79322,83
-211448.29317,80
-211280.79321,87
-211025.79334,83
-210800.29334,82
-210512.29235,80
-210073.29145,81
-209870.29145,79
-209605.79141,79
-209029.78964,86
-208865.28958,86
-208496.29166,73
-207841.29261,70
-207694.29427,82
-207506.79261,88
-206816.01064,122
-206796.44887,74
-206649.34349,120
-206372.78137,68
-206244.28143,114
-205996.78095,98
-205807.67534,113
-205472.11289,106
-205230.61297,109
-204878.61294,113
-204693.99809,111
-204434.43636,98
-203770.32627,112
-203402.65419,116
-203078.97764,114
-202706.23918,100
-201545.07427,101
-201456.57436,95
-201052.0743,70
-200846.57435,94
-200612.69944,100
-200247.57407,96
-199866.07441,113
-198959.07547,72
-198638.07548,97
-198328.07688,91
-198265.57691,85.8100585938
-197928.8778,88
-197791.8778,86
-197569.87818,89
-197113.87823,97
-197015.87823,90
-196589.37964,91
-196317.87964,82
-195856.87997,87
-195571.38044,79
-195294.88035,82
-194998.38093,84
-194789.38123,80
-194363.38189,85
-194293.38156,83
-193793.38164,79
-193458.88141,82
-193360.88141,79
-193043.88466,62
-192576.38787,83
-192262.8884,84
-192148.38883,86
-191923.38914,86
-191506.38971,87
-191291.38989,89
-191024.38966,90
-190452.39032,93
-190194.89078,92
-189996.39088,91
-189727.39121,93
-189259.39183,92
-188931.89222,94
-188819.89222,97
-188536.89008,97
-188178.38992,97
-187984.38992,100
-187541.89009,91
-187290.89215,99
-186854.39019,93
-186526.90326,77
-186132.89087,94.2331314087
-186051.70342,90
-185691.20343,93
-185430.20343,87
-185230.70362,98
-184872.32861,108
-184648.71503,100
-184170.20536,103
-184064.70376,102
-183701.70344,76
-183236.20357,88
-183003.70362,91
-182637.20399,97
-182538.20399,91
-181815.70397,97
-181515.20213,97
-181308.20221,98
-180880.20232,94
-180616.70178,92
-180455.20154,95
-180048.20178,94
-179895.70147,88
-179538.20159,96
-179192.20314,88
-178569.70262,91
-178023.20233,116
-177647.20258,93
-177282.70204,131
-176973.7015,89
-176910.70142,90
-176170.70083,98
-175793.70076,80
-175437.32402,86
-175258.2006,62
-175112.20062,84
-174685.70025,84
-174488.69997,86
-174098.70046,85
-173827.2004,85
-173420.69989,81
-173276.69984,85
-138195.34994,80
-137728.86179,68
-137461.36033,77
-137093.86018,96
-136952.16492,103
-136617.6664,85
-136164.06249,138
-136125.50039,98
-136027.00036,113
-135865.39452,139
-135702.71874,142
-135284.3789,130
-134984.80114,92
-134663.80114,80
-134428.31844,81
-134057.80493,82
-133953.30442,82
-133482.30441,83
-133247.84547,84
-132859.80511,88
-132795.80505,79
-132444.69978,137
-131984.63764,113
-131751.03184,122
-131421.96887,101
-131283.96871,108
-130854.35864,99
-130762.29724,88
-130533.79721,87
-130082.68747,136
-129910.62536,88
-129633.62533,104
-129416.12536,97
-128969.13448,93
-125720.93176,105
-125640.36966,94
-125552.67423,93
-125164.17366,99
-125014.17366,103
-124445.17392,99
-124334.17386,78
-123827.49454,104
-123703.49509,108
-123086.31594,93
-122688.31594,83
-122442.31594,95
-122180.31597,89
-121856.31618,97
-121453.51215,95
-121371.38715,103
-120489.74552,140
-120124.07754,113
-120050.53155,90
-119859.01871,88
-119696.40882,111
-119522.90974,79
-119271.42144,87
-118803.40963,99
-118717.90998,94
-118426.92493,123
-118185.86303,101
-117841.86298,87
-117634.36274,95
-117242.36296,95
-117005.86279,99
-116805.86279,97
-116613.36318,93
-116113.36145,96
-115868.86148,97
-115692.36148,97
-115377.36145,95
-114938.86148,94
-114669.86148,99
-114512.36145,95
-114040.86148,95
-113680.86145,94
-113393.86145,103
-113033.86145,86
-112824.67234,99
-112626.17234,91
-112229.67234,88
-112056.67234,91
-112033.67234,88.7861251831
-111796.98878,87
-111433.48875,87
-110991.98875,87
-110877.48875,87
-110522.48875,88
-110270.48875,95
-109891.98875,98
-109530.48878,95
-109147.49674,88
-108958.99674,85
-108779.49677,86
-108298.49674,85
-108106.99674,83
-107811.99674,91
-107544.99677,81
-107272.49674,91
-91279.72124,95
-91094.72139,75
-90757.22454,86
-90266.1157801,116
-55438.5515001,87
-55404.55141,78.3673477173
-55175.39938,79
-54333.22541,80
-54180.2253699,72
-53553.72647,73
-53095.22717,81
-52954.7271199,76
-52655.72732,94
-52403.22732,66
-52045.6183801,97
-51963.0565,101
-51790.9454999,119
-51425.3838201,106
-50967.8818099,78
-50888.88202,80
-50475.2762699,113
-50029.2137699,89
-49937.7142301,87
-49667.6086099,129
-49429.04703,87
-49154.5469201,85
-48984.04708,85
-48664.0469401,94
-48435.54723,92
-48026.04708,97
-47753.0473101,100
-47443.5478499,96
-47127.0476799,94
-46825.04807,101
-46499.0480199,72
-45980.5483999,101
-45760.54827,97
-45258.04863,84
-44992.54863,87
-44895.04863,99
-44522.04848,75
-44032.0487599,89
-43788.0490799,92
-43650.1061299,89
-43250.0492201,96
-43113.54932,97
-42679.04919,92
-42093.3524301,95
-41673.3524201,96
-41070.1537001,90
-40992.1538601,93
-40532.6579299,85
-40338.15535,89
-40113.6553099,85
-39558.1557701,87
-39258.65605,86
-39012.15608,101
-38845.15608,96
-38427.65639,89
-38167.6566999,88
-37923.6566999,89
-37466.1596501,85
-37129.1600001,93
-37061.6600001,86
-36542.66067,86
-36226.1612101,71
-35686.6617301,91
-35460.1617801,84
-35321.66187,73
-35007.1617801,71
-34488.66291,83
-34369.66291,75
-34080.66311,84
-33556.55389,136
-33257.8759799,102
-32774.19839,95
-32620.63604,79
-32392.5222199,125
-32102.8361299,133
-31927.7834101,103
-31228.77354,131
-30598.7734201,100
-30400.2732899,91
-29842.2727699,96
-28631.40097,54
-28344.28601,116
-27945.7235899,73
-27558.7233701,66
-27410.2253599,61
-26710.61795,131
-26639.0557599,65
-26540.5564899,67
-26286.8533299,73
-25051.67855,111
-24954.81493,124
-24949.8148999,127
-24948.8148999,126
-24943.8148999,122
-24934.8148999,120
-24931.81493,120
-24924.8148999,106
-24919.81493,106
-24915.8148999,105
-24913.8148999,103
-24904.81493,100
-24899.81493,102
-24898.8148999,101
-24893.8148999,105
-24884.8148999,107
-24879.8148999,108
-24877.8148999,107
-24873.8148999,105
-24867.81493,109
-24863.8148999,109
-24858.81493,110
-24849.8148999,99
-24844.8148999,103
-24842.8148999,104
-24834.8148999,106
-24833.8148999,106
-24828.8148999,109
-24819.81493,111
-24814.8148999,108
-24813.8148999,108
-24804.81493,107
-24802.8148999,106
-24796.8148999,108
-24791.8148999,107
-24787.8148999,111
-24779.81493,118
-24778.8148999,118
-24770.8148999,126
-24766.8148999,121
-24759.8148999,119
-24758.8148999,119
-24749.8148999,109
-24745.8148999,107
-24739.8148999,103
-24735.8148999,105
-24730.8148999,103
-24725.8148999,101
-24723.81493,101
-24714.8148999,97
-24710.8148999,98
-24707.8148999,98
-24701.81493,99
-24698.8148999,99
-24691.81493,98
-24686.81493,98
-24681.8148999,97
-24678.8148999,98
-24672.8148999,98
-24668.8148999,99
-24660.8148999,104
-24654.81493,103
-24638.8617799,100
-24608.86181,108
-24603.8617799,106
-24602.8617799,106
-24593.86181,111
-24590.8617799,111
-24586.8617799,108
-24582.8617799,108
-24573.8617799,108
-24570.8617799,105
-24567.86181,104
-24561.86181,104
-24553.86181,97
-24549.8617799,98
-24546.86181,100
-24529.12743,96
-24525.12743,95
-24521.12743,96
-24513.1273999,102
-24512.1273999,101
-24506.12743,97
-24501.1273999,95
-24497.1273999,96
-24488.1273999,97
-24486.1273999,97
-24480.1273999,97
-24477.1273999,97
-24471.12743,99
-24465.12743,97
-24459.1273999,99
-24457.1273999,98
-24448.1273999,95
-24446.12743,96
-24438.1273999,96
-24435.1273999,95
-24431.1273999,94
-24423.1273999,99
-24420.12743,99
-24417.1273999,99
-24412.1273999,100
-24407.12743,100
-24399.1273999,95
-24395.12743,95
-24388.1273999,99
-24385.1273999,99
-24382.1273999,101
-24374.1273999,108
-24372.12743,106
-24363.1273999,96
-24359.1273999,94
-24353.1273999,96
-24352.1273999,97
-24346.1273999,104
-24338.1273999,104
-24337.12743,105
-24330.1273999,100
-24323.1273999,101
-24318.12743,100
-24316.1273999,99
-24309.1273999,100
-24307.12743,100
-24301.1273999,101
-24294.12743,100
-24288.1273999,99
-24283.12743,98
-24281.1273999,97
-24274.12743,95
-24272.12743,95
-24264.12743,98
-24261.1273999,100
-24255.1273999,100
-24252.12743,102
-24247.1273999,102
-24238.12743,104
-24237.1273999,105
-24230.1273999,110
-24224.1273999,101
-24219.12743,98
-24216.1273999,99
-24208.12743,92
-24207.1273999,92
-24200.12743,106
-24193.1273999,118
-24191.1273999,119
-24183.1273999,100
-24172.1273999,97
-2884.60156989,94
-2853.10159993,93.6585388184
-2387.28525996,101
-2306.28535008,103
-1733.50469995,117
-1731.50469995,117
-1724.50469995,119
-1718.50472999,117
-1713.50469995,118
-1709.50469995,122
-1706.50469995,124
-1698.50469995,112
-1693.50469995,116
-1688.50469995,112
-1686.50472999,113
-1680.51641989,114
-1677.51641989,113
-1668.51641989,112
-1666.51644993,113
-1662.51641989,117
-1657.51641989,118
-1649.51644993,120
-1644.51641989,121
-1642.51641989,122
-1636.51644993,117
-1632.51644993,116
-1618.51641989,122
-1617.51641989,121
-1608.51644993,126
-1603.51644993,122
-1600.51644993,119
-1597.51641989,119
-1588.51641989,119
-1583.51641989,118
-1582.51644993,118
-1573.51641989,115
-1569.51641989,113
-1563.51641989,108
-1561.51641989,107
-1557.51644993,105
-1548.51641989,103
-1543.51641989,102
-1542.51641989,101
-1534.51641989,99
-1532.51641989,99
-1523.51641989,95
-1522.51641989,95
-1513.51641989,100
-1511.51641989,102
-1507.51641989,104
-1498.51641989,99
-1493.51641989,101
-1490.51644993,101
-1487.51641989,102
-1478.51641989,105
-1476.51641989,106
-1469.51644993,107
-1467.51644993,106
-1453.51641989,107
-1448.51641989,107
-1446.51641989,108
-1442.51641989,108
-1437.51641989,109
-1430.51641989,109
-1424.51644993,111
-1421.51644993,110
-1416.51641989,109
-1412.51641989,110
-1407.51641989,109
-1398.51641989,109
-1397.51644993,110
-1363.51641989,125
-1362.51641989,125
-1353.51641989,126
-1348.51641989,124
-1347.51644993,124
-1338.51644993,114
-1335.51641989,115
-1328.51641989,113
-1327.51641989,112
-1319.51641989,108
-1317.51641989,108
-1309.51641989,103
-1307.51641989,104
-1298.51641989,95
-1293.51641989,97
-1288.51644993,94
-1283.51644993,96
-1282.51644993,96
-1277.51641989,93
-1268.51641989,92
-1267.51644993,93
-1262.51641989,95
-1254.51641989,97
-1251.51641989,97
-1247.51641989,97
-1238.51641989,93
-1234.51641989,93
-1231.51641989,95
-1227.51644993,98
-1218.51641989,95
-1217.51641989,96
-1212.51641989,94
-1203.51641989,98
-1198.51644993,97
-1193.51641989,95
-1192.51644993,96
-1187.51641989,96
-1179.51641989,95
-1173.51641989,94
-1172.51644993,95
-1167.51644993,96
-1160.51641989,100
-1153.51641989,97
-1150.51641989,97
-1147.51641989,97
-1141.51644993,92
-1133.51641989,98
-1132.51641989,98
-1125.51641989,97
-1122.51641989,97
-1113.51644993,95
-1112.51641989,95
-1103.51644993,96
-1100.51641989,97
-1096.51641989,97
-1091.51641989,96
-1083.51641989,95
-1078.51644993,94
-1075.51644993,93
-1072.51641989,93
-1064.51641989,91
-1062.51641989,93
-1057.51641989,101
-1048.51641989,106
-1043.51641989,108
-1042.51644993,109
-1036.51644993,113
-1008.51644993,133
-1005.51641989,135
-999.516419888,125
-996.516419888,125
-988.516449928,124
-987.516449928,123
-978.516449928,114
-973.516419888,114
-972.516419888,113
-963.516419888,107
-962.516419888,107
-953.516419888,102
-948.516419888,103
-946.516419888,103
-942.516419888,104
-935.516419888,107
-932.516419888,105
-923.516449928,98
-918.516419888,97
-913.516419888,97
-909.516419888,97
-904.516419888,96
-902.516419888,96
-893.516449928,101
-888.516419888,102
-885.516449928,102
-878.516419888,105
-873.516419888,104
-872.516449928,104
-867.516449928,98
-859.516419888,92
-854.516419888,93
-850.516419888,94
-843.516449928,101
-842.516449928,102
-837.516419888,107
-830.516419888,102
-825.516419888,99
-821.516419888,97
-814.516419888,101
-809.516419888,99
-803.516449928,98
-800.516419888,97
-794.516419888,97
-789.516419888,98
-784.516419888,99
-781.516419888,98
-773.516419888,95
-768.516419888,96
-764.516449928,97
-761.516419888,98
-754.516449928,100
-752.516449928,101
-743.516419888,99
-741.516419888,99
-733.516449928,99
-732.516419888,99
-725.516449928,104
-719.516419888,97
-713.516419888,100
-709.516419888,100
-706.516419888,99
-700.516449928,98
-696.516449928,98
-692.516419888,100
-683.516419888,115
-682.516419888,114
-677.516419888,115
-668.516419888,116
-667.516449928,115
-658.516419888,106
-653.516419888,99
-648.516419888,99
-644.516419888,98
-638.516419888,95
-637.516449928,96
-631.516419888,96
-624.516419888,93
-620.516419888,94
-613.516449928,94
-610.516449928,94
-607.516419888,95
-602.516449928,96
-596.516419888,96
-589.516449928,92
-583.516449928,97
-580.516419888,99
-573.516449928,98
-570.516449928,99
-567.516449928,98
-558.516419888,95
-553.516419888,98
-551.516449928,97
-546.516419888,95
-540.516419888,98
-536.516419888,96
-531.516419888,95
-527.516419888,93
-522.516419888,92
-514.516449928,103
-511.516419888,99
-503.516419888,86
-498.516449928,85
-497.516449928,85
-488.516449928,81
-484.516419888,80
-482.516419888,80
-477.516449928,80
-469.516419888,95
-463.516449928,104
-458.516419888,108
-457.516419888,107
-448.516419888,98
-443.516419888,98
-439.516419888,98
-433.516419888,98
-431.516419888,98
-425.516419888,101
-420.516419888,102
-413.516419888,99
-410.516449928,99
-405.516419888,98
-401.516419888,99
-395.516419888,100
-389.516419888,99
-385.516419888,97
-381.516449928,97
-376.516449928,96
-369.516449928,95
-367.516419888,95
-359.516449928,100
-353.516419888,99
-348.516419888,99
-343.516449928,98
-340.516419888,99
-337.516449928,99
-328.516419888,94
-323.516419888,96
-320.516419888,96
-313.516419888,94
-312.516449928,94
-304.516419888,95
-300.516419888,95
-293.516419888,95
-291.516419888,95
-286.516419888,93
-279.516449928,93
-276.516449928,94
-268.516449928,95
-267.516449928,95
-259.516449928,96
-253.516419888,96
-252.516419888,96
-243.516419888,94
-242.516449928,95
-235.516419888,97
-229.516419888,99
-223.516449928,98
-222.516449928,98
-215.516419888,96
-212.516419888,95
-207.516419888,94
-198.516419888,103
-194.516449928,102
-188.516419888,97
-183.516449928,96
-179.516449928,94
-173.516419888,93
-172.516449928,94
-163.516419888,97
-162.516419888,97
-153.516419888,93
-152.516419888,93
-147.516419888,93
-138.516449928,102
-134.516449928,102
-129.516449928,104
-123.516449928,99
-122.516419888,99
-117.516419888,101
-108.516419888,100
-105.516449928,99
-98.5164198875,104
-96.5164198875,104
-88.5164499283,98
-83.5164198875,99
-80.5164198875,98
-77.5164499283,96
-72.5164198875,97
-65.5164198875,98
-61.5164198875,98
-55.5164198875,96
-51.5164198875,98
-44.5164499283,97
-38.5164198875,97
-35.5164198875,97
-29.5164499283,97
-23.5164499283,97
-22.5164198875,98
-16.5164499283,98
-12.5164499283,98
-3.51641988754,109
-2.51641988754,109
6.48358011246,113
8.48358011246,115
12.4835801125,112
21.4835801125,117
26.4835500717,113
31.4835801125,104
36.4835500717,103
39.4835500717,102
43.4835801125,100
49.4835500717,97
53.4835500717,97
57.4835801125,97
66.4835801125,98
69.4835500717,98
74.4835500717,97
78.4835801125,97
86.4835500717,96
91.4835801125,96
92.4835500717,96
99.4835801125,95
106.483580112,95
111.483550072,95
112.483580112,95
117.483580112,97
125.483550072,97
129.483580112,97
134.483580112,96
139.483580112,96
144.483550072,97
151.483580112,99
154.483580112,98
160.483550072,97
162.483550072,95
169.483550072,92
175.483580112,93
177.483550072,93
186.483550072,99
187.483580112,98
196.483580112,92
199.483550072,91
204.483580112,93
211.483580112,91
212.483580112,91
217.483550072,93
224.483580112,96
229.483550072,92
234.483580112,92
239.483580112,95
245.483550072,94
248.483580112,96
252.483580112,97
261.483580112,93
265.483580112,90
269.483580112,90
276.483580112,90
277.483550072,90
282.483580112,89
289.483580112,88
294.483550072,89
301.483580112,88
303.483550072,88
308.483580112,89
312.483550072,90
317.483580112,91
326.483550072,88
330.483580112,88
336.483580112,88
341.483580112,89
346.483580112,89
347.483580112,89
355.483580112,89
359.483580112,90
365.483550072,88
369.483580112,88
373.483580112,89
378.483550072,89
384.483580112,89
389.483550072,90
394.483550072,90
401.483580112,91
405.483580112,92
407.483580112,92
416.483580112,93
418.483580112,93
422.483550072,94
427.483580112,92
434.483580112,90
441.483580112,92
444.483550072,91
448.483580112,90
453.483580112,88
460.483580112,88
465.483580112,88
468.483580112,89
472.483550072,91
479.483580112,93
485.483580112,90
488.483580112,91
495.483580112,91
498.483580112,92
506.483550072,92
511.483580112,90
512.483580112,89
521.483580112,87
524.483580112,88
528.483580112,87
535.483580112,86
537.483550072,87
543.483580112,89
548.483580112,87
554.483580112,88
561.483580112,90
566.483580112,90
567.483580112,90
574.483580112,90
577.483550072,90
582.483580112,90
589.483580112,91
594.483580112,92
601.483580112,93
602.483580112,93
610.483550072,91
616.483580112,90
621.483580112,89
624.483580112,89
628.483550072,87
636.483550072,86
637.483550072,86
646.483550072,85
647.483550072,85
655.483580112,86
657.483580112,87
662.483580112,87
669.483550072,85
674.483580112,84
677.483550072,84
683.483580112,86
687.483580112,86
696.483580112,85
697.483580112,85
705.483550072,83
709.483580112,84
714.483550072,85
718.483580112,84
726.483550072,84
727.483580112,84
735.483550072,84
737.483580112,85
744.483580112,85
748.483580112,84
753.483580112,83
760.483580112,82
765.483550072,81
767.483580112,82
776.483550072,82
777.483550072,82
784.483580112,81
790.483580112,81
794.483580112,81
800.483580112,83
802.483550072,83
811.483580112,90
813.483580112,89
820.483580112,85
826.483580112,83
831.483580112,82
836.483580112,82
839.483550072,82
843.483550072,82
850.483550072,85
852.483580112,84
861.483580112,82
864.483580112,81
870.483550072,82
872.483580112,83
878.483550072,82
886.483550072,81
887.483550072,81
892.483580112,82
897.483580112,84
902.483550072,88
907.483550072,90
916.483580112,97
921.483580112,102
925.483580112,99
927.483550072,97
936.483580112,88
940.483580112,85
943.483580112,83
951.483580112,82
954.483550072,81
961.483580112,81
962.483550072,81
967.483580112,81
973.483580112,81
981.483580112,80
985.483580112,80
987.483580112,81
996.483580112,81
998.483550072,81
1003.48355007,81
1009.48358011,80
1016.48358011,81
1019.48358011,81
1025.48355007,81
1029.48355007,81
1034.48358011,81
1037.48358011,81
1043.48358011,84
1051.48358011,82
1056.48358011,82
1058.48355007,82
1065.48355007,82
1067.48358011,83
1076.48355007,81
1077.48358011,81
1082.48355007,81
1087.48358011,84
1095.48358011,88
1097.48355007,87
1106.48355007,82
1107.48358011,81
1116.48358011,81
1120.48358011,81
1122.48358011,81
1131.48358011,80
1132.48358011,81
1141.48358011,85
1146.48355007,80
1150.48358011,80
1152.48358011,81
1161.48358011,79
1163.48358011,79
1167.48358011,80
1175.48358011,85
1181.48355007,82
1186.48358011,80
1191.48355007,79
1193.48358011,79
1200.48358011,79
1206.48355007,80
1211.48358011,81
1214.48358011,82
1217.48355007,81
1222.48358011,79
1230.48358011,77
1236.48358011,80
1238.48355007,80
1245.48355007,79
1251.48358011,80
1256.48355007,82
1260.48355007,82
1265.48358011,82
1267.48358011,82
1272.48358011,81
1280.48355007,85
1286.48355007,82
1291.48358011,80
1293.48358011,80
1301.48358011,81
1302.48358011,81
1309.48358011,80
1312.48355007,80
1321.48358011,79
1322.48358011,79
1331.48355007,80
1332.48358011,80
1340.48355007,80
1343.48358011,79
1349.48358011,79
1354.48358011,81
1357.48355007,80
1366.48355007,78
1371.48358011,80
1372.48355007,80
1378.48358011,80
1386.48358011,82
1388.48355007,82
1395.48358011,82
1398.48358011,81
1406.48358011,79
1408.48355007,79
1413.48358011,81
1421.48358011,81
1422.48358011,81
1428.48358011,81
1436.48358011,79
1441.48358011,80
1442.48355007,80
1450.48355007,81
1454.48355007,81
1459.48355007,80
1462.48358011,80
1471.48355007,80
1472.48355007,80
1477.48358011,80
1486.48358011,82
1491.48355007,82
1496.48355007,82
1497.48355007,82
1505.48355007,82
1507.48355007,82
1516.48358011,79
1519.48358011,80
1522.48355007,79
1531.48355007,82
1535.48358011,80
1537.48358011,80
1545.48355007,78
1551.48355007,79
1552.48358011,79
1561.48358011,81
1565.48358011,81
1570.48355007,81
1573.48358011,81
1578.48355007,81
1583.48355007,81
1588.48358011,82
1595.48358011,81
1601.48355007,81
1602.48358011,81
1607.48358011,81
1612.48358011,81
1620.48358011,81
1622.48358011,81
1627.48355007,80
1636.48358011,83
1639.48355007,82
1643.48358011,82
1650.48358011,81
1656.48355007,80
1658.48358011,80
1665.48355007,81
1668.48358011,81
1673.48355007,82
1681.48358011,85
1683.48355007,84
1691.48358011,82
1695.48358011,82
1699.48358011,82
1704.48358011,82
1707.48358011,83
1715.48358011,84
1718.48358011,83
1723.48355007,83
1731.48355007,82
1732.48358011,83
1737.48358011,83
1744.48358011,82
1749.48355007,82
1756.48358011,83
1761.48358011,82
1762.48358011,82
1771.48358011,84
1775.48355007,82
1780.48358011,82
1785.48355007,82
1789.48358011,82
1796.48358011,82
1800.48358011,83
1806.48358011,83
1807.48355007,83
1814.48358011,84
1818.48358011,82
1822.48358011,82
1831.48355007,84
1832.48355007,83
1840.4814899,82
1844.4814899,82
1851.4814899,83
1853.4814899,83
1861.48146009,85
1862.4814899,85
1871.48146009,83
1872.4814899,83
1877.48146009,83
1883.4814899,83
1889.4814899,84
1893.4814899,84
1901.4814899,84
1906.4814899,84
1908.4814899,84
1912.48146009,84
1921.4814899,86
1923.48146009,85
1927.4814899,85
1936.4814899,83
1937.4814899,84
1943.4814899,83
1950.48146009,85
1954.4814899,85
1958.48146009,87
1966.48146009,82
1971.4814899,82
1972.48146009,82
1977.48146009,84
1986.4814899,83
1990.4814899,83
1992.4814899,83
1997.4814899,83
2004.4814899,84
2011.4814899,84
2015.48146009,85
2018.48146009,86
2022.4814899,86
2029.4814899,84
2036.4814899,84
2037.4814899,84
2045.48146009,84
2048.4814899,84
2052.48146009,84
2060.48146009,84
2066.4814899,85
2071.48146009,85
2072.4814899,85
2079.4814899,84
2082.4814899,84
2087.4814899,84
2093.4814899,84
2098.48146009,85
2105.4814899,85
2107.48146009,85
2116.4814899,86
2120.4814899,86
2126.48146009,84
2127.48146009,84
2134.48146009,86
2137.48146009,86
2142.4814899,86
2147.4814899,85
2153.48146009,86
2159.4814899,86
2162.4814899,86
2171.48146009,84
2172.4814899,84
2178.4814899,84
2182.4814899,85
2190.4814899,83
2193.48146009,83
2199.4814899,84
2202.4814899,85
2207.48146009,86
2214.4814899,86
2220.4814899,81
2226.48146009,80
2227.4814899,80
2233.4814899,82
2240.4814899,83
2243.4814899,84
2249.4814899,85
2256.4814899,84
2261.48146009,85
2263.4814899,85
2267.4814899,85
2274.48146009,83
2279.4814899,81
2283.4814899,83
2291.4814899,81
2294.4814899,81
2299.4814899,82
2305.4814899,83
2308.4814899,83
2313.48146009,83
2319.4814899,83
2326.48146009,83
2329.4814899,83
2335.4814899,84
2341.4814899,84
2342.4814899,84
2350.4814899,85
2352.48146009,84
2357.48146009,83
2366.48146009,82
2367.4814899,82
2376.4814899,84
2379.48146009,85
2382.4814899,85
2389.4814899,86
2396.4814899,84
2397.4814899,84
2402.4814899,85
2407.4814899,86
2415.48146009,86
2420.4814899,86
2426.4814899,86
2430.4814899,85
2435.48146009,85
2439.4814899,85
2443.4814899,86
2451.48146009,87
2452.4814899,87
2457.4814899,86
2466.48146009,83
2467.48146009,83
2474.48146009,85
2478.48146009,86
2486.48146009,86
2488.4814899,85
2496.4814899,83
2500.4814899,83
2504.4814899,84
2509.4814899,83
2512.4814899,84
2519.4814899,84
2523.4814899,85
2529.4814899,85
2533.4814899,84
2540.48146009,85
2546.4814899,84
2547.4814899,84
2552.4814899,85
2559.48146009,84
2565.4814899,85
2567.4814899,85
2575.4814899,82
2578.4814899,82
2586.4814899,82
2587.4814899,82
2596.4814899,84
2601.4814899,85
2605.4814899,85
2611.4814899,85
2613.4814899,85
2617.4814899,86
2622.4814899,86
2631.4814899,85
2632.48146009,85
2637.4814899,86
2646.4814899,86
2649.4814899,86
2654.4814899,85
2657.4814899,86
2663.48146009,87
2671.48146009,85
2673.4814899,84
2677.4814899,84
2685.4814899,85
2691.4814899,85
2693.4814899,85
2697.4814899,85
2703.48146009,86
2710.48146009,87
2716.4814899,87
2720.4814899,87
2724.48146009,88
2730.4814899,87
2735.48146009,87
2741.4814899,86
2743.4814899,86
2751.4814899,86
2754.4814899,86
2757.4814899,86
2762.4814899,86
2767.4814899,86
2772.4814899,87
2778.4814899,87
2783.4814899,88
2790.48146009,88
2795.4814899,88
2799.48146009,88
2804.4814899,87
2807.4814899,90
2816.4814899,98
2817.4814899,97
2825.48146009,86
2831.48146009,82
2836.48146009,81
2840.4814899,81
2845.4814899,82
2848.4814899,82
2854.4814899,82
2858.4814899,83
2865.4814899,84
2869.48146009,84
2874.4814899,84
2877.4814899,84
2886.4814899,85
2887.4814899,85
2893.4814899,84
2897.4814899,84
2905.48146009,86
2911.48146009,85
2914.48146009,84
2917.4814899,85
2925.4814899,86
2929.4814899,86
2936.4814899,86
2938.4814899,85
2942.48146009,85
2951.48146009,87
2953.4814899,87
2960.4814899,87
2964.4814899,86
2967.4814899,86
2974.4814899,86
2979.4814899,86
2985.4814899,87
2991.4814899,87
2995.4814899,87
3001.4814899,85
3002.48146009,85
3008.4814899,86
3016.4814899,88
3017.4814899,88
3022.4814899,88
3027.4814899,88
3035.48146009,87
3037.48146009,87
3043.4814899,87
3048.4814899,87
3056.4814899,87
3057.4814899,87
3063.48146009,88
3069.4814899,87
3076.4814899,87
3077.4814899,87
3086.4814899,86
3087.4814899,86
3096.4814899,88
3098.4814899,89
3105.48146009,88
3110.4814899,88
3115.4814899,88
3121.4814899,87
3123.4814899,86
3127.48146009,86
3136.4814899,86
3137.4814899,86
3145.4814899,88
3151.4814899,86
3155.48146009,86
3157.4814899,86
3166.48146009,88
3167.4814899,88
3176.48146009,89
3180.48146009,90
3182.4814899,90
3191.48146009,87
3194.4814899,88
3199.4814899,88
3202.4814899,89
3209.48146009,90
3213.4814899,88
3221.4814899,88
3226.4814899,89
3227.4814899,90
3232.4814899,89
3238.48146009,87
3244.4814899,90
3249.4814899,89
3255.4814899,90
3257.4814899,90
3263.4814899,92
3268.4814899,90
3274.48146009,89
3277.4814899,89
3285.4814899,88
3287.4814899,89
3293.4814899,90
3299.48146009,88
3304.4814899,88
3310.48146009,88
3313.4814899,89
3320.4814899,89
3326.48146009,90
3327.4814899,90
3332.4814899,90
3341.4814899,89
3346.4814899,89
3350.4814899,89
3352.4814899,89
3360.4814899,89
3365.48146009,89
3368.4814899,88
3376.4814899,88
3378.4814899,88
3386.4814899,88
3389.48146009,89
3392.4814899,89
3397.4814899,89
3406.4814899,88
3411.48146009,88
3415.4814899,86
3417.4814899,86
3426.48146009,88
3427.48146009,88
3435.48146009,86
3441.4814899,87
3445.4814899,86
3451.48146009,86
3453.48146009,86
3460.48146009,87
3464.4814899,87
3471.4814899,88
3475.4814899,87
3481.4814899,88
3486.4814899,88
3491.4814899,88
3494.48146009,88
3500.4814899,89
3506.48146009,88
3508.4814899,89
3513.4814899,89
3521.48146009,88
3525.4814899,88
3527.4814899,88
3532.48146009,87
3537.4814899,87
3543.4814899,88
3548.4814899,88
3556.4814899,88
3560.4814899,89
3562.4814899,89
3571.4814899,86
3573.48146009,87
3580.48146009,89
3582.48146009,89
3591.4814899,90
3593.4814899,90
3598.4814899,89
3605.48146009,89
3608.4814899,89
3616.4814899,89
3621.4814899,89
3626.48146009,88
3630.4814899,88
3636.48146009,87
3638.4814899,87
3645.4814899,87
3647.4814899,88
3652.4814899,87
3659.4814899,85
3666.4814899,86
3668.48146009,87
3676.4814899,86
3679.4814899,86
3683.48146009,86
3690.4814899,86
3692.4814899,87
3700.4814899,88
3706.4814899,88
3710.48146009,89
3714.4814899,90
3717.4814899,89
3725.4814899,85
3727.4814899,86
3736.4814899,87
3738.4814899,87
3746.48146009,87
3748.48146009,88
3754.48146009,88
3758.4814899,88
3766.48146009,88
3767.48146009,89
3776.4814899,89
3777.48146009,90
3782.4814899,91
3791.48146009,84
3796.4814899,85
3799.4814899,85
3806.4814899,86
3807.4814899,86
3816.4814899,88
3820.48146009,88
3825.4814899,89
3829.4814899,90
3833.4814899,90
3837.4814899,91
3842.4814899,89
3851.4814899,87
3854.4814899,87
3860.48146009,88
3864.4814899,88
3867.4814899,89
3872.4814899,89
3878.4814899,89
3883.4814899,90
3888.48146009,91
3893.4814899,91
3901.48146009,89
3906.4814899,88
3910.48146009,89
3916.48146009,90
3917.4814899,90
3923.4814899,90
3929.48146009,89
3934.4814899,89
3940.4814899,90
3943.48146009,91
3948.4814899,91
3952.4814899,90
3960.4814899,89
3965.4814899,90
3967.4814899,89
3976.48146009,90
3981.4814899,91
3982.48146009,91
3991.4814899,88
3996.4814899,87
4001.4814899,88
4003.4814899,88
4009.4814899,88
4016.48146009,90
4017.48146009,90
4026.48146009,90
4029.4814899,90
4032.4814899,90
4039.48146009,90
4044.48146009,91
4047.48146009,91
4052.4814899,90
4059.4814899,88
4064.4814899,88
4071.4814899,89
4076.48146009,89
4077.4814899,89
4086.4814899,86
4090.4814899,87
4093.48146009,87
4101.48146009,89
4102.4814899,89
4111.48146009,88
4114.4814899,89
4119.48146009,90
4123.4814899,89
4131.4814899,90
4133.48146009,90
4138.48146009,89
4145.4814899,90
4147.4814899,90
4153.4814899,90
4160.4814899,91
4162.4814899,90
4170.4814899,90
4173.4814899,90
4178.48146009,90
4184.4814899,92
4187.4814899,92
4196.48146009,86
4200.48146009,86
4205.48146009,87
4211.48146009,88
4212.4814899,89
4217.4814899,89
4224.4814899,89
4228.48146009,90
4235.4814899,89
4240.4814899,89
4245.48146009,90
4247.4814899,90
4254.4814899,90
4257.4814899,90
4262.4814899,89
4270.4814899,89
4275.4814899,90
4278.4814899,90
4286.4814899,89
4287.4814899,89
4294.4814899,90
4300.4814899,91
4302.4814899,91
4311.4814899,86
4315.4814899,86
4318.48146009,86
4324.4814899,87
4330.4814899,88
4333.4814899,89
4340.48146009,90
4345.4814899,91
4348.48146009,90
4352.4814899,89
4358.4814899,89
4364.4814899,91
4367.48146009,90
4375.4814899,91
4378.48146009,91
4384.4814899,91
4390.48146009,91
4396.48146009,91
4398.4814899,91
4406.48146009,90
4407.4814899,90
4416.48146009,91
4421.4814899,91
4423.48146009,90
4431.4814899,90
4436.4814899,91
4441.4814899,91
4445.4814899,91
4448.4814899,91
4454.4814899,92
4459.48146009,92
4462.4814899,92
4470.48146009,91
4472.48146009,92
4478.48146009,93
4483.48146009,96
4488.48146009,97
4493.4814899,100
4501.4814899,93
4502.4814899,93
4511.48146009,85
4516.4814899,81
4520.4814899,80
4523.48146009,82
4531.4814899,86
4536.4814899,86
4537.48146009,85
4545.4814899,84
4550.4814899,86
4553.48146009,87
4560.48146009,89
4566.4814899,89
4567.48146009,88
4572.4814899,88
4577.48146009,92
4586.4814899,106
4589.4814899,107
4592.4814899,102
4601.48146009,84
4606.48146009,80
4610.48146009,80
4616.48146009,79
4619.4814899,80
4625.4814899,80
4627.48146009,80
4636.4814899,81
4638.48146009,82
4646.4814899,83
4648.4814899,83
4656.4814899,82
4658.48146009,83
4664.4814899,83
4669.48146009,85
4672.48146009,87
4681.4814899,92
4686.4814899,90
4691.48146009,91
4695.4814899,90
4697.48146009,89
4704.4814899,86
4711.48146009,84
4716.4814899,85
4721.48146009,85
4725.4814899,85
4727.48146009,85
4735.4814899,85
4741.4814899,84
4742.4814899,84
4748.4814899,85
4755.4814899,81
4760.4814899,82
4763.4814899,82
4770.48146009,85
4772.4814899,85
4780.4814899,84
4782.4814899,85
4787.4814899,87
4796.4814899,94
4799.4814899,93
4806.48146009,89
4808.4814899,90
4812.4814899,90
4821.4814899,87
4823.4814899,87
4831.4814899,82
4832.4814899,83
4837.4814899,85
4846.4814899,87
4850.48146009,84
4856.48146009,84
4858.4814899,84
4862.4814899,84
4870.4814899,86
4872.4814899,86
4879.4814899,86
4882.48146009,86
4891.4814899,84
4893.4814899,85
4899.4814899,84
4906.48146009,84
4911.48146009,85
4916.48146009,85
4917.48146009,85
4924.4814899,85
4927.4814899,85
4934.48146009,85
4941.4814899,85
4942.48146009,85
4947.4814899,85
4955.48146009,84
4957.4814899,84
4963.4814899,86
4968.48146009,85
4973.4814899,85
4978.48146009,86
4983.4814899,87
4989.4814899,86
4996.4814899,85
4998.4814899,85
5003.4814899,86
5007.4814899,86
5016.4814899,83
5021.48146009,83
5023.4814899,84
5030.4814899,85
5036.4814899,85
5037.48146009,85
5046.48146009,87
5051.4814899,86
5053.4814899,85
5061.4814899,85
5062.4814899,85
5070.4814899,85
5076.4814899,84
5077.48146009,84
5084.4814899,86
5088.4814899,87
5095.4814899,86
5100.4814899,85
5102.48146009,85
5111.4814899,86
5116.48146009,85
5117.48146009,85
5125.4814899,86
5127.4814899,87
5136.4814899,86
5138.4814899,86
5142.48146009,86
5149.4814899,88
5155.4814899,88
5160.4814899,87
5166.4814899,85
5169.48146009,86
5174.4814899,87
5181.4814899,87
5182.48146009,87
5191.48146009,87
5193.48146009,87
5199.4814899,86
5205.48146009,86
5208.4814899,87
5216.4814899,87
5219.4814899,87
5222.48146009,86
5228.48146009,87
5236.4814899,88
5237.4814899,88
5245.4814899,92
5247.4814899,90
5256.4814899,83
5261.48146009,82
5266.48146009,83
5271.4814899,83
5276.48146009,83
5279.48146009,84
5286.48146009,86
5288.48146009,85
5293.48146009,84
5301.48146009,84
5302.4814899,84
5308.48146009,86
5313.4814899,86
5318.4814899,85
5322.4814899,86
5329.4814899,87
5336.4814899,86
5337.48146009,86
5345.48146009,86
5348.48146009,86
5355.4814899,86
5360.4814899,86
5364.48146009,85
5368.48146009,87
5374.4814899,88
5380.4814899,87
5384.4814899,87
5387.4814899,87
5394.4814899,87
5399.4814899,88
5406.4814899,86
5407.4814899,86
5416.4814899,87
5417.4814899,87
5425.4814899,87
5428.48146009,86
5434.4814899,86
5441.48396993,88
5445.48396993,89
5447.48396993,89
5456.48396993,87
5460.48396993,87
5465.48396993,87
5468.48393989,88
5472.48396993,88
5478.48393989,86
5486.48396993,85
5488.48396993,85
5493.48393989,86
5498.48393989,86
5503.48396993,88
5510.48396993,86
5514.48393989,87
5517.48396993,87
5525.48393989,87
5528.48393989,87
5534.48396993,87
5540.48396993,88
5546.48396993,88
5547.48393989,88
5556.48393989,85
5561.48396993,85
5562.48396993,85
5571.48393989,86
5574.48393989,87
5580.48396993,87
5583.48393989,86
5591.48393989,84
5592.48396993,84
5598.48393989,87
5606.48396993,88
5608.48396993,88
5612.48396993,88
5619.48396993,88
5623.48396993,88
5627.48396993,88
5634.48396993,85
5638.48396993,85
5642.48393989,87
5651.48396993,82
5656.48396993,80
5660.48396993,80
5666.48396993,82
5668.48396993,82
5676.48396993,85
5678.48396993,86
5686.48396993,86
5691.48396993,85
5692.48393989,85
5697.48396993,86
5703.48396993,88
5709.48396993,88
5716.48396993,88
5719.48393989,89
5725.48396993,89
5728.48393989,88
5733.48396993,88
5738.48396993,88
5743.48396993,87
5750.48396993,87
5756.48393989,87
5761.48396993,86
5764.48393989,85
5767.48396993,86
5776.48396993,87
5779.48396993,87
5782.48396993,87
5791.48396993,88
5796.48396993,88
5801.48393989,87
5802.48396993,87
5811.48396993,88
5812.48396993,88
5817.48393989,88
5826.48396993,87
5831.48396993,86
5833.48393989,87
5841.48396993,89
5846.48393989,88
5848.48396993,88
5856.48396993,86
5859.48393989,86
5862.48396993,87
5868.48396993,88
5874.48396993,88
5877.48393989,88
5883.48396993,87
5889.48393989,87
5893.48393989,87
5899.48396993,88
5906.48396993,88
5909.48396993,88
5915.48396993,88
5917.48396993,88
5922.48396993,88
5931.48396993,84
5933.48396993,84
5939.48393989,85
5943.48393989,86
5947.48393989,87
5955.48393989,88
5960.48396993,86
5964.48396993,86
5968.48396993,86
5972.48393989,87
5978.48396993,87
5983.48396993,87
5989.48396993,87
5994.48393989,86
5997.48396993,86
6003.48393989,87
6010.48396993,87
6014.48393989,88
6021.48396993,86
6023.48396993,86
6030.48393989,87
6035.48396993,87
6039.48396993,86
6046.48396993,86
6047.48396993,86
6056.48393989,86
6057.48396993,86
6066.48393989,87
6071.48393989,85
6072.48396993,85
6079.48393989,86
6083.48396993,87
6091.48396993,88
6094.48396993,88
6100.48396993,86
6104.48396993,87
6110.48396993,88
6116.48396993,86
6117.48393989,86
6123.48396993,86
6131.48393989,85
6135.48396993,86
6137.48396993,86
6143.48393989,86
6150.48396993,86
6154.48396993,86
6160.48396993,87
6162.48396993,87
6169.48393989,87
6176.48396993,87
6177.48396993,87
6182.48396993,86
6191.48396993,84
6196.48396993,85
6197.48396993,85
6203.48393989,86
6210.48396993,86
6214.48396993,87
6219.48396993,87
6226.48396993,86
6230.48396993,86
6232.48396993,86
6239.48396993,87
6244.48393989,87
6249.48396993,86
6256.48396993,84
6257.48396993,84
6266.48396993,84
6268.48393989,84
6276.48396993,85
6279.48396993,86
6283.48393989,86
6287.48396993,85
6294.48396993,84
6300.48396993,85
6303.48396993,86
6308.48393989,86
6313.48396993,86
6320.48396993,86
6326.48396993,85
6331.48396993,85
6335.48396993,85
6337.48393989,85
6344.48396993,87
6349.48396993,87
6356.48396993,86
6359.48396993,86
6365.48396993,86
6367.48396993,86
6376.48396993,86
6381.48396993,85
6384.48393989,85
6387.48396993,85
6396.48393989,86
6397.48396993,86
6406.48396993,87
6407.48393989,87
6413.48396993,87
6421.48393989,85
6425.48393989,85
6427.48396993,85
6433.48396993,86
6437.48396993,87
6443.48393989,87
6451.48393989,86
6452.48396993,86
6459.48393989,85
6465.48396993,86
6468.48396993,86
6475.48396993,88
6480.48396993,89
6482.48396993,89
6487.48396993,85
6495.48393989,83
6497.48393989,84
6506.48393989,82
6507.48393989,83
6516.48396993,88
6520.48396993,86
6526.48396993,85
6531.48396993,84
6532.48396993,84
6541.48396993,83
6542.48393989,83
6551.48396993,83
6553.48396993,83
6557.48393989,86
6566.48396993,88
6568.48396993,88
6576.48396993,85
6577.48396993,86
6585.48396993,85
6588.48396993,85
6596.48396993,84
6597.48396993,84
6603.48396993,86
6607.48393989,86
6612.48393989,86
6617.48396993,86
6626.48393989,88
6628.48396993,87
6633.48396993,87
6640.48396993,86
6644.48396993,86
6649.48396993,87
6654.48396993,85
6657.48396993,85
6666.48396993,86
6670.48396993,86
6676.48396993,86
6677.48396993,86
6685.48393989,87
6689.48396993,86
6695.48396993,86
6697.48396993,86
6702.48393989,86
6707.48393989,87
6716.48396993,84
6718.48396993,84
6725.48393989,86
6727.48396993,86
6734.48396993,86
6741.48396993,86
6744.48393989,85
6748.48396993,84
6752.48393989,84
6757.48396993,84
6764.48396993,86
6769.48396993,86
6772.48396993,86
6778.48393989,87
6785.48396993,86
6790.48393989,89
6793.48396993,91
6797.48396993,91
6806.48393989,96
6808.48396993,95
6815.48396993,101
6817.48393989,100
6826.48396993,88
6831.48396993,87
6836.48396993,84
6839.48396993,85
6843.48396993,84
6847.48396993,82
6855.48396993,81
6861.48393989,82
6862.48396993,82
6867.48396993,82
6873.48396993,82
6881.48396993,88
6885.48396993,84
6891.48396993,82
6895.48396993,82
6901.48393989,83
6904.48396993,83
6907.48396993,84
6912.48396993,84
6918.48393989,81
6925.48396993,80
6928.48393989,80
6932.48396993,80
6937.48393989,81
6942.48393989,81
6951.48396993,83
6952.48393989,83
6959.48393989,83
6966.48396993,83
6969.48396993,84
6972.48393989,84
6981.48396993,91
6983.48396993,90
6987.48393989,91
6996.48396993,109
7000.48396993,111
7002.48396993,109
7011.48396993,85
7016.48396993,80
7017.48393989,81
7026.48396993,74
7029.48393989,75
7036.48396993,76
7040.48396993,76
7045.48393989,76
7047.48396993,76
7054.48396993,77
7061.48396993,76
7066.48396993,78
7068.48396993,80
7073.48393989,81
7081.48396993,89
7082.48396993,89
7087.48396993,91
7092.48393989,87
7100.48396993,80
7104.48396993,78
7111.48396993,76
7115.48396993,76
7119.48396993,76
7124.48396993,78
7129.48393989,78
7133.48396993,78
7140.48396993,79
7146.48393989,80
7150.48393989,80
7153.48393989,80
7157.48396993,80
7162.48396993,79
7170.48396993,80
7173.48393989,80
7180.48396993,82
7186.48396993,81
7187.48396993,81
7192.48393989,80
7200.48393989,80
7202.48396993,80
7209.48396993,82
7215.48393989,82
7218.48396993,82
7226.48393989,83
7229.48396993,83
7236.48393989,81
7239.48396993,81
7242.48396993,80
7249.48396993,84
7252.48393989,82
7261.48396993,75
7262.48396993,75
7267.48396993,79
7275.48396993,82
7281.48393989,80
7282.48396993,80
7291.48396993,78
7292.48396993,78
7298.48396993,76
7304.48396993,76
7310.48396993,77
7316.48396993,79
7321.48396993,81
7324.48393989,81
7329.48396993,82
7333.48393989,81
7341.48396993,79
7346.48396993,78
7347.48396993,79
7352.48396993,81
7357.48396993,84
7366.48396993,91
7371.48396993,90
7372.48393989,91
7379.48396993,93
7382.48396993,91
7391.48396993,83
7393.48396993,83
7397.48396993,83
7406.48396993,77
7411.48396993,76
7412.48396993,76
7417.48393989,77
7426.48393989,78
7431.48396993,80
7436.48396993,80
7441.48393989,80
7443.48396993,80
7448.48393989,81
7454.48393989,81
7457.48393989,81
7463.48396993,80
7470.48396993,80
7475.48396993,81
7481.48396993,80
7482.48393989,80
7487.48393989,85
7496.48396993,96
7499.48393989,95
7502.48393989,92
7511.48396993,85
7515.48393989,86
7517.48396993,88
7526.48396993,103
7529.48396993,102
7532.48396993,97
7537.48393989,85
7546.48396993,76
7551.48396993,76
7556.48396993,77
7557.48393989,76
7566.48396993,78
7567.48396993,78
7576.48396993,72
7578.48396993,73
7586.48396993,76
7591.48396993,76
7593.48396993,75
7597.48396993,75
7605.48396993,76
7611.48393989,77
7615.48396993,79
7621.48393989,83
7625.48396993,82
7628.48396993,82
7636.48396993,78
7641.48396993,78
7643.48396993,78
7651.48396993,76
7656.48396993,76
7659.48396993,76
7664.48396993,78
7670.48396993,77
7676.48396993,77
7678.48396993,77
7686.48396993,79
7690.48396993,78
7696.48393989,79
7697.48396993,79
7706.48396993,80
7710.48396993,79
7712.48393989,79
7720.48396993,79
7723.48393989,80
7729.48396993,80
7733.48396993,79
7741.48393989,79
7742.48396993,79
7749.48393989,78
7752.48393989,81
7759.48396993,85
7766.48396993,81
7770.48393989,79
7776.48393989,77
7781.48393989,76
7786.48396993,77
7790.48393989,77
7795.48396993,76
7798.48396993,76
7804.48396993,78
7811.48396993,79
7815.48396993,79
7817.48393989,78
7826.48393989,77
7829.48396993,78
7836.48393989,80
7837.48396993,80
7842.48393989,78
7849.48396993,78
7852.48393989,78
7861.48396993,78
7865.48396993,79
7868.48396993,79
7875.48396993,80
7878.48396993,79
7882.48396993,80
7891.48396993,93
7896.48396993,96
7897.48393989,96
7906.48396993,77
7911.48393989,75
7916.48396993,73
7921.48396993,72
7923.48396993,73
7928.48396993,74
7932.48393989,75
7941.48396993,78
7942.48396993,78
7951.48393989,74
7954.48393989,74
7957.48396993,74
7965.48396993,76
7968.48396993,76
7973.48396993,75
7978.48396993,76
7986.48393989,78
7991.48396993,79
7994.48396993,78
7998.48393989,78
8003.48396993,77
8008.48396993,78
8014.48396993,78
8019.48396993,78
8026.48396993,78
8028.48393989,78
8033.48396993,79
8041.48396993,81
8042.48396993,80
8051.48393989,76
8055.48393989,76
8060.48396993,78
8066.48396993,79
8069.48396993,79
8076.48393989,78
8077.48396993,78
8084.48396993,78
8091.48396993,79
8095.48396993,79
8100.48396993,79
8102.48396993,79
8111.48393989,79
8112.48393989,79
8118.48396993,79
8124.48396993,79
8131.48393989,79
8133.48393989,79
8138.48396993,79
8142.48393989,79
8147.48396993,78
8152.48396993,80
8161.48393989,83
8166.48396993,83
8171.48396993,83
8174.48393989,82
8177.48396993,80
8182.48396993,78
8191.48393989,78
8194.48393989,77
8197.48396993,78
8206.48393989,79
8210.48396993,79
8214.48396993,79
8221.48396993,78
8223.48393989,78
8229.48396993,79
8232.48396993,79
8237.48393989,78
8246.48393989,76
8247.48393989,77
8253.48396993,78
8259.48393989,77
8265.48393989,78
8268.48396993,78
8275.48396993,78
8277.48396993,78
8286.48393989,77
8291.48396993,78
8292.48396993,78
8299.48396993,78
8302.48393989,78
8308.48396993,77
8314.48396993,76
8317.48396993,76
8324.48396993,77
8329.48396993,80
8336.48396993,88
8338.48396993,89
8345.48393989,93
8347.48396993,91
8356.48393989,81
8359.48396993,80
8362.48396993,79
8371.48396993,77
8372.48393989,77
8377.48396993,76
8384.48396993,74
8391.48396993,73
8392.48396993,74
8401.48396993,75
8402.48396993,75
8407.48396993,77
8416.48396993,79
8417.48396993,79
8426.48396993,75
8430.48396993,75
8434.48396993,75
8438.48393989,76
8445.48396993,79
8451.48396993,80
8456.48396993,80
8458.48396993,80
8465.48396993,80
8469.48396993,80
8472.48396993,80
8481.48396993,85
8484.48393989,85
8488.48396993,82
8496.48396993,80
8500.48396993,82
8503.48393989,82
8507.48396993,80
8516.48393989,76
8520.48396993,76
8526.48396993,76
8528.48396993,75
8533.48396993,74
8541.48396993,76
8544.48396993,76
8549.48396993,76
8556.48396993,76
8557.48393989,76
8566.48396993,83
8571.48393989,83
8574.48396993,83
8577.48396993,83
8582.48396993,85
8587.48396993,80
8596.48396993,75
8601.48393989,75
8604.48393989,75
8608.48396993,76
8613.48396993,76
8620.48393989,74
8626.48393989,77
8628.48396993,76
8636.48396993,74
8640.48396993,74
8644.48396993,74
8651.48396993,74
8656.48396993,76
8658.48393989,75
8664.48396993,76
8671.48396993,77
8676.48393989,78
8677.48396993,78
8682.48396993,78
8687.48396993,78
8693.48393989,78
8701.48393989,74
8703.48396993,74
8711.48396993,81
8716.48396993,79
8718.48393989,80
8722.48396993,78
8731.48396993,74
8736.48393989,74
8737.48396993,74
8743.48396993,74
8751.48393989,76
8753.48396993,76
8760.48396993,76
8766.48396993,75
8767.48393989,75
8776.48393989,76
8781.48393989,75
8784.48396993,76
8790.48396993,76
8794.48396993,76
8799.48396993,76
8806.48393989,76
8809.48396993,76
8812.48393989,76
8817.48393989,75
8823.48393989,76
8827.48396993,76
8836.48393989,73
8839.48396993,73
8843.48396993,74
8849.48396993,75
8854.48396993,75
8857.48393989,76
8865.48393989,78
8868.48396993,78
8876.48396993,77
8878.48393989,76
8884.48396993,78
8888.48396993,78
8892.48396993,78
8897.48396993,77
8906.48396993,75
8907.48396993,75
8912.48396993,75
8921.48396993,76
8925.48393989,75
8928.48396993,76
8932.48396993,76
8940.48393989,77
8946.48396993,77
8948.48396993,76
8952.48396993,78
8961.48393989,82
8962.48396993,82
8967.48393989,85
8976.48396993,97
8980.48396993,98
8982.48393989,97
8987.48393989,87
8995.48396993,77
9001.48396993,74
9006.48393989,73
9011.48393989,73
9013.48396993,73
9021.48396993,74
9022.48396993,74
9028.48393989,74
9032.48396993,75
9039.48396993,73
9046.47557998,74
9047.47554994,74
9056.47554994,76
9058.47557998,76
9065.47557998,76
9071.47557998,76
9076.47554994,76
9079.47557998,76
9086.47554994,77
9087.47557998,77
9092.47557998,78
9098.47557998,82
9105.47554994,87
9107.47557998,87
9114.47557998,80
9121.47554994,77
9123.47557998,76
9131.47557998,74
9133.47554994,75
9141.47557998,76
9145.47557998,76
9151.47557998,79
9155.47557998,79
9161.47557998,79
9162.47557998,79
9171.47554994,78
9172.47557998,78
9179.47557998,78
9186.47557998,78
9187.47554994,77
9193.47557998,79
9197.47557998,78
9205.47554994,82
9207.47557998,81
9212.47557998,79
9217.47557998,78
9226.47557998,72
9231.47554994,72
9236.47557998,73
9237.47557998,73
9244.47557998,73
9249.47557998,72
9252.47557998,74
9261.47557998,76
9265.47557998,76
9271.47554994,79
9274.47557998,79
9277.47557998,79
9286.47557998,78
9290.47557998,78
9292.47557998,78
9301.47554994,77
9305.47557998,76
9307.47557998,77
9312.47557998,77
9318.47557998,76
9322.47557998,76
9330.47554994,81
9336.47557998,83
9341.47554994,85
9342.47557998,85
9348.47557998,82
9353.47557998,80
9360.47557998,79
9363.47557998,77
9371.47557998,74
9376.47557998,72
9380.47557998,73
9383.47557998,73
9390.47554994,75
9396.47557998,75
9397.47557998,75
9402.47557998,75
9409.47554994,77
9415.47557998,77
9417.47554994,77
9423.47557998,80
9427.47554994,82
9436.47554994,89
9437.47557998,89
9446.47557998,82
9447.47557998,83
9456.47557998,81
9458.47557998,82
9462.47557998,83
9469.47557998,87
9476.47557998,81
9477.47554994,80
9486.47554994,78
9490.47554994,76
9495.47554994,76
9500.47554994,78
9506.47557998,78
9507.47557998,78
9515.47557998,76
9517.47557998,77
9526.47554994,82
9530.47554994,80
9534.47557998,80
9539.47554994,78
9546.47557998,78
9547.47557998,78
9556.47557998,79
9559.47557998,79
9562.47557998,79
9569.47557998,85
9572.47554994,82
9581.47557998,76
9586.47557998,75
9587.47554994,75
9596.47554994,75
9601.47557998,75
9602.47554994,75
9611.47557998,73
9614.47554994,73
9618.47557998,75
9624.47557998,75
9627.47554994,76
9632.47557998,80
9637.47554994,85
9644.47557998,92
9647.47557998,90
9656.47557998,80
9660.47557998,81
9662.47557998,81
9671.47554994,97
9676.47557998,101
9678.47557998,100
9682.47557998,95
9691.47557998,77
9696.47554994,76
9699.47557998,78
9702.47554994,76
9711.47557998,72
9712.47557998,73
9718.47557998,73
9725.47554994,73
9730.47557998,75
9734.47557998,75
9739.47557998,77
9746.47554994,76
9747.47557998,76
9753.47557998,78
9760.47557998,81
9765.47557998,79
9771.47554994,85
9772.47557998,85
9780.47557998,79
9782.47557998,79
9791.47557998,76
9794.47554994,76
9801.47557998,76
9802.47557998,76
9810.47557998,79
9815.47557998,79
9817.47554994,80
9823.47554994,81
9831.47554994,88
9835.47554994,86
9837.47557998,85
9844.47554994,83
9849.47557998,84
9854.47557998,84
9857.47554994,84
9862.47557998,86
9871.47557998,80
9875.47557998,79
9881.47554994,79
9884.47557998,79
9887.47554994,79
9893.47557998,78
9897.47557998,79
9906.47557998,87
9909.47554994,85
9913.47557998,83
9919.47557998,80
9924.47554994,79
9927.47557998,78
9933.47557998,78
9939.47554994,78
9946.47557998,78
9951.47557998,80
9954.47554994,79
9960.47557998,80
9965.47554994,80
9969.47554994,81
9972.47557998,81
9979.47557998,81
9984.47557998,80
9987.47554994,80
9992.47557998,82
9997.47557998,77
10006.47558,71
10010.47558,70
10012.47558,70
10017.47558,72
10026.4755499,75
10031.47558,75
10036.4755499,74
10038.47558,74
10044.4755499,76
10049.47558,78
10056.4755499,80
10061.4755499,80
10064.47558,80
10071.4755499,80
10072.4755499,80
10080.47558,84
10086.47558,81
10089.47558,82
10092.47558,82
10101.47558,93
10106.47558,97
10111.47558,96
10113.47558,95
10121.47558,92
10123.47558,91
10127.47558,91
10132.4755499,95
10141.47558,110
10142.47558,110
10147.47558,99
10156.47558,75
10161.47558,73
10166.47558,72
10169.47558,72
10176.4755499,75
10181.47558,73
10185.47558,73
10191.4755499,73
10193.47558,74
10201.47558,78
10206.47558,79
10207.47558,79
10214.47558,79
10221.47558,81
10222.47558,81
10227.47558,80
10233.47558,79
10238.4755499,78
10242.47558,77
10251.47558,75
10254.4755499,75
10261.47558,79
10263.47558,79
10271.47558,79
10274.4755499,79
10278.47558,80
10286.47558,82
10287.47558,83
10292.47558,85
10299.47558,89
10302.47558,91
10311.4755499,107
10315.47558,108
10317.47558,105
10326.47558,87
10330.4755499,86
10336.4755499,82
10341.47558,79
10346.4755499,79
10347.47558,79
10355.47558,78
10361.4755499,81
10366.47558,80
10367.47558,80
10376.4755499,83
10380.47558,83
10382.47558,82
10391.47558,80
10394.4755499,80
10397.47558,79
10406.4755499,79
10409.4755499,79
10416.47558,80
10420.47558,80
10422.47558,80
10431.47558,80
10432.47558,80
10441.47558,80
10442.47558,80
10451.4755499,85
10456.4755499,88
10457.47558,89
10466.47558,81
10467.4755499,81
10475.47558,77
10481.4755499,75
10486.47558,75
10491.4755499,76
10492.47558,76
10498.4755499,76
10505.4755499,77
10511.47558,80
10512.47558,80
10520.4755499,81
10522.47558,80
10529.47558,77
10532.4755499,79
10540.47558,82
10542.47558,81
10547.4755499,79
10556.47558,75
10557.4755499,76
10562.47558,77
10567.4755499,77
10575.47558,74
10577.47558,74
10586.47558,77
10587.47558,77
10595.4755499,79
10600.47558,78
10606.47558,78
10607.47558,77
10616.47558,76
10621.4755499,77
10622.47558,77
10627.4755499,79
10636.47558,83
10641.47558,83
10646.47558,84
10648.4755499,84
10656.4755499,85
10657.47558,85
10666.47558,89
10671.47558,84
10676.47558,82
10680.47558,80
10686.47558,79
10689.47558,78
10693.47558,77
10697.47558,76
10703.47558,76
10709.47558,81
10712.47558,81
10719.47558,91
10726.47558,96
10727.4755499,94
10736.47558,82
10737.47558,81
10746.47558,76
10751.47558,75
10754.47558,76
10760.47558,77
10766.47558,76
10768.47558,76
10776.47558,76
10777.47558,76
10782.4755499,76
10790.47558,80
10796.47558,81
10797.47558,80
10802.47558,79
10809.47558,76
10815.47558,75
10821.47558,76
10824.47558,76
10829.47558,75
10833.47558,77
10841.47558,79
10846.47558,79
10847.4755499,79
10852.4755499,79
10857.4755499,81
10866.47558,89
10869.47558,89
10872.47558,88
10881.4755499,80
10884.47558,79
10887.4755499,78
10896.4755499,74
10900.47558,75
10905.47558,80
10907.4755499,80
10916.47558,73
10921.4755499,72
10924.4755499,72
10927.4755499,72
10934.4755499,75
10939.4755499,74
10946.47558,73
10950.47558,73
10952.47558,74
10960.4755499,78
10965.47558,78
10967.4755499,78
10972.47558,79
10977.4755499,83
10985.47558,91
10989.47558,92
10992.47558,89
11001.47558,80
11006.47558,78
11011.47558,76
11014.47558,75
11021.47558,75
11024.47558,75
11030.47558,75
11036.4755499,74
11037.47558,74
11042.47558,76
11047.47558,77
11055.47558,82
11061.47558,81
11066.4755499,82
11068.47558,82
11072.47558,82
11081.47558,81
11084.4755499,80
11087.47558,80
11093.47558,78
11101.4755499,76
11102.47558,77
11107.47558,79
11115.4755499,77
11119.4755499,76
11125.4755499,76
11129.47558,76
11136.4755499,78
11137.47558,78
11146.47558,76
11148.4755499,76
11156.47558,80
11161.4755499,80
11165.4755499,79
11169.4755499,79
11176.47558,80
11179.4755499,79
11183.47558,79
11191.4755499,76
11193.47558,76
11197.4755499,79
11206.47558,87
11211.47558,90
11212.47558,89
11218.47558,87
11226.47558,90
11227.4755499,90
11236.47558,81
11241.4755499,79
11245.47558,77
11247.47558,77
11254.4755499,74
11260.47558,79
11262.47558,78
11271.47558,73
11276.47558,73
11277.47558,74
11285.47558,73
11291.47558,76
11296.47558,76
11301.4755499,76
11304.4755499,77
11309.47558,78
11316.47558,76
11317.47558,76
11324.47558,78
11331.47558,81
11332.47558,81
11337.47558,80
11342.47558,80
11351.4755499,79
11352.4755499,78
11357.4755499,77
11364.4755499,77
11368.47558,79
11376.47558,75
11380.47558,74
11385.47558,74
11388.47558,74
11396.47558,75
11399.47558,75
11406.47558,78
11411.47558,78
11415.4755499,78
11418.47558,78
11422.47558,77
11430.47558,78
11432.47558,77
11437.47558,77
11442.47558,77
11451.47558,93
11456.47558,102
11458.47558,104
11462.47558,96
11471.47558,75
11476.4755499,74
11481.4755499,71
11486.47558,69
11487.4755499,70
11492.47558,71
11501.47558,75
11505.47558,74
11509.47558,73
11515.47558,71
11518.47558,70
11526.47558,79
11530.47558,80
11536.47558,82
11539.4755499,80
11546.4755499,78
11549.47558,80
11554.4755499,79
11557.47558,79
11562.47558,76
11571.47558,73
11576.47558,73
11578.47558,73
11586.47558,75
11591.47558,76
11592.47558,76
11601.47558,77
11602.47558,76
11609.47558,75
11616.47558,75
11617.47558,75
11626.4755499,75
11628.47558,76
11636.47558,81
11640.4755499,80
11643.47558,79
11648.4755499,79
11653.47558,77
11661.47558,76
11664.4755499,76
11671.47558,76
11672.4755499,76
11678.4755499,75
11686.47558,79
11687.47558,79
11692.4755499,78
11701.47558,75
11706.47558,75
11707.47558,75
11716.4755499,78
11720.47558,76
11725.47558,76
11727.47558,76
11736.4755499,80
11741.4755499,77
11742.47558,78
11751.47558,83
11752.47558,82
11761.47558,79
11765.47558,81
11770.4755499,80
11776.47558,79
11779.47558,80
11782.47558,79
11787.47558,80
11793.47558,83
11799.47558,79
11803.47558,78
11807.4755499,77
11816.47558,74
11819.4755499,73
11822.4755499,75
11831.4755499,82
11836.47558,84
11837.4755499,84
11842.47558,84
11847.4755499,80
11852.47558,78
11857.4755499,76
11865.4755499,74
11869.47558,73
11875.47558,74
11881.4755499,75
11883.47558,75
11891.47558,73
11896.47558,73
11901.47558,73
11902.4755499,73
11907.47558,75
11916.47558,73
11917.47558,74
11926.47558,75
11928.4755499,75
11933.47558,76
11937.47558,77
11946.47558,76
11947.47558,76
11955.47558,78
11957.4755499,78
11964.47558,78
11969.47558,77
11974.4755499,77
11981.47558,75
11982.47558,75
11989.47558,75
11993.4755499,75
12000.47558,75
12005.47558,76
12010.47558,76
12016.47558,76
12017.47558,76
12024.4755499,76
12027.47558,76
12032.47558,75
12041.47558,84
12046.47558,86
12047.4755499,85
12055.47558,81
12057.47558,82
12063.47558,85
12068.47558,81
12076.4755499,76
12081.47558,75
12082.47558,74
12091.47558,73
12095.4755499,73
12099.47558,73
12104.47558,74
12108.47558,75
12114.47558,76
12117.4755499,76
12122.4755499,74
12127.47558,81
12136.47558,97
12138.47558,97
12142.47558,92
12151.4755499,78
12156.47558,75
12160.4755499,76
12164.47558,75
12171.47558,75
12172.4755499,75
12181.47558,75
12185.4755499,76
12190.4755499,76
12193.47558,76
12201.4755499,76
12204.47558,76
12207.47558,77
12216.47558,80
12217.47558,80
12222.4755499,78
12227.47558,77
12234.47558,78
12237.47558,78
12244.47558,78
12251.4755499,78
12253.47558,79
12260.47558,79
12264.47558,77
12270.47558,79
12273.4755499,80
12278.47558,80
12282.47558,80
12291.4755499,84
12292.47558,84
12300.47558,81
12306.47558,80
12307.47558,80
12312.47558,81
12321.47558,76
12326.47558,75
12331.47558,75
12334.47558,75
12337.47558,76
12346.47558,76
12350.47558,76
12352.47558,77
12361.47558,78
12365.47558,79
12370.47558,79
12376.47558,80
12377.47558,80
12382.47558,83
12390.47558,90
12392.47558,89
12397.47558,84
12404.4755499,81
12408.47558,79
12416.47558,77
12421.47558,76
12422.47558,76
12431.47558,80
12432.47558,79
12441.4755499,75
12446.47558,74
12448.47558,75
12452.47558,75
12461.47558,76
12462.4755499,76
12471.47558,74
12475.4755499,75
12480.47558,77
12485.47558,77
12488.4755499,78
12496.47558,78
12499.47558,79
12505.47558,79
12508.4755499,78
12515.47558,80
12519.4755499,80
12522.47558,79
12530.47558,80
12534.47558,80
12537.4755499,80
12543.47558,79
12551.4755499,77
12556.47558,77
12561.47558,79
12562.4755499,79
12567.47558,79
12576.47558,76
12578.47558,76
12585.4755499,76
12591.47558,77
12592.4755499,77
12601.4755499,80
12602.47558,80
12609.47558,79
12613.47558,79
12621.4755499,79
12622.47558,79
12629.47558,78
12635.47558,79
12640.4755499,79
12643.47908,79
12651.4790499,76
12652.4790499,77
12661.47908,80
12663.47908,80
12671.47908,78
12672.47908,78
12679.47908,76
12686.4790499,79
12690.47908,79
12692.4790499,79
12701.47908,81
12706.4790499,79
12709.47908,78
12716.47908,78
12719.47908,78
12725.47908,77
12729.47908,77
12736.47908,76
12737.4790499,76
12744.47908,77
12750.4790499,77
12756.47908,78
12757.47908,78
12765.4790499,78
12770.4790499,79
12775.47908,79
12777.47908,79
12782.47908,81
12790.47908,81
12792.47908,81
12797.47908,79
12806.4790499,79
12807.47908,79
12812.47908,79
12820.47908,78
12823.47908,78
12827.47908,78
12836.47908,80
12841.47908,80
12842.4790499,80
12848.4790499,81
12852.47908,80
12861.47908,78
12866.47908,79
12871.47908,80
12876.47908,80
12880.47908,80
12882.47908,80
12889.47908,79
12895.47908,78
12900.47908,79
12905.4790499,80
12910.4790499,80
12912.47908,80
12921.47908,80
12924.4790499,80
12928.4790499,81
12936.47908,81
12940.4790499,80
12942.47908,80
12947.47908,80
12952.47908,79
12959.47908,81
12962.4790499,80
12970.4790499,77
12974.4790499,77
12981.4790499,79
12983.47908,79
12989.4790499,80
12995.4790499,79
13000.4790499,80
13002.47908,80
13008.47908,81
13015.47908,79
13019.4790499,79
13026.47908,79
13030.47908,79
13033.47908,79
13037.4790499,80
13045.4790499,83
13049.47908,82
13056.47908,81
13061.47908,81
13063.47908,81
13069.47908,80
13072.47908,81
13081.47908,82
13083.47908,82
13088.47908,80
13096.4790499,80
13099.47908,80
13102.4790499,80
13110.47908,81
13116.47908,81
13121.4790499,80
13123.47908,80
13130.47908,80
13132.4790499,80
13138.47908,82
13143.4790499,83
13147.4790499,83
13156.4790499,80
13160.47908,80
13163.4790499,80
13170.47908,81
13173.47908,80
13181.47908,80
13183.47908,80
13189.4790499,79
13195.4790499,80
13201.47908,81
13203.47908,81
13210.47908,80
13212.4790499,80
13219.4790499,81
13223.47908,81
13231.47908,81
13232.4790499,81
13237.47908,82
13243.47908,83
13247.47908,82
13253.47908,80
13260.47908,78
13266.4790499,78
13268.4790499,78
13272.47908,78
13281.47908,78
13284.47908,79
13289.47908,78
13292.47908,80
13301.4790499,83
13303.47908,84
13311.4790499,82
13312.4790499,82
13319.4790499,81
13325.47908,80
13329.4790499,80
13336.47908,80
13337.4790499,80
13346.4790499,77
13351.47908,79
13355.4790499,79
13358.47908,79
13365.4790499,79
13371.4790499,79
13376.47908,80
13377.4790499,80
13386.47908,83
13391.47908,82
13393.47908,82
13401.4790499,80
13406.47908,80
13407.47908,80
13416.47908,80
13421.47908,80
13422.47908,80
13430.47908,81
13433.47908,80
13441.47908,81
13445.47908,80
13450.47908,80
13452.47908,80
13459.47908,80
13466.47908,81
13471.4790499,81
13472.4790499,81
13478.47908,80
13482.4790499,79
13491.47908,77
13495.47908,79
13499.4790499,79
13502.47908,79
13510.47908,79
13516.47908,79
13517.47908,79
13522.4790499,80
13530.47908,82
13533.4790499,82
13537.47908,83
13542.47908,79
13551.47908,76
13553.47908,76
13561.4790499,75
13565.4790499,76
13568.47908,76
13574.47908,78
13581.47908,79
13585.47908,79
13588.47908,79
13596.47908,80
13599.4790499,80
13602.47908,79
13611.4790499,77
13612.47908,77
13621.47908,77
13624.47908,78
13630.47908,79
13633.47908,79
13640.47908,80
13644.4790499,79
13651.4790499,80
13652.4790499,80
13658.47908,80
13665.4790499,80
13669.47908,80
13672.47908,80
13680.47908,79
13682.47908,80
13689.47908,81
13692.4790499,80
13701.47908,76
13703.47908,76
13710.47908,78
13712.47908,78
13719.47908,78
13725.4790499,79
13729.4790499,79
13734.47908,80
13741.47908,80
13742.47908,80
13748.4790499,79
13755.47908,80
13757.47908,81
13766.47908,82
13769.47908,81
13772.47908,81
13781.47908,78
13786.4790499,79
13789.4790499,79
13794.47908,79
13797.4790499,80
13803.47908,81
13808.47908,82
13814.4790499,81
13819.47908,81
13822.47908,80
13831.4790499,77
13834.47908,77
13841.4790499,78
13846.4790499,79
13848.4790499,79
13852.47908,80
13858.47908,81
13866.47908,84
13871.4790499,82
13876.4790499,81
13878.47908,81
13886.4790499,78
13891.4790499,79
13895.47908,80
13897.47908,80
13905.47908,81
13907.4790499,81
13913.47908,80
13919.47908,81
13924.47908,80
13931.47908,80
13932.47908,80
13941.47908,80
13943.47908,80
13947.47908,81
