-55821.37707,74
-55506.50228,67
-55264.0047801,73
-54874.1271801,72
-54733.6259,65
-54411.62851,74
-54040.2535,60
-53746.8787,68
-53406.3791699,65
-53064.0043199,69
-52809.0040801,69
-52640.5042,72
-52328.6315401,72
-51908.25337,75
-51544.25337,62
-51307.87903,64
-50881.87852,60
-50756.5032699,65
-50240.00317,69
-49425.2534201,65
-49302.2542,65
-48714.3782599,69
-48240.00284,74
-48109.50278,69
-47712.6303599,62
-47474.1305699,57
-47148.25577,60
-46915.7555499,65
-46593.75546,56
-46252.88043,65
-45945.00471,65
-45659.0079899,66
-45395.51267,66
-45026.1326399,66
-44496.7579,65
-43054.50754,107
-41349.2571499,101
-40999.7572801,88
-40919.2571101,95
-40382.3822501,87
-40292.38591,87
-39981.38585,83
-39546.50702,86
-39444.5074699,87
-39138.6317401,92
-38568.27092,96
-38447.2581601,105
-38050.8822601,96
-37838.38239,105
-37592.3833799,90
-37247.0086,90
-37043.0083301,96
-36543.13447,96
-36161.25863,89
-36028.7595899,90
-35785.25881,90
-35456.38381,90
-35083.00931,89
-34829.5092399,93
-30734.9923,98
-29595.11795,90
-29273.11766,90
-29137.6170299,70
-28761.2423501,83
-19537.89553,70
-19470.82412,88
-19465.82412,88
-19444.82412,153
-19440.82412,153
-19370.1288099,84
-19365.12884,88
-2194.8561101,72
-1815.85802007,70
-1578.48184991,69
-1013.10694003,73
-683.606699944,70
-381.732280016,61
-13.4635500908,69
-8.46352005005,68
-6.46355009079,68
1.53647994995,67
6.53647994995,65
9.53644990921,65
17.53647995,65
20.53647995,67
23.5364499092,67
31.53647995,65
36.5364499092,64
47.4309799671,63
54.4310100079,62
55.4309799671,62
62.4310100079,64
65.4310100079,65
70.4309799671,65
77.4310100079,68
81.4309799671,68
86.4309799671,69
91.4310100079,69
96.4309799671,69
101.431010008,69
107.431010008,69
113.431010008,69
123.431010008,69
126.430979967,69
129.431010008,69
135.431010008,69
145.431010008,72
147.431010008,72
151.431010008,72
156.431010008,72
166.431010008,73
172.430979967,74
173.431010008,74
178.431010008,73
187.431010008,73
190.431010008,74
194.431010008,73
202.430979967,71
205.430979967,71
214.431010008,71
219.430979967,71
221.430979967,69
226.431010008,69
232.431010008,69
242.430979967,67
243.431010008,67
249.431010008,68
254.430979967,68
259.431010008,68
264.431010008,68
270.430979967,68
278.431010008,68
281.431010008,68
286.430979967,67
292.431010008,65
294.431010008,65
300.431010008,64
309.431010008,65
313.430979967,65
315.430979967,65
320.430979967,65
325.430979967,65
330.431010008,65
335.431010008,65
341.430979967,65
345.430979967,65
350.431010008,65
356.431010008,65
361.431010008,65
371.431010008,65
373.431010008,65
380.431010008,63
382.431010008,65
391.431010008,65
396.430979967,68
398.431010008,67
403.430979967,64
408.430979967,64
413.430979967,64
418.430979967,65
423.431010008,65
428.430979967,65
437.431010008,65
443.431010008,64
445.431010008,65
449.430979967,65
458.430979967,67
462.430979967,69
464.431010008,71
473.431010008,68
475.431010008,68
481.431010008,68
489.431010008,68
495.431010008,69
501.430979967,68
505.431010008,69
507.431010008,69
513.430979967,69
517.431010008,69
522.431010008,69
533.430979967,69
534.431010008,69
539.430979967,71
544.430979967,71
549.431010008,71
554.431010008,71
559.431010008,71
565.430979967,73
570.431010008,74
576.431010008,76
581.431010008,74
586.431010008,73
591.431010008,73
597.430979967,73
602.430979967,73
611.431010008,73
616.431010008,73
619.430979967,69
622.431010008,69
630.431010008,69
632.430979967,69
637.431010008,65
644.430979967,65
647.430979967,65
655.431010008,76
658.430979967,76
663.430979967,72
668.430979967,69
673.431010008,65
678.431010008,65
683.431010008,68
689.431010008,69
694.430979967,69
699.431010008,68
705.431010008,67
710.431010008,65
717.430979967,67
720.430979967,67
725.430979967,67
730.430979967,67
735.430979967,67
742.431010008,67
745.430979967,68
750.431010008,67
755.431010008,67
760.431010008,65
765.431010008,65
770.431010008,65
777.431010008,69
783.430979967,67
785.431010008,68
791.431010008,68
797.431010008,67
803.430979967,65
808.431010008,65
814.430979967,65
819.431010008,65
824.431010008,67
830.431010008,67
835.430979967,67
840.431010008,67
850.431010008,67
855.430979967,67
857.431010008,67
862.431010008,65
867.430979967,65
872.431010008,65
877.430979967,65
882.431010008,65
888.431010008,65
893.431010008,65
898.431010008,64
904.431010008,63
913.430979967,64
915.431010008,64
921.430979967,64
928.430979967,65
935.430979967,65
937.431010008,65
945.431010008,65
948.431010008,73
952.431010008,73
958.431010008,71
963.431010008,68
972.430979967,65
974.430979967,65
979.431010008,65
987.430979967,65
989.431010008,65
995.430979967,65
1002.43097997,65
1005.43101001,65
1011.43101001,67
1016.43101001,67
1021.43101001,67
1026.43097997,65
1031.43101001,65
1039.43101001,64
1041.43097997,64
1046.43097997,64
1051.43101001,62
1056.43097997,63
1061.43101001,64
1068.43097997,69
1071.43097997,68
1078.43097997,69
1081.43097997,68
1086.43101001,68
1091.43097997,67
1096.43097997,68
1101.43101001,68
1106.43101001,68
1112.43101001,68
1121.43101001,68
1123.43097997,68
1128.43097997,73
1133.43101001,72
1139.43101001,71
1145.43101001,67
1152.43097997,67
1156.43101001,67
1161.43101001,65
1167.43097997,67
1172.43101001,65
1178.43097997,67
1183.43097997,65
1191.43101001,63
1193.43097997,61
1201.43097997,61
1203.43097997,60
1212.43101001,62
1213.43101001,62
1218.43097997,61
1227.43101001,64
1231.43097997,65
1235.43101001,65
1238.43101001,65
1245.43097997,65
1250.43101001,63
1255.43101001,63
1261.43101001,62
1267.43097997,62
1272.43101001,61
1278.43097997,62
1283.43101001,63
1288.43101001,63
1293.43097997,63
1298.43101001,63
1303.43097997,63
1308.43101001,63
1314.43097997,63
1321.43097997,62
1327.43097997,61
1332.43101001,62
1335.43101001,63
1341.43101001,62
1346.43101001,63
1352.43097997,62
1357.43101001,63
1366.43101001,65
1367.43101001,65
1373.43101001,63
1378.43097997,63
1383.43101001,61
1389.43101001,61
1393.43101001,65
1399.43101001,65
1405.43101001,65
1409.43101001,63
1414.43101001,65
1419.43101001,65
1426.43101001,64
1429.43097997,63
1434.43101001,63
1443.43097997,63
1445.43101001,64
1450.43097997,65
1455.43101001,65
1460.43097997,65
1465.43101001,65
1470.43101001,65
1477.43101001,65
1480.43101001,68
1486.43101001,71
1491.43101001,69
1498.43097997,65
1502.43101001,65
1507.43101001,65
1512.43101001,64
1518.43097997,63
1523.43097997,62
1528.43097997,65
1533.43097997,60
1538.43097997,60
1543.43101001,61
1548.43097997,63
1553.43101001,65
1559.43101001,67
1564.43101001,67
1570.43101001,67
1579.43101001,65
1581.43101001,65
1586.43101001,73
1596.43101001,62
1597.43101001,62
1602.43101001,62
1611.43101001,62
1613.43101001,62
1618.43101001,62
1624.43097997,62
1629.43101001,62
1634.43097997,62
1639.43101001,62
1644.43097997,62
1649.43097997,62
1654.43097997,62
1659.43101001,62
1665.43097997,64
1670.43101001,68
1675.43101001,68
1681.43101001,68
1687.43097997,62
1692.43101001,62
1697.43101001,62
1702.43101001,64
1707.43101001,65
1715.43101001,63
1717.43101001,63
1722.43097997,63
1727.43097997,61
1732.43097997,62
1737.43101001,63
1742.43101001,63
1748.43097997,63
1752.43101001,65
1758.43097997,68
1763.43101001,69
1772.43101001,64
1774.43101001,64
1780.43101001,65
1785.43101001,67
1790.43101001,65
1798.43101001,65
1800.43101001,65
1806.43097997,67
1811.43097997,65
1816.43097997,67
1821.43101001,65
1826.43101001,65
1831.43101001,65
1836.43101001,65
1842.43101001,65
1847.43101001,69
1853.43097997,73
1861.43097997,67
1864.43101001,67
1870.43101001,67
1875.43101001,64
1881.43101001,63
1890.43097997,65
1892.43101001,65
1898.43097997,65
1903.43101001,64
1908.43097997,64
1913.43097997,65
1920.43101001,67
1923.43101001,68
1929.43097997,68
1934.43097997,68
1941.43101001,58
1944.43101001,59
1949.43101001,65
1954.43101001,67
1960.43101001,68
1966.43097997,68
1974.43101001,68
1976.43101001,65
1981.43101001,68
1987.43101001,68
1992.43101001,68
1997.43101001,68
2002.43101001,68
2007.43101001,68
2013.43097997,68
2018.43101001,68
2024.43101001,68
2029.43101001,65
2034.43097997,65
2039.43097997,65
2044.43097997,68
2049.43101001,68
2055.43097997,68
2060.43101001,68
2065.43101001,68
2071.43101001,68
2077.43101001,67
2082.43101001,68
2087.43101001,68
2093.43097997,69
2098.43097997,69
2103.43097997,69
2108.43097997,69
2113.43101001,69
2118.43101001,69
2123.43101001,67
2128.43101001,67
2134.43097997,68
2139.43097997,68
2144.43101001,68
2150.43101001,69
2158.43097997,69
2160.43101001,68
2166.43101001,68
2171.43101001,68
2176.43101001,71
2181.43101001,71
2186.43101001,71
2191.43101001,69
2198.43101001,69
2201.43101001,69
2206.43097997,67
2211.43097997,68
2216.43097997,69
2221.43101001,69
2226.43097997,69
2235.43101001,69
2236.43097997,69
2241.43101001,69
2246.43097997,69
2251.43101001,69
2256.43101001,69
2261.43097997,71
2267.43101001,71
2271.43097997,68
2276.43097997,68
2281.43097997,69
2290.43101001,69
2291.43097997,69
2296.43101001,69
2302.43101001,69
2307.43097997,69
2312.43101001,71
2317.43101001,69
2322.43101001,68
2327.43097997,68
2332.43101001,71
2337.43101001,72
2342.43097997,72
2347.43101001,72
2352.43101001,72
2357.43097997,69
2362.43097997,69
2367.43101001,69
2372.43097997,71
2377.43097997,72
2382.43097997,73
2387.43097997,73
2392.43097997,71
2397.43101001,69
2402.43097997,71
2407.43101001,71
2412.43101001,73
2422.43101001,73
2423.43097997,72
2430.43101001,69
2433.43097997,69
2442.43097997,69
2444.43101001,69
2449.43101001,69
2454.43101001,69
2459.43097997,69
2464.43101001,72
2469.43101001,72
2475.43101001,72
2481.43101001,72
2486.43097997,72
2491.43101001,69
2496.43101001,69
2502.43097997,71
2507.43101001,71
2512.43101001,71
2518.43097997,73
2524.43101001,73
2528.43097997,71
2533.43101001,69
2539.43101001,71
2544.43101001,71
2550.43101001,71
2560.43101001,74
2561.43097997,76
2566.43101001,77
2571.43101001,76
2576.43101001,68
2581.43097997,69
2586.43101001,74
2595.43097997,69
2598.43097997,68
2603.43097997,69
2608.43101001,69
2614.43097997,72
2619.43097997,73
2624.43097997,71
2629.43101001,69
2634.43101001,69
2639.43101001,72
2645.43097997,73
2650.43101001,73
2656.43101001,74
2661.43101001,73
2667.43101001,73
2673.43101001,73
2678.43101001,73
2683.43101001,74
2689.43101001,74
2694.43101001,74
2700.43101001,74
2705.43097997,74
2710.43097997,74
2717.43101001,73
2720.43101001,71
2725.43101001,72
2730.43097997,72
2739.43097997,73
2741.43101001,73
2746.43101001,74
2752.43097997,74
2757.43101001,74
2763.43101001,74
2770.43101001,74
2775.43097997,74
2780.43101001,74
2785.43097997,74
2790.43101001,74
2796.43097997,74
2803.43097997,74
2809.43101001,74
2811.43097997,73
2816.43097997,72
2821.43101001,72
2830.43097997,77
2832.43101001,77
2837.43101001,74
2842.43097997,74
2847.43101001,73
2853.43097997,73
2858.43097997,76
2863.43101001,76
2868.43101001,77
2873.43097997,76
2881.43101001,74
2883.43097997,74
2888.43101001,76
2893.43101001,76
2898.43097997,76
2903.43101001,76
2909.43101001,76
2915.43101001,77
2921.43097997,77
2926.43101001,77
2931.43101001,76
2936.43097997,77
2941.43097997,77
2946.43097997,77
2951.43097997,77
2956.43097997,77
2961.43101001,77
2966.43101001,74
2971.43101001,74
2976.43101001,76
2982.43097997,76
2987.43101001,76
2993.43101001,76
2998.43101001,76
3004.43097997,76
3009.43097997,76
3014.43097997,77
3019.43101001,77
3025.43101001,77
3030.43097997,77
3035.43101001,77
3041.43097997,77
3046.43101001,77
3052.43097997,77
3057.43097997,77
3062.43101001,78
3068.43101001,77
3073.43101001,77
3079.43097997,77
3084.43101001,77
3090.43101001,77
3096.43097997,77
3101.43097997,78
3106.43097997,78
3111.43097997,78
3116.43101001,78
3121.43101001,78
3126.43101001,78
3131.43097997,77
3136.43101001,77
3142.43101001,77
3147.43097997,77
3152.43101001,77
3158.43097997,77
3163.43101001,77
3168.43097997,77
3173.43097997,78
3178.43097997,74
3183.43101001,74
3189.43101001,76
3195.43101001,77
3200.43101001,77
3206.43101001,77
3212.43097997,78
3217.43101001,78
3222.43101001,78
3227.43101001,77
3233.43097997,77
3238.43101001,77
3244.43097997,78
3248.43101001,76
3253.43097997,74
3258.43101001,74
3264.43101001,77
3269.43101001,77
3274.43101001,77
3280.43101001,78
3285.43101001,78
3290.43097997,80
3295.43101001,78
3301.43097997,78
3306.43097997,78
3311.43101001,78
3316.43097997,77
3321.43097997,77
3326.43097997,77
3331.43097997,77
3336.43097997,77
3341.43097997,77
3350.43097997,78
3352.43097997,78
3357.43101001,78
3363.43101001,80
3368.43101001,78
3373.43097997,77
3378.43101001,77
3384.43101001,77
3389.43101001,77
3394.43101001,77
3399.43101001,77
3404.43101001,77
3414.43101001,77
3415.43101001,77
3421.43097997,80
3425.43097997,81
3430.43101001,81
3439.43097997,72
3442.43097997,74
3446.43101001,74
3450.43097997,74
3455.43101001,72
3461.43101001,74
3467.43101001,74
3472.43101001,74
3477.43097997,74
3482.43097997,74
3487.43101001,74
3493.43101001,76
3498.43097997,76
3503.43101001,77
3508.43101001,77
3513.43101001,77
3518.43101001,77
3523.43101001,77
3528.43101001,77
3533.43097997,77
3539.43101001,77
3543.43097997,80
3548.43101001,78
3554.43097997,77
3563.44598007,77
3565.44598007,77
3570.44601011,77
3576.44601011,77
3581.44598007,77
3586.44601011,77
3591.44598007,77
3596.44601011,77
3601.44601011,77
3606.44598007,77
3615.44601011,78
3616.44598007,78
3621.44601011,80
3627.44598007,80
3632.44601011,78
3637.44601011,78
3642.44601011,78
3650.44598007,78
3654.44601011,78
3659.44601011,77
3665.44601011,78
3671.44601011,78
3676.44601011,78
3682.44598007,78
3687.44598007,78
3692.44598007,80
3697.44601011,81
3702.44601011,81
3707.44601011,81
3712.44601011,80
3717.44601011,80
3722.44601011,81
3727.44598007,81
3732.44598007,81
3737.44601011,81
3743.44598007,81
3748.44601011,81
3753.44598007,80
3758.44601011,80
3764.44601011,81
3769.44601011,81
3775.44601011,81
3780.44601011,81
3785.44601011,81
3793.44601011,82
3797.44601011,82
3802.44601011,82
3807.44601011,82
3817.44598007,77
3819.44601011,77
3824.44601011,77
3829.44601011,77
3834.44601011,80
3839.44601011,81
3844.44601011,78
3849.44598007,78
3854.44598007,80
3860.44598007,81
3864.44601011,81
3869.44601011,81
3875.44598007,82
3879.44601011,82
3888.44601011,81
3889.44598007,81
3894.44601011,80
3900.44601011,80
3905.44598007,83
3910.44601011,83
3915.44601011,81
3920.44601011,78
3926.44601011,83
3931.44601011,83
3936.44601011,81
3941.44601011,80
3946.44601011,80
3951.44601011,78
3956.44601011,80
3964.44598007,81
3967.44601011,81
3972.44601011,81
3978.44601011,81
3984.44601011,81
3989.44601011,81
3995.44601011,82
4000.44601011,82
4005.44601011,82
4011.44601011,82
4016.44601011,82
4021.44601011,82
4026.44598007,82
4031.44601011,82
4036.44598007,80
4041.44598007,81
4046.44601011,82
4051.44598007,83
4056.44601011,83
4062.44598007,83
4067.44598007,82
4074.44601011,82
4078.44601011,82
4084.44601011,82
4089.44601011,83
4094.44601011,82
4099.44598007,82
4104.44601011,82
4109.44601011,81
4114.44601011,81
4120.44598007,83
4125.44601011,83
4130.44601011,83
4136.44601011,82
4141.44601011,81
4150.44601011,83
4151.44601011,83
4156.44601011,83
4161.44598007,83
4166.44601011,86
4171.44598007,86
4176.44601011,83
4181.44601011,83
4187.44601011,83
4193.44601011,83
4198.44601011,83
4203.44598007,80
4209.44601011,81
4213.44598007,82
4218.44598007,85
4223.44598007,82
4228.44601011,82
4234.44601011,81
4240.44598007,82
4245.44601011,85
4251.44598007,82
4256.44598007,82
4261.44598007,81
4266.44601011,80
4271.44601011,83
4276.44601011,78
4282.44598007,78
4287.44601011,78
4292.44598007,81
4297.44601011,82
4303.44601011,82
4309.44601011,81
4315.44601011,82
4319.44598007,82
4324.44598007,82
4329.44601011,83
4334.44598007,83
4339.44598007,83
4344.44598007,83
4349.44598007,82
4354.44601011,81
4361.44601011,82
4365.44601011,83
4371.44601011,83
4375.44598007,83
4380.44601011,83
4385.44601011,81
4390.44601011,81
4396.44601011,81
4401.44598007,81
4406.44601011,81
4412.44598007,83
4417.44598007,83
4422.44598007,83
4427.44598007,83
4433.44598007,83
4439.44601011,83
4443.44601011,83
4449.44598007,83
4454.44598007,83
4459.44601011,83
4464.44601011,81
4469.44601011,81
4474.44601011,85
4480.44598007,86
4487.44601011,85
4493.44601011,92
4495.44601011,92
4500.44598007,95
4505.44598007,94
4510.44598007,94
4527.44598007,86
4535.44598007,68
4541.44601011,69
4547.44601011,72
4549.44598007,73
4555.44601011,74
4563.44598007,74
4568.44601011,77
4569.44598007,77
4574.44598007,77
4582.44601011,78
4584.44598007,78
4590.44601011,78
4599.44601011,78
4600.44601011,78
4607.44601011,77
4610.44601011,77
4619.44598007,78
4624.44598007,80
4626.44598007,80
4635.44601011,82
4636.44601011,82
4641.44601011,77
4646.44598007,78
4651.44598007,80
4656.44598007,81
4661.44598007,80
4666.44601011,81
4671.44601011,80
4676.44601011,80
4681.44598007,83
4686.44601011,83
4691.44598007,83
4696.44598007,83
4701.44601011,83
4707.44598007,85
4712.44598007,82
4717.44598007,83
4722.44598007,83
4727.44601011,82
4736.44598007,80
4738.44601011,80
4743.44601011,81
4752.44598007,83
4753.44601011,83
4758.44601011,83
4763.44598007,83
4768.44601011,83
4773.44598007,83
4778.44601011,83
4783.44601011,83
4790.44598007,86
4795.44601011,86
4801.44601011,86
4807.44601011,85
4813.44601011,85
4818.44598007,83
4823.44601011,81
4828.44598007,83
4833.44601011,86
4842.44601011,82
4845.44601011,82
4850.44601011,82
4855.44601011,83
4861.44601011,80
4866.44601011,80
4872.44601011,83
4880.44601011,82
4881.44601011,83
4887.44598007,83
4892.44601011,82
4898.44598007,85
4903.44598007,85
4908.44598007,83
4913.44598007,85
4918.44601011,85
4923.44598007,83
4929.44601011,86
4933.44601011,85
4942.44601011,82
4943.44601011,82
4948.44598007,83
4953.44601011,78
4958.44598007,78
4963.44601011,83
4968.44601011,83
4973.44601011,83
4981.44601011,78
4985.44601011,78
4991.44601011,74
4995.44601011,74
5005.44598007,83
5006.44601011,83
5015.44601011,71
5017.44601011,73
5023.44601011,77
5026.44601011,77
5031.44601011,74
5037.44598007,72
5042.44601011,74
5048.44601011,77
5054.44601011,80
5059.44601011,82
5065.44601011,82
5070.44601011,80
5075.44601011,80
5080.44601011,80
5090.44601011,83
5091.44601011,83
5096.44601011,83
5103.44601011,83
5107.44598007,83
5112.44601011,87
5117.44598007,86
5122.44601011,83
5127.44601011,83
5132.44601011,82
5137.44598007,82
5146.44601011,85
5147.44598007,85
5152.44598007,83
5157.44601011,82
5163.44601011,81
5169.44601011,83
5174.44601011,86
5179.44601011,85
5184.44601011,85
5190.44598007,85
5195.44601011,85
5201.44598007,85
5206.44598007,85
5211.44601011,83
5217.44601011,83
5222.44598007,83
5227.44601011,82
5232.44598007,81
5237.44601011,82
5243.44601011,83
5248.44601011,83
5253.44598007,85
5258.44598007,86
5265.44601011,81
5268.44598007,81
5273.44598007,83
5278.44598007,86
5283.44598007,87
5288.44598007,87
5293.44598007,87
5298.44601011,83
5304.44601011,81
5311.44601011,82
5314.44601011,78
5320.44601011,78
5326.44598007,77
5331.44598007,77
5339.44598007,85
5341.44601011,86
5347.44601011,86
5353.44601011,85
5358.44601011,81
5363.44598007,81
5368.44601011,78
5374.44601011,83
5380.44601011,83
5385.44601011,83
5391.44598007,86
5396.44598007,83
5401.44601011,83
5407.44601011,85
5416.44601011,85
5417.44601011,85
5423.44598007,78
5428.44601011,78
5435.44601011,76
5439.44601011,77
5444.44601011,78
5449.44598007,81
5454.44601011,82
5459.44601011,83
5464.44598007,83
5469.44601011,78
5474.44601011,78
5483.44601011,82
5484.44598007,82
5492.44601011,74
5494.44601011,77
5500.44601011,78
5505.44598007,78
5510.44601011,78
5519.44598007,83
5521.44598007,83
5526.44601011,81
5532.44601011,81
5537.44598007,83
5542.44601011,83
5547.44601011,83
5552.44601011,83
5557.44601011,83
5562.44601011,83
5572.44601011,87
5573.44601011,87
5578.44598007,87
5583.44601011,87
5588.44601011,87
5593.44601011,86
5599.44598007,86
5604.44598007,86
5611.44601011,81
5615.44601011,80
5621.44601011,82
5626.44598007,83
5631.44598007,86
5636.44601011,86
5641.44601011,86
5646.44598007,83
5651.44598007,83
5656.44598007,83
5665.44598007,78
5667.44598007,83
5671.44598007,83
5676.44598007,83
5685.44601011,76
5686.44601011,77
5691.44601011,78
5697.44598007,81
5702.44601011,81
5708.44601011,82
5713.44601011,86
5718.44601011,86
5723.44601011,85
5728.44601011,83
5733.44598007,83
5738.44598007,83
5743.44598007,86
5749.44598007,83
5753.44598007,78
5758.44598007,78
5763.44598007,81
5768.44601011,82
5773.44601011,85
5779.44601011,82
5785.44598007,82
5790.44598007,85
5795.44601011,85
5800.44601011,83
5805.44598007,81
5810.44601011,81
5819.44598007,83
5821.44598007,83
5826.44598007,83
5832.44601011,83
5836.44601011,83
5842.44601011,83
5849.44598007,83
5853.44601011,83
5860.44598007,83
5863.44601011,83
5868.44601011,85
5873.44601011,86
5879.44601011,86
5885.44601011,83
5895.44598007,83
5896.44598007,83
5901.44601011,85
5909.44598007,86
5911.44601011,86
5918.44598007,83
5922.44598007,83
5927.44601011,83
5933.44601011,81
5939.44601011,82
5944.44598007,82
5952.44598007,83
5954.44601011,83
5959.44601011,83
5964.44598007,85
5969.44598007,86
5974.44601011,86
5979.44598007,86
5985.44598007,86
5989.44598007,86
5994.44601011,86
5999.44601011,86
6004.44598007,87
6009.44601011,87
6014.44598007,82
6019.44601011,81
6024.44598007,82
6029.44598007,83
6038.44601011,92
6039.44601011,94
6044.44598007,92
6049.44601011,92
6055.44598007,92
6060.44601011,90
6069.44598007,77
6071.44601011,78
6076.44601011,81
6081.44601011,82
6086.44601011,83
6091.44601011,83
6097.44598007,83
6105.44601011,83
6111.44601011,85
6112.44601011,86
6118.44598007,86
6123.44601011,83
6128.44601011,86
6133.44601011,86
6138.44601011,83
6143.44601011,86
6149.44598007,86
6154.44601011,85
6163.44598007,85
6165.44598007,85
6170.44601011,85
6175.44601011,85
6185.44601011,87
6186.44601011,87
6191.44598007,85
6196.44601011,85
6201.44601011,85
6206.44598007,83
6211.44601011,83
6216.44598007,83
6221.44598007,83
6226.44598007,86
6233.44598007,86
6236.44601011,86
6241.44601011,86
6246.44601011,85
6251.44601011,86
6257.44601011,86
6262.44601011,86
6267.44598007,86
6272.44598007,86
6277.44601011,85
6282.44601011,86
6289.44601011,86
6292.44598007,85
6297.44601011,83
6303.44601011,83
6309.44601011,87
6313.44601011,86
6319.44598007,85
6324.44601011,83
6330.44601011,83
6336.44601011,86
6340.44601011,86
6345.44598007,86
6350.44598007,87
6355.44598007,87
6360.44601011,86
6369.44601011,85
6370.44598007,85
6375.44601011,86
6380.44601011,87
6386.44598007,87
6391.44601011,83
6396.44601011,83
6401.44601011,83
6409.44601011,86
6412.44601011,87
6417.44601011,90
6422.44601011,89
6427.44601011,83
6432.44598007,83
6437.44598007,85
6442.44601011,86
6449.44601011,87
6453.44598007,89
6458.44601011,87
6463.44598007,86
6468.44601011,86
6475.44598007,83
6479.44601011,83
6484.44601011,85
6491.44601011,89
6495.44601011,89
6500.44601011,85
6508.44601011,86
6510.44598007,86
6515.44601011,86
6520.44598007,86
6525.44601011,87
6530.44598007,87
6535.44601011,86
6541.44601011,86
6546.44601011,86
6551.44601011,86
6556.44601011,87
6561.44598007,87
6566.44601011,87
6572.44598007,87
6577.44601011,87
6582.44598007,87
6587.44601011,87
6593.44598007,87
6598.44601011,89
6603.44601011,87
6612.44601011,78
6614.44601011,78
6619.44598007,80
6624.44601011,83
6629.44601011,83
6634.44601011,83
6640.44598007,82
6645.44598007,83
6650.44598007,85
6655.44601011,86
6663.44598007,86
6666.44601011,86
6671.44598007,86
6678.44601011,86
6681.44601011,86
6686.44601011,86
6692.44601011,86
6702.44598007,86
6704.44598007,86
6709.44598007,86
6715.44601011,83
6719.44598007,85
6725.44601011,86
6729.44601011,87
6734.44601011,87
6739.44601011,87
6745.44598007,90
6750.44601011,92
6755.44601011,92
6764.44601011,74
6768.44598007,77
6773.44601011,80
6775.44598007,82
6780.44601011,83
6785.44601011,83
6791.44601011,85
6796.44601011,86
6801.44598007,86
6806.44601011,83
6811.44601011,83
6816.44601011,85
6823.44601011,86
6826.44601011,86
6832.44601011,86
6840.44601011,87
6843.44601011,87
6848.44601011,87
6853.44601011,86
6861.44601011,86
6863.44601011,86
6869.44601011,89
6874.44601011,86
6879.44601011,83
6884.44601011,85
6889.44598007,85
6894.44598007,86
6899.44598007,86
6904.44601011,86
6910.44601011,87
6915.44601011,86
6920.44601011,86
6926.44598007,82
6931.44601011,82
6939.44601011,85
6941.44598007,85
6946.44601011,85
6951.44601011,86
6956.44598007,86
6961.44601011,86
6966.44601011,87
6975.44601011,87
6978.44601011,87
6985.44598007,87
6989.44598007,86
6994.44601011,85
7000.44598007,86
7005.44598007,86
7013.44598007,90
7015.44601011,91
7023.44601011,87
7025.44601011,87
7030.44598007,87
7035.44601011,86
7040.44601011,86
7048.44598007,86
7051.44598007,86
7056.44601011,86
7061.44598007,87
7066.44601011,86
7071.44598007,86
7076.44601011,86
7083.44601011,91
7086.44601011,90
7091.44601011,87
7098.44601011,86
7102.44601011,85
7107.44601011,83
7114.44598007,85
7117.44601011,85
7122.44601011,86
7127.44598007,86
7132.44601011,86
7137.44601011,86
7147.44601011,87
7148.44598007,89
7153.44598007,89
7158.44601011,89
7163.44358993,86
7168.44355989,86
7175.44358993,86
7179.44355989,87
7184.44358993,89
7189.44358993,87
7199.44355989,87
7200.44358993,87
7205.44358993,86
7210.44358993,86
7217.44355989,86
7220.44355989,86
7225.44358993,86
7230.44358993,86
7235.44355989,86
7240.44355989,86
7245.44358993,87
7252.44358993,87
7255.44358993,87
7260.44355989,87
7265.44358993,86
7270.44358993,86
7275.44358993,87
7281.44358993,87
7287.44358993,86
7293.44358993,86
7299.44358993,87
7304.44358993,87
7314.44355989,76
7317.44358993,74
7320.44358993,76
7326.44358993,78
7330.44358993,81
7335.44358993,82
7341.44358993,83
7347.44355989,82
7352.44358993,82
7358.44358993,81
7364.44355989,86
7369.44358993,86
7375.44355989,83
7380.44355989,83
7385.44355989,83
7390.44358993,83
7395.44355989,83
7400.44355989,85
7405.44358993,83
7410.44358993,85
7418.44358993,77
7422.44355989,78
7427.44358993,82
7433.44358993,82
7438.44355989,83
7443.44355989,86
7448.44355989,86
7453.44358993,86
7464.44358993,85
7465.44355989,85
7470.44355989,85
7476.44358993,86
7480.44358993,86
7486.44358993,83
7492.44358993,85
7498.44358993,83
7505.44358993,86
7509.44358993,86
7517.44358993,87
7520.44358993,87
7525.44358993,87
7530.44358993,87
7538.44355989,86
7541.44355989,86
7546.44358993,85
7552.44358993,85
7558.44358993,86
7564.44358993,85
7569.44355989,86
7574.44355989,86
7579.44355989,86
7584.44358993,86
7590.44358993,83
7596.44355989,86
7601.44355989,86
7606.44355989,86
7611.44355989,86
7616.44358993,86
7621.44358993,86
7626.44358993,86
7632.44358993,87
7637.44355989,87
7642.44358993,86
7647.44358993,85
7652.44358993,85
7657.44358993,85
7667.44358993,73
7672.44358993,76
7673.44355989,76
7678.44358993,81
7683.44355989,83
7688.44355989,83
7693.44355989,83
7698.44358993,83
7703.44355989,83
7708.44355989,83
7717.44358993,83
7718.44358993,83
7723.44355989,85
7728.44358993,85
7735.44358993,85
7738.44358993,85
7743.44358993,85
7748.44358993,86
7755.44358993,87
7759.44358993,87
7765.44358993,86
7770.44355989,87
7775.44358993,86
7785.44358993,74
7788.44358993,74
7793.44358993,77
7796.44355989,78
7801.44358993,81
7806.44355989,82
7811.44358993,82
7816.44358993,81
7821.44355989,81
7828.44355989,81
7831.44358993,82
7836.44358993,81
7842.44358993,81
7848.44358993,80
7854.44358993,82
7859.44355989,86
7864.44358993,86
7869.44355989,85
7874.44355989,85
7879.44355989,82
7884.44358993,81
7889.44358993,82
7894.44355989,82
7903.44358993,82
7904.44358993,82
7910.44358993,83
7918.44355989,85
7922.44358993,85
7927.44355989,85
7932.44358993,83
7938.44358993,83
7943.44355989,83
7948.44358993,83
7955.44358993,85
7959.44358993,85
7964.44358993,86
7970.44358993,85
7976.44355989,85
7982.44358993,89
7986.44358993,86
7992.44355989,85
8000.44358993,85
8002.44358993,85
8011.44355989,87
8013.44355989,87
8018.44358993,86
8023.44358993,85
8032.44355989,83
8034.44355989,83
8039.44358993,86
8044.44355989,86
8049.44355989,85
8057.44358993,85
8059.44358993,85
8067.44355989,86
8069.44358993,86
8074.44358993,86
8079.44358993,86
8086.44358993,86
8091.44358993,86
8096.44358993,86
8101.44358993,86
8109.44358993,85
8111.44358993,86
8116.44358993,86
8121.44358993,87
8126.44358993,87
8132.44355989,83
8137.44355989,85
8142.44358993,85
8148.44358993,85
8153.44355989,85
8158.44355989,86
8163.44358993,86
8170.44358993,83
8174.44358993,83
8182.44358993,85
8185.44358993,83
8190.44358993,83
8195.44355989,86
8200.44358993,85
8206.44355989,85
8210.44355989,85
8215.44355989,85
8225.44358993,86
8226.44358993,86
8231.44358993,86
8237.44355989,86
8242.44358993,83
8247.44358993,85
8253.44358993,86
8258.44355989,86
8263.44355989,86
8268.44358993,95
8278.44358993,95
8283.44355989,95
8285.44358993,95
8289.44358993,95
8299.44358993,65
8304.44358993,65
8306.44358993,67
8315.44355989,73
8320.44358993,77
8324.44355989,74
8327.44358993,69
8333.44355989,74
8343.44358993,78
8344.44355989,78
8349.44355989,78
8355.44358993,77
8363.44355989,77
8369.44358993,76
8370.44355989,73
8375.44358993,72
8380.44355989,77
8385.44358993,77
8390.44355989,78
8395.44358993,78
8405.44358993,77
8406.44358993,77
8411.44358993,77
8420.44358993,80
8422.44355989,80
8427.44355989,80
8432.44358993,80
8438.44355989,78
8443.44358993,78
8448.44358993,77
8453.44358993,77
8458.44358993,77
8463.44355989,77
8468.44355989,80
8473.44358993,80
8478.44358993,81
8483.44358993,78
8488.44355989,77
8496.44358993,78
8499.44355989,77
8504.44358993,77
8510.44358993,77
8515.44358993,78
8524.44358993,78
8527.44358993,77
8532.44358993,76
8538.44358993,77
8544.44358993,78
8549.44355989,81
8556.44355989,77
8559.44355989,77
8564.44355989,76
8569.44358993,76
8575.44358993,77
8584.44358993,80
8585.44358993,80
8590.44358993,80
8596.44358993,78
8601.44358993,78
8607.44358993,81
8617.44358993,74
8618.44355989,74
8623.44358993,76
8628.44355989,78
8633.44355989,78
8638.44358993,78
8644.44355989,78
8649.44355989,78
8654.44358993,78
8659.44358993,78
8664.44358993,77
8670.44355989,78
8675.44358993,78
8680.44355989,78
8685.44358993,78
8690.44358993,78
8695.44358993,80
8700.44358993,80
8705.44355989,78
8710.44358993,80
8715.44355989,81
8720.44355989,81
8725.44358993,81
8731.44358993,81
8736.44358993,81
8741.44355989,78
8746.44358993,80
8751.44355989,78
8756.44358993,78
8761.44358993,81
8767.44355989,82
8772.44358993,82
8777.44355989,80
8782.44355989,80
8787.44358993,80
8792.44358993,80
8798.44358993,80
8803.44358993,81
8810.44355989,81
8816.44358993,82
8820.44358993,82
8826.44358993,80
8831.44358993,78
8836.44358993,80
8841.44358993,80
8846.44358993,80
8851.44358993,80
8856.44358993,78
8866.44358993,78
8867.44355989,78
8874.44355989,78
8877.44358993,78
8883.44358993,80
8889.44355989,80
8893.44355989,80
8898.44355989,80
8903.44358993,78
8909.44358993,78
8917.44355989,78
8919.44355989,80
8924.44355989,83
8929.44355989,83
8934.44358993,83
8940.44358993,80
8945.44358993,81
8950.44358993,81
8955.44358993,81
8961.44358993,80
8966.44355989,81
8971.44355989,81
8976.44358993,81
8981.44358993,82
8986.44358993,82
8992.44358993,77
8996.44358993,76
9002.44358993,77
9008.44358993,78
9013.44355989,80
9018.44358993,81
9024.44355989,77
9029.44358993,78
9034.44358993,77
9040.44355989,78
9045.44355989,78
9050.44358993,80
9055.44358993,80
9060.44355989,80
9065.44358993,77
9071.44358993,78
9076.44358993,78
9082.44358993,78
9088.44358993,78
9097.44358993,69
9100.44358993,69
9103.44355989,69
9110.44355989,74
9114.44358993,74
9119.44355989,74
9128.44358993,69
9131.44355989,73
9134.44358993,74
9139.44358993,78
9145.44355989,77
9150.44358993,77
9156.44358993,78
9161.44355989,78
9167.44358993,77
9171.44358993,77
9176.44358993,78
9181.44358993,78
9187.44358993,76
9192.44358993,77
9198.44358993,81
9203.44358993,80
9209.44355989,78
9214.44358993,77
9219.44355989,78
9224.44358993,78
9229.44358993,78
9235.44355989,81
9244.44355989,69
9246.44355989,72
9250.44355989,74
9255.44358993,74
9263.44355989,77
9266.44358993,77
9270.44358993,77
9275.44358993,78
9283.44358993,71
9285.44355989,71
9290.44355989,72
9295.44358993,74
9300.44358993,74
9305.44358993,74
9310.44355989,74
9315.44355989,77
9320.44358993,77
9325.44358993,72
9330.44355989,73
9335.44355989,74
9340.44358993,74
9348.44358993,74
9352.44355989,78
9357.44358993,76
9362.44355989,74
9367.44358993,74
9374.44355989,74
9379.44358993,74
9382.44358993,77
9387.44358993,77
9393.44358993,77
9397.44355989,77
9402.44355989,77
9407.44358993,77
9413.44355989,76
9421.44355989,78
9423.44358993,78
9428.44358993,78
9434.44358993,77
9440.44358993,77
9445.44358993,77
9454.44355989,81
9456.44355989,81
9461.44355989,80
9466.44358993,78
9471.44355989,78
9476.44358993,78
9481.44358993,78
9486.44355989,78
9491.44358993,80
9496.44355989,81
9501.44355989,78
9506.44358993,77
9511.44355989,78
9520.44358993,82
9521.44358993,83
9527.44355989,83
9532.44355989,80
9537.44358993,78
9542.44358993,78
9547.44358993,78
9553.44358993,78
9559.44358993,78
9565.44355989,78
9570.44355989,77
9575.44355989,78
9580.44355989,78
9585.44358993,78
9593.44358993,78
9595.44358993,78
9600.44358993,78
9607.44358993,81
9610.44355989,81
9616.44358993,85
9620.44355989,83
9625.44355989,80
9633.44358993,77
9635.44358993,76
9640.44355989,77
9648.44358993,69
9650.44358993,69
9655.44355989,69
9660.44358993,72
9666.44355989,72
9671.44355989,73
9676.44358993,72
9683.44358993,74
9687.44355989,74
9691.44355989,72
9696.44358993,74
9701.44358993,74
9706.44358993,74
9711.44355989,76
9716.44358993,76
9725.44355989,73
9726.44358993,73
9731.44358993,74
9736.44358993,74
9741.44355989,74
9746.44355989,74
9751.44358993,74
9757.44355989,76
9762.44358993,74
9767.44358993,74
9773.44355989,76
9777.44355989,77
9782.44358993,77
9787.44358993,76
9794.44358993,74
9800.44358993,74
9803.44355989,77
9808.44358993,77
9814.44355989,77
9818.44358993,78
9828.44358993,77
9829.44358993,76
9835.44358993,74
9845.44355989,77
9846.44358993,78
9854.44358993,78
9856.44358993,77
9862.44358993,77
9868.44358993,77
9873.44358993,77
9879.44358993,78
9884.44358993,77
9889.44358993,77
9894.44358993,77
9902.44358993,78
9904.44355989,81
9909.44355989,78
9914.44358993,78
9920.44355989,78
9925.44358993,78
9930.44355989,77
9939.44358993,77
9941.44355989,77
9945.44358993,74
9953.44358993,71
9956.44358993,73
9961.44358993,74
9967.44355989,77
9972.44358993,77
9980.44358993,74
9984.44355989,73
9989.44358993,74
9994.44358993,77
9999.44355989,77
10004.4435899,78
10009.4435899,78
10014.4435899,78
10019.4435599,78
10024.4435599,78
10029.4435599,78
10034.4435899,78
10040.4435599,77
10045.4435899,77
10052.4435599,77
10055.4435899,78
10060.4435899,78
10066.4435899,78
10070.4435899,78
10075.4435599,78
10080.4435899,78
10086.4435899,77
10090.4435899,77
10095.4435599,77
10100.4435599,78
10105.4435899,78
10111.4435899,77
10117.4435899,77
10126.4435899,78
10128.4435599,78
10138.4435599,89
10139.4435599,89
10144.4435599,87
10153.4435899,80
10154.4435899,78
10161.4435599,72
10165.4435899,71
10170.4435899,69
10175.4435599,71
10180.4435899,71
10185.4435599,71
10190.4435599,71
10195.4435899,72
10204.4435599,76
10209.4435599,73
10210.4435899,72
10216.4435899,73
10223.4435899,73
10226.4435899,74
10232.4435899,76
10237.4435899,77
10244.4435899,74
10248.4435899,72
10253.4435899,74
10259.4435899,74
10264.4435899,76
10270.4435899,78
10275.4435899,78
10283.4435599,76
10286.4435899,73
10292.4435899,74
10297.4435599,74
10302.4435899,76
10308.4435899,76
10313.4435599,76
10318.4435899,76
10324.4435599,74
10329.4435899,74
10334.4435899,74
10339.4435599,74
10344.4435599,76
10349.4435599,77
10354.4435899,78
10360.4435899,77
10369.4435599,74
10373.4435899,71
10376.4435899,69
10381.4435899,69
10386.4435899,74
10392.4435899,74
10397.4435899,74
10403.4435899,74
10408.4435899,73
10413.4435899,74
10418.4435899,74
10423.4435899,76
10429.4435899,78
10436.4435599,74
10440.4435599,74
10445.4435899,74
10450.4435899,73
10455.4435899,74
10460.4435599,73
10465.4435899,73
10471.4435599,73
10476.4435899,73
10481.4435899,73
10486.4435599,74
10491.4435599,74
10496.4435599,74
10501.4435899,74
10510.4435899,74
10514.4435899,77
10522.4435899,76
10525.4435599,72
10528.4435599,69
10533.4435899,73
10539.4435899,76
10545.4435899,77
10551.4435899,77
10557.4435899,77
10566.4435599,74
10569.4435899,73
10574.4435899,73
10579.4435599,72
10584.4435899,74
10589.4435899,77
10594.4435599,69
10599.4435899,72
10604.4435599,73
10609.4435899,69
10614.4435899,74
10620.4435899,73
10625.4435899,76
10630.4435899,74
10635.4435599,74
10640.4435899,74
10645.4435599,74
10650.4435599,76
10655.4435599,77
10660.4435899,76
10669.4435899,77
10672.4435899,77
10679.4435899,71
10680.4435899,71
10685.4435899,72
10690.4435899,73
10696.4435899,76
10701.4435599,74
10711.4435599,77
10712.4435899,78
10721.4435599,86
10723.4435899,86
10728.4435899,82
10733.4435899,77
10739.4435599,71
10748.4435599,69
10750.4435599,68
10754.4435899,69
10760.4435599,71
10765.44749,71
10770.44752,72
10775.44749,74
10780.44752,74
10785.44752,72
10791.44749,72
10799.44752,73
10803.44752,72
10807.44752,68
10812.44752,71
10817.44752,72
10823.44752,74
10830.44752,76
10833.44752,74
10838.44752,74
10844.44752,77
10853.44752,78
10854.44749,78
10859.44752,78
10865.44749,78
10870.44752,77
10875.44752,77
10880.44752,77
10885.44752,73
10892.44752,74
10895.44749,72
10900.44749,73
10905.44752,73
10910.44749,73
10915.44752,73
10920.44752,74
10925.44752,76
10930.44749,76
10935.44752,74
10940.44752,76
10945.44749,74
10950.44749,76
10955.44752,76
10964.44749,77
10966.44749,73
10971.44749,74
10978.44752,74
10981.44749,71
10986.44752,72
10991.44749,72
10996.44752,72
11002.44752,77
11008.44749,77
11014.44752,77
11022.44752,80
11025.44749,81
11028.44749,80
11033.44752,74
11039.44752,74
11045.44752,76
11050.44752,74
11056.44752,73
11061.44749,73
11066.44752,74
11072.44752,76
11077.44749,76
11082.44749,76
11087.44752,76
11092.44752,76
11098.44752,76
11103.44749,77
11108.44749,76
11113.44752,76
11118.44752,76
11123.44752,76
11131.44752,71
11133.44752,72
11138.44749,72
11143.44752,72
11148.44752,74
11153.44752,74
11158.44749,74
11163.44752,73
11168.44749,73
11173.44752,74
11179.44749,77
11184.44752,76
11189.44752,77
11194.44749,77
11199.44749,77
11204.44752,74
11209.44752,74
11214.44749,74
11219.44749,76
11224.44749,77
11229.44752,77
11234.44752,77
11243.44749,76
11245.44749,74
11250.44749,74
11258.44749,77
11261.44752,73
11265.44752,72
11274.44749,73
11276.44752,71
11282.44749,69
11286.44749,69
11291.44749,68
11298.44752,74
11301.44752,74
11307.44749,74
11312.44752,73
11317.44752,73
11323.44749,74
11328.44752,74
11334.44752,76
11339.44749,76
11348.44752,77
11349.44752,77
11354.44752,78
11359.44752,82
11368.44752,86
11369.44752,86
11374.44752,76
11379.44752,74
11384.44749,72
11389.44752,72
11394.44749,72
11399.44752,71
11404.44752,72
11409.44752,71
11414.44752,71
11419.44749,72
11424.44749,73
11429.44752,74
11435.44749,74
11440.44752,74
11445.44752,74
11451.44752,76
11456.44752,76
11461.44752,78
11468.44752,74
11472.44752,74
11477.44752,74
11483.44752,74
11491.44749,74
11494.44749,69
11499.44752,72
11504.44749,72
11509.44752,72
11514.44752,74
11520.44749,74
11528.44752,74
11530.44749,74
11537.44752,74
11540.44752,69
11546.44752,73
11551.44752,73
11557.44752,73
11567.44752,77
11572.44749,76
11574.44752,74
11580.44752,73
11585.44749,73
11590.44752,73
11595.44752,74
11602.44752,77
11607.44752,77
11613.44749,77
11618.44749,77
11623.44749,74
11628.44749,71
11633.44749,71
11638.44749,71
11643.44752,74
11648.44749,73
11653.44752,73
11659.44749,73
11664.44749,74
11669.44749,74
11674.44749,74
11682.44749,76
11688.44749,76
11689.44752,76
11694.44752,74
11699.44752,73
11705.44752,71
11710.44749,72
11715.44752,73
11720.44752,74
11725.44752,74
11730.44752,76
11737.44749,73
11740.44749,74
11745.44752,74
11750.44749,74
11755.44752,74
11764.44752,74
11765.44749,72
11770.44752,72
11775.44752,71
11780.44749,72
11785.44752,74
11790.44752,76
11795.44752,76
11801.44749,76
11806.44752,76
11814.44752,73
11816.44752,72
11821.44752,73
11826.44752,74
11835.44752,74
11837.44752,73
11842.44749,74
11847.44749,77
11852.44752,78
11858.44752,77
11863.44752,77
11869.44749,76
11878.44749,76
11880.44752,76
11884.44749,71
11889.44752,73
11894.44749,73
11899.44752,74
11904.44752,74
11913.44752,73
11915.44749,74
11923.44752,69
11925.44752,69
11930.44752,72
11935.44752,74
11940.44752,74
11946.44752,74
11951.44752,71
11957.44752,72
11962.44749,74
11969.44749,77
11974.44752,77
11978.44752,80
11987.44752,73
11988.44752,72
11993.44752,73
11998.44752,74
12003.44749,74
12008.44749,76
12013.44752,76
12018.44752,76
12024.44749,76
12029.44752,76
12034.44749,76
12043.44749,73
12045.44752,73
12050.44749,74
12055.44749,77
12060.44749,77
12065.44752,77
12070.44752,77
12076.44752,77
12081.44749,76
12086.44749,74
12091.44752,76
12097.44752,76
12106.44752,74
12108.44752,73
12113.44749,74
12118.44752,77
12123.44752,76
12128.44752,74
12133.44752,74
12138.44749,74
12143.44752,76
12148.44752,77
12153.44752,76
12158.44749,74
12163.44752,74
12168.44752,74
12173.44752,74
12178.44752,74
12187.44749,74
12188.44752,74
12193.44749,73
12198.44749,73
12204.44752,74
12208.44752,74
12213.44752,69
12218.44749,72
12223.44752,73
12228.44752,74
12236.44752,77
12240.44752,77
12243.44752,77
12251.44752,69
12253.44752,71
12258.44749,71
12263.44749,74
12268.44752,76
12273.44752,77
12280.44752,77
12284.44752,74
12290.44752,74
12295.44749,74
12300.44752,77
12305.44749,76
12310.44749,74
12315.44752,76
12320.44752,74
12326.44752,77
12332.44752,74
12338.44749,74
12343.44752,76
12348.44752,76
12353.44749,76
12358.44752,74
12364.44749,74
12369.44749,74
12374.44752,71
12380.44749,72
12385.44752,73
12390.44752,74
12395.44752,76
12404.44749,74
12406.44752,73
12411.44749,73
12416.44752,74
12423.44749,74
12426.44752,74
12431.44752,74
12437.44752,74
12442.44749,76
12447.44749,77
12452.44749,73
12457.44749,73
12462.44749,71
12467.44749,72
12472.44752,74
12478.44749,74
12483.44752,76
12489.44752,73
12494.44752,76
12499.44749,76
12504.44749,77
12509.44752,76
12515.44749,76
12520.44752,76
12525.44749,76
12530.44749,76
12535.44749,77
12540.44749,74
12549.44752,74
12550.44752,74
12555.44749,74
12560.44752,74
12567.44749,74
12570.44749,74
12575.44752,74
12583.44752,74
12586.44752,73
12592.44749,72
12597.44752,74
12602.44749,73
12607.44752,73
12612.44749,73
12617.44749,74
12622.44749,76
12627.44752,76
12635.44752,76
12638.44752,72
12644.44749,73
12649.44749,74
12654.44752,74
12660.44752,74
12665.44752,77
12670.44749,77
12675.44749,77
12684.44749,74
12686.44752,74
12692.44749,74
12697.44752,74
12703.44749,77
12709.44749,76
12713.44752,76
12719.44749,77
12724.44752,74
12730.44752,74
12736.44749,74
12741.44752,76
12746.44749,76
12751.44752,72
12757.44752,72
12762.44749,72
12767.44752,73
12772.44752,76
12777.44752,77
12783.44752,74
12788.44749,74
12793.44749,74
12798.44749,74
12803.44752,74
12809.44752,74
12814.44752,76
12820.44752,76
12827.44749,77
12830.44752,74
12836.44752,74
12842.44752,76
12847.44752,76
12852.44749,76
12857.44749,77
12862.44752,77
12867.44749,78
12872.44752,77
12877.44749,74
12886.44752,74
12888.44749,74
12893.44752,80
12898.44752,74
12904.44749,74
12909.44752,73
12915.44749,74
12922.44752,77
12926.44749,77
12931.44749,76
12936.44752,76
12941.44752,76
12946.44752,74
12952.44752,77
12958.44752,77
12963.44752,77
12970.44749,77
12974.44749,74
12979.44752,74
12984.44749,74
12992.44752,77
12997.44749,71
12999.44752,72
13004.44752,73
13009.44752,72
13014.44749,74
13019.44749,76
13024.44752,76
13030.44752,76
13036.44752,76
13041.44749,76
13046.44752,76
13051.44749,74
13056.44749,74
13061.44752,74
13067.44752,74
13072.44749,74
13077.44749,76
13082.44752,77
13087.44752,76
13092.44749,76
13097.44749,76
13102.44752,76
13108.44752,76
13113.44752,74
13118.44752,76
13124.44752,77
13129.44752,78
13134.44752,77
13139.44749,76
13147.44749,74
13149.44749,74
13154.44749,77
13159.44752,77
13165.44752,76
13170.44752,74
13175.44752,74
13182.44752,77
13186.44752,77
13192.44749,77
13197.44752,77
13202.44749,76
13207.44752,77
13216.44752,77
13217.44749,78
13222.44749,78
13227.44752,76
13232.44752,74
13237.44752,74
13243.44749,74
13248.44752,74
13254.44752,74
13262.44749,76
13265.44752,77
13270.44752,77
13280.44752,77
13283.44749,72
13286.44749,72
13291.44752,74
13296.44752,77
13301.44752,76
13306.44752,77
13312.44749,74
13317.44752,74
13323.44752,74
13328.44752,74
13334.44752,74
13339.44749,74
13344.44749,74
13349.44752,74
13355.44749,74
13360.44749,74
13365.44749,74
13370.44752,74
13375.44749,74
13380.44749,74
13385.44752,77
13390.44749,77
13395.44752,77
13400.44749,77
13405.44752,74
13410.44752,76
13416.44752,74
13421.44752,76
13426.44752,77
13431.44752,77
13437.44752,76
13442.44749,76
13447.44752,76
13453.44749,76
13458.44752,76
13463.44749,76
13468.44752,76
13474.44749,77
13483.44752,77
13484.44752,77
13489.44749,77
13494.44752,77
13499.44752,74
13505.44752,74
13510.44749,74
13515.44749,74
13520.44749,76
13525.44749,77
13531.44752,76
13535.44752,74
13540.44749,74
13545.44752,74
13550.44752,74
13556.44749,76
13561.44749,77
13568.44749,78
13571.44749,78
13579.44752,78
13581.44752,78
13587.44749,78
13597.44752,76
13598.44749,76
13603.44749,77
13608.44749,77
13613.44749,77
13618.44752,77
13623.44749,77
13633.44749,78
13634.44752,78
13639.44752,74
13648.44749,74
13650.44752,74
13656.44752,74
13661.44749,76
13670.44749,76
13671.44752,76
13676.44752,72
13682.44752,74
13687.44752,74
13693.44752,74
13698.44752,74
13703.44752,74
13709.44752,74
13714.44749,74
13719.44752,76
13724.44752,76
13729.44749,76
13734.44749,76
13739.44749,74
13744.44749,74
13751.44752,77
13754.44752,77
13760.44752,76
13766.44752,74
13771.44752,74
13776.44752,74
13781.44752,76
13791.44749,76
13792.44752,74
13798.44752,74
13803.44752,74
13808.44752,74
13813.44752,76
13820.44752,76
13827.44749,77
13829.44752,74
13835.44749,72
13840.44749,74
13845.44752,77
13851.44752,77
13859.44749,74
13862.44752,74
13868.44752,74
13873.44752,73
13880.44752,74
13885.44752,73
13894.44752,74
13896.44749,74
13901.44749,74
13906.44752,74
13911.44749,74
13916.44749,74
13921.44752,74
13927.44752,74
13932.44749,76
13937.44752,77
13943.44752,76
13947.44752,76
13952.44752,76
13957.44752,74
13963.44749,77
13968.44752,77
13973.44752,77
13978.44749,77
13983.44749,77
13988.44752,77
13993.44752,77
14000.44749,73
14003.44752,73
14009.44752,74
14017.44752,78
14020.44752,78
14026.44752,77
14032.44749,76
14037.44749,74
14042.44749,74
14047.44752,76
14057.44749,76
14059.44752,74
14068.44752,77
14069.44752,76
14074.44752,74
14079.44752,73
14085.44752,73
14090.44749,77
14095.44749,77
14100.44752,77
14105.44752,77
14111.44749,77
14116.44752,78
14121.44749,77
14126.44752,76
14136.44752,76
14137.44749,77
14142.44752,77
14147.44752,77
14152.44752,77
14157.44749,78
14162.44752,77
14167.44752,77
14172.44752,74
14178.44749,74
14183.44752,76
14189.44749,76
14194.44749,77
14199.44749,76
14208.44749,74
14209.44749,73
14214.44752,73
14222.44749,69
14224.44752,69
14230.44752,74
14235.44752,74
14241.44752,73
14247.44752,74
14256.44749,77
14258.44749,74
14263.44752,74
14269.44752,74
14274.44752,76
14279.44752,76
14290.44752,76
14291.44752,74
14297.44752,73
14302.44752,73
14308.44749,74
14313.44752,76
14318.44752,74
14323.44752,76
14332.44752,74
14333.44752,74
14338.44752,74
14344.44749,74
14352.44752,74
14356.44749,69
14359.44752,71
14365.4431,73
14371.4430699,74
14376.4431,74
14381.4430699,74
14386.4431,76
14391.4430699,76
14396.4430699,74
14401.4431,74
14406.4430699,73
14411.4431,74
14416.4431,74
14421.4430699,76
14426.4430699,77
14433.4431,77
14436.4431,77
14441.4430699,77
14446.4430699,76
14451.4431,76
14457.4430699,77
14462.4431,77
14468.4430699,76
14473.4430699,74
14478.4431,76
14483.4430699,76
14488.4431,76
14493.4431,76
14498.4430699,76
14503.4431,76
14508.4430699,76
14513.4430699,74
14518.4431,74
14523.4431,73
14529.4431,76
14534.4431,74
14539.4430699,74
14544.4431,74
14550.4430699,74
14555.4431,74
14562.4430699,74
14565.4431,73
14570.4430699,72
14575.4430699,72
14580.4431,76
14586.4431,74
14592.4431,74
14599.4431,76
14602.4431,77
14609.4431,76
14612.4431,74
14618.4431,74
14623.4430699,76
14628.4430699,74
14633.4430699,74
14638.4431,74
14643.4430699,76
14648.4431,74
14653.4430699,74
14658.4431,77
14663.4431,76
14668.4430699,77
14675.4431,74
14678.4431,72
14684.4431,72
14689.4430699,72
14694.4430699,77
14699.4430699,76
14704.4430699,76
14709.4431,73
14714.4431,74
14719.4431,74
14724.4430699,74
14729.4431,74
14735.4430699,74
14740.4431,74
14745.4431,71
14751.4430699,72
14756.4431,72
14762.4431,72
14768.4430699,72
14773.4431,73
14778.4431,73
14783.4431,74
14789.4431,74
14794.4431,74
14799.4431,74
14804.4431,74
14809.4431,73
14814.4430699,72
14819.4431,71
14824.4431,73
14830.4431,74
14836.4431,72
14841.4431,71
14846.4431,71
14851.4431,72
14857.4431,72
14864.4430699,71
14868.4431,69
14873.4430699,69
14878.4430699,69
14883.4431,72
14888.4430699,73
14893.4431,74
14898.4430699,74
14903.4430699,74
14908.4431,74
14913.4431,73
14918.4430699,73
14924.4431,74
14928.4431,74
14933.4431,74
14938.4430699,74
14943.4431,73
14948.4431,74
14955.4431,74
14958.4431,72
14964.4431,72
14970.4431,73
14976.4431,74
14982.4431,73
14988.4431,72
14994.4431,73
15000.4431,73
15005.4431,72
15014.4430699,69
15016.4431,73
15021.4430699,69
15026.4431,69
15031.4431,69
15037.4430699,69
15042.4430699,68
15047.4431,69
15053.4431,72
15058.4431,74
15064.4431,73
15069.4431,73
15074.4431,73
15079.4431,73
15084.4431,73
15089.4431,73
15095.4431,74
15105.4431,74
15106.4431,74
15111.4430699,73
15116.4430699,72
15121.4431,73
15130.4430699,74
15132.4431,74
15137.4431,73
15143.4430699,73
15148.4431,73
15154.4431,73
15163.4431,71
15165.4430699,68
15170.4430699,69
15175.4430699,71
15180.4431,72
15187.4431,73
15190.4430699,74
15196.4431,73
15200.4431,74
15206.4431,74
15211.4431,65
15216.4430699,68
15221.4431,68
15226.4431,69
15232.4431,72
15239.4430699,73
15243.4431,73
15250.4431,72
15253.4431,72
15259.4431,72
15264.4431,72
15272.4431,72
15275.4430699,71
15280.4431,69
15285.4431,69
15291.4431,72
15296.4431,72
15301.4431,72
15310.4431,86
15312.4431,86
15318.4431,94
15321.4430699,94
15326.4430699,87
15331.4430699,87
15336.4431,87
15349.4431,76
15356.4430699,63
15361.4430699,62
15365.4431,63
15372.4430699,61
15377.4431,63
15380.4431,63
15389.4430699,62
15394.4431,68
15396.4430699,68
15402.4431,80
15407.4430699,80
15413.4431,76
15416.4430699,69
15421.4431,69
15430.4430699,76
15432.4431,76
15442.4431,68
15443.4430699,68
15448.4430699,65
15453.4431,67
15458.4430699,67
15463.4430699,69
15468.4431,69
15474.4431,69
15483.4431,69
15485.4431,69
15490.4431,65
15495.4431,67
15500.4430699,67
15505.4431,67
15510.4431,67
15515.4430699,67
15521.4431,64
15525.4430699,65
15530.4431,68
15535.4431,68
15540.4431,68
15546.4430699,67
15551.4431,68
15557.4430699,69
15561.4431,68
15567.4431,68
15571.4430699,68
15576.4431,68
15581.4430699,65
15586.4431,67
15592.4431,67
15597.4430699,68
15602.4431,69
15609.4430699,69
15613.4431,68
15618.4430699,68
15623.4431,68
15629.4430699,69
15634.4430699,69
15641.4430699,69
15644.4430699,68
15649.4430699,68
15654.4430699,68
15659.4430699,68
15664.4431,68
15669.4431,68
15675.4431,68
15681.4430699,67
15686.4431,65
15691.4430699,67
15696.4431,67
15702.4431,67
15708.4431,69
15714.4430699,73
15719.4430699,72
15724.4430699,73
15730.4431,73
15734.4431,69
15739.4431,68
15744.4430699,69
15749.4431,69
15754.4430699,69
15760.4431,68
15764.4430699,68
15769.4430699,69
15774.4431,69
15779.4431,69
15785.4431,69
15791.4430699,69
15796.4431,69
15804.4431,71
15806.4431,72
15811.4430699,73
15816.4430699,74
15821.4431,74
15827.4431,72
15836.4431,71
15837.4431,71
15842.4431,71
15852.4431,77
15853.4431,77
15858.4431,78
15863.4431,77
15872.4431,76
15873.4430699,74
15878.4430699,80
15883.4431,78
15892.4431,69
15894.4431,69
15902.4431,69
15906.4430699,68
15912.4431,69
15916.4430699,73
15921.4431,73
15927.4431,74
15932.4431,74
15942.4431,68
15943.4431,68
15949.4430699,69
15958.4431,67
15961.4431,68
15964.4430699,68
15969.4431,68
15978.4431,68
15979.4431,68
15986.4430699,67
15989.4431,68
15994.4431,69
15999.4430699,69
16004.4431,69
16009.4430699,69
16014.4431,69
16019.4431,69
16024.4431,69
16030.4430699,65
16035.4431,68
16044.4431,68
16045.4431,68
16050.4431,67
16056.4431,68
16061.4430699,69
16066.4431,69
16072.4431,71
16078.4431,71
16083.4431,69
16088.4431,69
16099.4430699,83
16103.4430699,87
16105.4430699,86
16110.4430699,78
16115.4430699,77
16123.4431,67
16125.4430699,67
16131.4430699,61
16136.4431,62
16144.4431,63
16146.4431,63
16150.4431,63
16159.4431,65
16164.4430699,69
16165.4431,69
16174.4431,69
16175.4431,69
16181.4430699,72
16186.4431,71
16191.4431,69
16196.4430699,69
16201.4430699,68
16210.4431,68
16211.4431,68
16216.4431,67
16221.4430699,68
16226.4430699,68
16232.4431,68
16236.4430699,69
16241.4431,69
16247.4431,69
16252.4431,69
16257.4430699,71
16263.4431,73
16268.4430699,73
16275.4431,72
16278.4431,69
16288.4430699,68
16290.4431,68
16296.4431,67
16301.4431,65
16306.4431,68
16312.4430699,68
16317.4430699,69
16322.4431,72
16327.4431,76
16333.4431,74
16338.4431,72
16343.4431,73
16352.4431,71
16353.4431,71
16358.4431,71
16365.4431,78
16372.4431,90
16373.4431,90
16378.4431,90
16383.4431,89
16391.4430699,89
16398.4431,63
16403.4431,63
16409.4430699,63
16414.4431,64
16420.4431,68
16422.4430699,69
16428.4431,69
16435.4430699,71
16436.4430699,71
16445.4430699,72
16451.4431,72
16452.4431,72
16460.4431,72
16464.4431,69
16469.4431,69
16472.4431,68
16477.4430699,68
16482.4430699,68
16487.4431,69
16492.4431,67
16498.4430699,65
16503.4431,65
16509.4430699,65
16514.4430699,65
16519.4431,65
16524.4430699,67
16529.4431,72
16538.4431,72
16539.4431,72
16550.4430699,63
16552.4431,63
16557.4431,64
16563.4430699,68
16568.4430699,68
16574.4431,68
16578.4430699,64
16583.4431,64
16589.4431,67
16598.4431,65
16600.4431,65
16607.4431,65
16612.4431,69
16618.4431,69
16624.4430699,68
16629.4431,68
16636.4430699,69
16640.4430699,69
16645.4431,69
16654.4430699,65
16657.4430699,65
16662.4430699,67
16667.4430699,68
16676.4431,68
16677.4430699,68
16686.4431,65
16691.4430699,67
16692.4431,67
16697.4431,67
16702.4431,68
16708.4430699,67
16713.4430699,68
16718.4431,68
16726.4431,69
16729.4431,71
16734.4431,69
16739.4431,68
16744.4431,67
16749.4431,67
16754.4431,67
16760.4430699,68
16765.4430699,72
16770.4430699,72
16775.4430699,72
16780.4431,72
16785.4430699,69
16794.4431,69
16795.4430699,69
16800.4431,68
16805.4431,72
16810.4430699,73
16817.4431,65
16821.4430699,67
16829.4431,65
16830.4431,65
16835.4431,65
16840.4431,65
16845.4430699,68
16851.4431,68
16856.4430699,68
16865.4430699,68
16867.4431,68
16872.4430699,65
16877.4430699,67
16882.4431,67
16887.4431,68
16892.4431,68
16897.4431,68
16903.4431,69
16908.4431,72
16914.4430699,67
16919.4431,68
16924.4430699,69
16932.4431,65
16934.4431,65
16940.4431,65
16945.4430699,68
16950.4431,67
16955.4430699,67
16964.4431,74
16965.4430699,74
16970.4430699,74
16979.4431,65
16983.4431,65
16985.4431,65
16990.4431,69
16996.4430699,69
17001.4431,69
17007.4431,69
17015.4431,69
17018.4431,67
17023.4431,67
17029.4431,67
17034.4431,68
17039.4431,67
17045.4430699,67
17050.4431,65
17056.4430699,68
17061.4431,67
17066.4431,68
17071.4431,68
17077.4431,65
17082.4431,65
17088.4431,65
17094.4430699,68
17099.4431,68
17104.4431,69
17109.4431,68
17115.4430699,65
17120.4431,65
17125.4431,67
17131.4431,67
17137.4431,65
17142.4431,68
17150.4431,65
17157.4431,65
17158.4430699,64
17163.4431,65
17169.4431,67
17175.4431,65
17181.4430699,64
17186.4431,65
17191.4430699,67
17196.4430699,68
17201.4430699,69
17208.4431,65
17212.4430699,65
17217.4431,65
17222.4431,68
17227.4430699,68
17232.4431,68
17237.4430699,68
17242.4431,68
17247.4431,68
17252.4430699,68
17257.4431,68
17262.4431,64
17267.4431,65
17272.4430699,64
17277.4430699,67
17286.4431,61
17290.4431,64
17292.4431,64
17297.4431,64
17302.4431,65
17307.4431,65
17312.4430699,68
17317.4431,68
17322.4431,68
17328.4431,68
17333.4431,69
17342.4430699,68
17344.4431,65
17349.4431,65
17354.4430699,68
17359.4430699,67
17364.4431,68
17370.4431,67
17376.4431,67
17387.4431,67
17388.4431,67
17393.4431,65
17398.4431,64
17403.4430699,65
17408.4431,65
17413.4431,65
17418.4431,65
17423.4430699,68
17428.4430699,63
17433.4431,64
17438.4430699,64
17443.4431,65
17450.4430699,65
17454.4430699,67
17459.4430699,65
17464.4431,65
17469.4431,65
17474.4431,68
17479.4430699,68
17484.4431,68
17489.4431,68
17495.4431,68
17500.4430699,64
17505.4431,65
17510.4431,64
17515.4431,65
17520.4431,67
17525.4431,67
17530.4430699,64
17535.4431,63
17540.4430699,63
17545.4430699,63
17550.4431,64
17555.4431,65
17561.4431,67
17566.4431,65
17571.4431,65
17576.4430699,65
17581.4430699,65
17586.4431,65
17593.4431,65
17596.4430699,65
17601.4431,65
17606.4430699,65
17611.4430699,65
17616.4431,67
17621.4431,71
17626.4431,69
17631.4431,69
17640.4431,77
17641.4431,77
17647.4431,82
17653.4431,83
17660.4431,81
17663.4431,82
17669.4431,80
17674.4431,78
17679.4431,78
17685.4430699,87
17690.4431,87
17695.4431,82
17704.4431,64
17709.4431,63
17713.4431,64
17716.4431,65
17725.4431,67
17729.4431,68
17731.4431,68
17741.4431,69
17742.4431,69
17752.4430699,69
17757.4431,69
17759.4430699,76
17764.4431,77
17769.4430699,76
17777.4431,65
17781.4431,65
17784.4431,65
17789.4430699,64
17798.4431,65
17803.4430699,65
17808.4430699,65
17811.4430699,65
17815.4430699,65
17821.4431,59
17825.4431,60
17830.4430699,61
17835.4431,61
17841.4431,63
17846.4430699,65
17851.4431,64
17856.4431,64
17861.4430699,67
17866.4430699,65
17871.4431,65
17876.4430699,65
17881.4430699,65
17886.4430699,65
17891.4430699,65
17896.4431,65
17901.4431,65
17906.4430699,64
17911.4431,64
17920.4431,64
17921.4430699,64
17926.4431,64
17931.4430699,60
17936.4431,63
17941.4431,64
17946.4430699,65
17951.4431,67
17960.4431,68
17961.4431,68
17966.4431,68
17976.4417,61
17980.4417,61
17982.44173,61
17988.44173,65
17994.4417,65
17999.44173,65
18007.44173,62
18010.44173,64
18016.44173,64
18022.44173,65
18027.44173,65
18032.4417,65
18037.44173,68
18042.4417,68
18047.44173,64
18053.44173,62
18059.44173,62
18064.44173,65
18069.44173,65
18075.44173,65
18081.44173,65
18086.44173,64
18092.44173,65
18096.44173,68
18101.4417,68
18106.4417,67
18111.44173,68
18118.4417,76
18122.4417,80
18126.44173,82
18133.44173,77
18136.44173,77
18141.44173,77
18147.4417,64
18156.44173,62
18160.44173,63
18162.44173,63
18167.44173,64
18172.44173,64
18177.44173,64
18183.4417,65
18189.4417,65
18193.44173,61
18198.44173,62
18203.44173,64
18208.44173,63
18213.44173,64
18218.44173,65
18225.44173,69
18230.44173,74
18234.4417,72
18242.44173,61
18244.44173,62
18249.44173,64
18254.4417,64
18259.4417,64
18264.44173,65
18269.44173,65
18275.4417,65
18279.44173,65
18285.44173,65
18290.44173,65
18295.4417,67
18300.44173,60
18306.4417,62
18311.4417,61
18316.44173,62
18321.44173,62
18327.44173,63
18333.44173,64
18338.44173,65
18343.4417,65
18348.4417,64
18353.44173,65
18358.4417,65
18363.44173,65
18368.4417,67
18373.44173,61
18379.4417,63
18384.44173,63
18390.4417,65
18395.4417,65
18400.4417,65
18405.44173,65
18411.44173,65
18416.44173,65
18421.4417,65
18426.4417,65
18434.44173,65
18436.44173,67
18444.44173,68
18447.4417,68
18452.4417,63
18457.4417,65
18462.44173,65
18467.44173,67
18472.44173,68
18477.4417,67
18482.44173,67
18487.44173,67
18492.4417,67
18497.4417,67
18502.44173,67
18511.44173,68
18512.4417,68
18517.44173,65
18522.44173,67
18530.44173,59
18533.44173,63
18538.44173,65
18543.44173,65
18548.4417,65
18553.44173,68
18558.4417,68
18563.44173,68
18568.44173,68
18573.44173,68
18578.44173,68
18584.44173,68
18590.4417,68
18594.44173,68
18600.4417,68
18605.4417,68
18610.4417,65
18615.44173,65
18620.44173,65
18625.44173,65
18635.44173,65
18636.44173,65
18641.4417,68
18646.44173,67
18651.44173,65
18657.44173,65
18666.4417,68
18668.4417,68
18673.44173,68
18679.4417,68
18684.4417,68
18689.4417,68
18694.4417,65
18699.44173,65
18704.4417,64
18709.44173,65
18714.4417,65
18719.44173,65
18724.4417,64
18729.4417,64
18734.4417,65
18739.4417,62
18744.44173,63
18749.44173,63
18754.4417,63
18759.4417,64
18764.4417,65
18769.44173,62
18775.44173,63
18780.44173,64
18785.44173,65
18790.4417,65
18795.4417,64
18800.44173,65
18805.44173,65
18810.44173,65
18815.44173,65
18821.4417,63
18826.44173,65
18831.4417,67
18836.44173,67
18841.44173,68
18850.44173,67
18852.44173,65
18858.44173,67
18864.4417,67
18869.44173,69
18875.44173,69
18880.44173,69
18886.44173,69
18894.44173,68
18896.4417,68
18901.4417,67
18906.44173,67
18911.4417,67
18916.4417,68
18923.4417,65
18927.4417,64
18932.4417,65
18937.4417,65
18942.4417,67
18947.44173,65
18952.44173,67
18958.44173,64
18964.44173,65
18969.44173,65
18976.4417,67
18979.44173,65
18984.44173,67
18990.44173,69
18996.44173,71
19001.4417,69
19007.44173,65
19011.44173,65
19016.4417,67
19021.44173,67
19031.44173,67
19032.4417,67
19037.4417,65
19047.4417,65
19048.44173,65
19054.44173,67
19059.4417,65
19064.44173,65
19069.44173,65
19075.44173,65
19080.44173,64
19085.44173,64
19091.44173,65
19095.4417,67
19100.44173,67
19105.44173,67
19112.44173,68
19115.4417,68
19121.44173,69
19126.44173,69
19131.44173,69
19137.44173,67
19142.44173,69
19151.44173,64
19152.4417,64
19157.4417,65
19162.44173,65
19167.4417,67
19172.44173,67
19178.44173,72
19183.4417,68
19188.44173,69
19193.44173,69
19198.4417,72
19203.4417,69
19208.4417,73
19213.4417,74
19218.4417,74
19226.44173,71
19228.44173,71
19233.44173,72
19238.44173,69
19243.4417,74
19248.44173,76
19254.4417,74
19259.44173,74
19265.44173,76
19275.4417,68
19279.44173,68
19284.44173,67
19286.4417,67
19291.4417,67
19296.44173,67
19306.44173,67
19307.4417,65
19312.4417,65
19317.44173,65
19323.4417,69
19331.4417,72
19333.44173,72
19338.44173,77
19347.44173,90
19349.4417,92
19353.44173,92
19358.44173,92
19363.4417,92
19372.44173,59
19378.44173,57
19384.44173,58
19390.4417,61
19396.44173,61
19400.44173,63
19402.44173,64
19407.4417,65
19412.44173,64
19420.44173,65
19422.44173,65
19431.44173,68
19434.44173,69
19439.4417,71
19448.44173,68
19449.44173,68
19454.44173,68
19464.44173,68
19465.44173,67
19471.44173,65
19476.44173,65
19481.44173,65
19486.4417,68
19491.44173,68
19496.44173,69
19501.44173,69
19506.44173,69
19511.4417,71
19516.44173,69
19522.4417,69
19527.4417,72
19531.4417,68
19536.44173,65
19541.4417,67
19546.44173,69
19555.44173,67
19558.44173,68
19562.44173,67
19571.44173,72
19572.44173,72
19577.44173,71
19583.44173,69
19588.44173,69
19593.4417,71
19598.4417,74
19603.44173,72
19608.4417,71
19613.4417,71
19618.44173,69
19623.44173,72
19629.44173,71
19634.44173,69
19639.44173,69
19644.44173,71
19649.4417,73
19654.44173,74
19659.4417,74
19664.44173,72
19669.4417,72
19676.44173,72
19679.44173,69
19685.44173,72
19690.44173,72
19696.4417,74
19705.44173,69
19706.4417,69
19712.44173,69
19717.4417,68
19723.44173,68
19727.4417,74
19732.4417,68
19739.44173,68
19742.44173,68
19747.44173,68
19753.44173,69
19759.4417,68
19764.44173,68
19771.4417,68
19774.44173,68
19780.44173,68
19789.44173,87
19791.44173,87
19799.44173,64
19804.4417,65
19805.4417,65
19811.44173,65
19815.44173,65
19825.44173,65
19826.44173,65
19834.4417,68
19838.44173,69
19841.44173,72
19846.4417,73
19856.44173,68
19857.44173,68
19862.44173,65
19867.44173,68
19872.4417,68
19877.44173,69
19882.44173,71
19887.44173,71
19892.44173,71
19897.44173,69
19905.44173,68
19908.44173,68
19913.44173,69
19918.44173,69
19923.44173,71
19929.44173,71
19935.44173,74
19940.44173,74
19946.44173,76
19952.44173,74
19960.44173,77
19962.44173,77
19967.4417,77
19972.44173,78
19978.44173,74
19983.44173,78
19989.44173,77
19999.44173,65
20004.4417,65
20006.44173,67
20011.44173,68
20018.44173,67
20027.4417,69
20032.4417,72
20034.4417,73
20039.44173,73
20048.44173,68
20049.4417,68
20054.4417,67
20059.4417,67
20064.44173,68
20070.4417,68
20075.4417,68
20080.44173,68
20088.44173,68
20091.44173,71
20096.44173,71
20104.44173,69
20107.44173,68
20113.44173,69
20118.4417,69
20123.44173,69
20128.4417,69
20133.44173,73
20138.44173,74
20145.44173,73
20148.44173,69
20153.4417,68
20158.4417,69
20165.44173,69
20168.4417,69
20173.4417,68
20178.4417,69
20183.44173,69
20189.44173,69
20194.4417,69
20201.4417,69
20204.44173,71
20213.44173,73
20216.44173,73
20219.44173,74
20229.44173,67
20230.4417,68
20235.44173,68
20241.4417,68
20246.44173,68
20251.44173,68
20256.44173,67
20261.44173,68
20267.44173,69
20272.44173,71
20278.44173,73
20283.44173,73
20291.44173,74
20293.44173,74
20298.44173,69
20303.44173,69
20310.44173,68
20313.44173,68
20323.4417,69
20325.44173,69
20331.4417,77
20335.44173,77
20343.44173,67
20346.44173,65
20356.44173,63
20357.44173,63
20363.44173,63
20371.44173,62
20373.44173,62
20380.44173,62
20383.44173,64
20391.44173,67
20393.44173,65
20399.44173,67
20403.44173,71
20408.44173,69
20413.4417,65
20423.44173,67
20424.4417,65
20429.44173,67
20435.44173,68
20442.44173,68
20445.44173,71
20451.44173,69
20456.4417,69
20461.44173,71
20466.44173,73
20471.44173,73
20480.4417,74
20482.4417,74
20488.4417,69
20492.44173,71
20498.44173,72
20504.44173,71
20510.4417,71
20515.4417,71
20520.44173,72
20525.44173,72
20535.4417,77
20537.44173,74
20542.44173,69
20548.4417,71
20553.44173,68
20559.4417,68
20564.44173,68
20572.44173,68
20574.44173,68
20579.44173,68
20584.4417,69
20589.44173,69
20595.4417,68
20600.44173,68
20605.4417,68
20610.44173,68
20618.4417,69
20620.44173,69
20625.44173,68
20630.4417,68
20635.44173,69
20641.44173,77
20650.4417,69
20651.44173,69
20656.4417,69
20663.4417,65
20667.4417,65
20672.44173,67
20677.44173,68
20682.44173,68
20688.4417,68
20693.44173,68
20698.4417,68
20703.44173,68
20708.44173,68
20713.44173,68
20718.4417,68
20723.44173,69
20729.44173,69
20733.4417,69
20738.44173,68
20746.44173,73
20748.44173,74
20757.44173,74
20761.44173,71
20763.4417,69
20770.4417,69
20773.44173,68
20779.4417,69
20784.44173,69
20790.44173,69
20797.4417,68
20802.44173,68
20807.4417,68
20813.44173,69
20817.44173,73
20827.44173,77
20831.44173,83
20837.44173,89
20838.4417,89
20843.4417,83
20848.4417,78
20853.4417,80
20862.44173,64
20865.44173,64
20868.44173,63
20873.4417,64
20882.44173,64
20886.44173,68
20891.44173,67
20894.44173,65
20899.44173,65
20904.44173,67
20912.44173,68
20914.4417,69
20919.44173,69
20927.44173,69
20933.4417,65
20935.4417,65
20940.44173,64
20945.44173,64
20951.44173,65
20956.4417,67
20963.44173,68
20967.44173,68
20973.44173,68
20979.44173,68
20988.4417,69
20989.44173,69
20994.44173,68
20999.44173,68
21008.44173,68
21009.4417,68
21014.4417,68
21021.44173,68
21024.44173,68
21030.44173,68
21039.44173,62
21044.44173,62
21046.44173,62
21054.44173,60
21055.44173,59
21065.44173,61
21066.44173,61
21072.4417,61
21082.44173,77
21087.44173,72
21088.44173,71
21097.44173,63
21102.44173,62
21107.44173,63
21108.44173,63
21113.44173,63
21119.4417,63
21124.44173,64
21130.44173,65
21136.4417,65
21141.44173,65
21147.4417,65
21152.44173,65
21157.44173,65
21162.44173,68
21172.44173,74
21173.44173,74
21178.44173,73
21186.44173,67
21189.44173,67
21194.44173,65
21199.4417,65
21204.44173,67
21214.44173,67
21215.44173,65
21220.4417,65
21225.44173,65
21230.44173,65
21235.44173,65
21240.44173,65
21249.4417,65
21251.44173,65
21256.44173,67
21262.44173,67
21267.4417,67
21272.44173,67
21278.44173,65
21283.44173,67
21289.4417,67
21293.44173,69
21298.44173,69
21303.44173,68
21308.44173,68
21313.4417,68
21318.44173,68
21324.44173,68
21330.44173,68
21335.44173,68
21341.4417,68
21346.4417,68
21351.44173,71
21356.44173,71
21362.4417,72
21370.44173,72
21372.44173,72
21378.44173,69
21383.44173,69
21388.44173,69
21393.44173,69
21399.44173,65
21408.44173,65
21412.44173,64
21414.4417,64
21419.44173,63
21424.44173,63
21429.44173,63
21434.44173,63
21439.4417,62
21444.4417,63
21449.44173,65
21455.4417,63
21460.44173,64
21465.44173,64
21471.44173,65
21477.4417,65
21482.4417,67
21487.4417,65
21492.44173,68
21498.4417,68
21503.44173,67
21508.4417,65
21513.44173,65
21523.4417,65
21524.44173,65
21530.44173,65
21536.44173,65
21541.4417,65
21546.44173,65
21551.44173,65
21556.4417,67
21561.44173,67
21569.44173,68
21571.44173,67
21576.44051,68
21582.44051,74
21586.44051,74
21593.44051,74
21597.44048,69
21602.44051,69
21608.44051,69
21615.44048,68
21618.44048,65
21623.44048,65
21628.44051,65
21633.44051,65
21639.44051,67
21644.44051,65
21649.44048,63
21654.44051,64
21659.44051,63
21665.44051,63
21670.44051,62
21680.44048,59
21681.44051,59
21690.44051,63
21691.44048,64
21696.44048,65
21701.44051,65
21707.44051,65
21713.44048,65
21718.44051,65
21723.44051,65
21728.44051,65
21733.44051,65
21738.44051,65
21743.44051,65
21748.44051,65
21753.44051,67
21758.44051,68
21763.44048,69
21768.44051,71
21776.44051,69
21778.44051,68
21784.44051,68
21789.44051,68
21795.44048,68
21800.44048,68
21805.44051,68
21810.44051,68
21819.44048,69
21820.44051,69
21825.44048,68
21830.44051,69
21835.44051,68
21840.44051,68
21845.44048,68
21850.44051,68
21855.44051,68
21860.44048,65
21865.44051,65
21870.44048,65
21875.44051,64
21880.44048,67
21885.44048,68
21890.44048,69
21895.44051,72
21900.44048,74
21905.44051,74
21911.44051,74
21917.44051,74
21926.44048,74
21928.44051,74
21933.44051,74
21938.44051,76
21943.44051,77
21948.44051,77
21953.44051,77
21958.44048,77
21963.44048,77
21970.44051,74
21973.44051,73
21979.44051,71
21984.44051,71
21990.44048,69
21995.44051,69
22005.44048,69
22007.44051,69
22013.44048,69
22018.44048,69
22023.44048,69
22028.44051,69
22034.44051,69
22040.44051,71
22046.44051,71
22051.44051,71
22057.44048,68
22062.44051,68
22069.44051,69
22073.44051,69
22082.44051,69
22083.44051,69
22088.44048,68
22093.44048,68
22098.44048,71
22103.44048,72
22108.44051,72
22114.44051,65
22119.44048,65
22124.44048,65
22129.44051,67
22134.44048,69
22139.44051,68
22145.44048,72
22149.44051,73
22155.44048,74
22160.44051,73
22167.44048,73
22170.44051,71
22175.44051,71
22180.44048,71
22185.44051,72
22190.44048,74
22198.44048,74
22200.44051,74
22208.44048,68
22211.44048,68
22220.44051,73
22221.44048,74
22226.44048,69
22231.44051,69
22236.44048,73
22241.44051,69
22246.44048,69
22251.44051,69
22256.44051,72
22263.44048,71
22268.44051,68
22273.44051,68
22279.44051,69
22285.44051,71
22290.44051,73
22295.44051,74
22301.44051,74
22310.44051,74
22311.44051,72
22317.44051,71
22322.44051,69
22328.44048,69
22333.44051,71
22342.44048,71
22345.44048,72
22350.44051,69
22355.44048,69
22360.44051,73
22365.44048,72
22370.44048,72
22375.44051,72
22381.44051,73
22386.44048,73
22395.44051,71
22396.44051,71
22406.44051,72
22407.44048,73
22412.44048,71
22417.44048,69
22422.44051,71
22427.44051,71
22432.44051,72
22438.44048,72
22446.44051,72
22451.44051,71
22454.44051,68
22459.44051,69
22464.44051,71
22471.44051,74
22474.44051,74
22479.44048,69
22484.44051,69
22490.44051,73
22495.44051,74
22500.44048,76
22505.44051,74
22510.44048,76
22515.44048,76
22520.44051,76
22527.44051,77
22533.44051,68
22535.44051,68
22540.44048,68
22545.44048,69
22550.44048,71
22555.44051,74
22561.44051,74
22566.44051,74
22571.44048,74
22576.44051,73
22581.44051,72
22586.44051,72
22591.44051,72
22597.44051,72
22602.44051,72
22607.44051,74
22614.44048,73
22617.44051,72
22623.44051,72
22628.44051,72
22634.44051,73
22638.44051,69
22643.44051,71
22648.44048,72
22653.44051,73
22658.44051,73
22663.44051,74
22668.44051,74
22673.44048,68
22678.44051,68
22683.44051,68
22688.44051,69
22693.44051,68
22698.44048,68
22703.44048,69
22708.44051,76
22714.44051,74
22719.44051,76
22728.44051,69
22731.44051,69
22735.44048,69
22740.44051,69
22745.44051,71
22750.44051,72
22755.44051,71
22760.44048,71
22765.44051,71
22770.44051,72
22776.44051,72
22781.44051,73
22786.44048,73
22794.44051,73
22797.44048,71
22802.44051,71
22810.44048,71
22813.44048,76
22818.44048,76
22826.44048,73
22828.44048,72
22833.44048,71
22838.44051,72
22843.44048,72
22848.44048,72
22853.44051,72
22858.44051,71
22866.44051,68
22869.44051,68
22874.44051,69
22880.44048,73
22888.44051,74
22891.44051,72
22896.44051,72
22901.44051,73
22906.44051,73
22911.44051,73
22917.44051,72
22925.44048,72
22927.44051,72
22937.44048,72
22938.44051,72
22943.44051,72
22948.44051,72
22953.44048,73
22958.44051,74
22965.44051,74
22970.44051,69
22975.44048,72
22980.44051,73
22985.44051,74
22990.44051,74
22996.44051,72
23002.44051,73
23007.44051,73
23013.44051,77
23017.44051,77
23022.44051,69
23028.44051,71
23034.44051,71
23039.44051,71
23044.44048,71
23049.44051,74
23058.44048,73
23061.44051,71
23066.44051,71
23071.44048,74
23076.44051,74
23082.44051,74
23087.44051,73
23092.44051,73
23097.44051,74
23103.44048,76
23108.44051,76
23114.44048,74
23120.44051,76
23124.44048,77
23129.44048,76
23138.44051,74
23139.44051,69
23144.44051,69
23150.44051,69
23157.44048,69
23161.44051,73
23167.44051,72
23173.44048,72
23178.44051,72
23184.44051,72
23189.44048,73
23194.44051,73
23200.44051,76
23206.44051,74
23214.44051,73
23219.44051,69
23222.44051,69
23227.44048,69
23232.44048,69
23237.44051,72
23242.44051,71
23247.44051,71
23252.44051,74
23257.44051,74
23262.44051,74
23267.44048,73
23272.44048,73
23277.44048,72
23282.44048,71
23287.44051,71
23297.44051,73
23298.44048,74
23303.44048,74
23309.44051,74
23314.44048,72
23319.44051,68
23325.44051,68
23330.44051,68
23335.44051,71
23340.44048,69
23348.44051,67
23350.44051,67
23356.44051,67
23361.44048,65
23366.44048,67
23371.44048,65
23376.44048,65
23381.44051,69
23387.44051,68
23394.44051,69
23397.44048,68
23402.44051,67
23407.44048,64
23412.44048,64
23417.44048,63
23422.44051,64
23432.44051,67
23433.44051,68
23438.44051,71
23443.44048,71
23452.44051,71
23453.44051,71
23458.44048,71
23467.44051,98
23472.44051,98
23474.44051,98
23478.44048,98
23488.44051,64
23493.44051,62
23498.44051,62
23502.44048,61
23508.44048,59
23513.44051,61
23518.44051,62
23523.44051,65
23527.44048,67
23534.44051,65
23535.44051,65
23543.44048,64
23549.44048,68
23550.44048,68
23555.44051,73
23566.44051,73
23567.44051,72
23572.44051,69
23578.44048,69
23585.44051,72
23588.44051,72
23598.44048,68
23599.44051,68
23605.44051,65
23610.44051,65
23615.44051,67
23620.44051,67
23625.44051,68
23631.44051,68
23636.44051,68
23642.44051,65
23647.44051,67
23652.44048,68
23660.44051,69
23662.44051,68
23667.44051,69
23672.44048,69
23679.44048,69
23682.44048,68
23687.44051,68
23692.44048,68
23697.44051,68
23706.44048,71
23708.44048,74
23716.44051,68
23718.44051,67
23724.44048,62
23729.44051,65
23734.44048,68
23739.44051,67
23744.44048,65
23749.44048,67
23754.44048,67
23759.44051,67
23765.44051,68
23771.44051,68
23777.44051,68
23782.44051,68
23788.44051,65
23793.44051,68
23798.44051,68
23804.44051,68
23809.44051,68
23819.44048,71
23820.44051,71
23825.44048,71
23830.44048,71
23835.44051,71
23845.44051,67
23846.44051,67
23851.44051,65
23857.44051,71
23862.44051,71
23867.44048,69
23872.44051,68
23878.44051,68
23883.44048,68
23888.44051,68
23893.44051,69
23898.44048,71
23903.44048,69
23908.44051,69
23913.44051,69
23922.44048,69
23924.44051,69
23929.44051,69
23934.44051,68
23940.44051,69
23945.44048,68
23950.44051,71
23955.44051,69
23960.44051,69
23966.44051,72
23976.44051,69
23977.44051,68
23982.44051,69
23987.44051,69
23994.44051,69
23997.44051,72
24002.44048,69
24007.44048,68
24012.44051,69
24017.44051,69
24023.44048,69
24028.44051,69
24038.44051,69
24039.44051,69
24044.44051,69
24050.44048,69
24055.44051,72
24060.44051,74
24065.44051,74
24070.44051,73
24075.44048,73
24080.44048,72
24085.44051,72
24090.44048,72
24095.44051,74
24101.44048,80
24111.44048,71
24115.44051,69
24117.44051,68
24122.44048,69
24127.44048,71
24132.44051,74
24137.44051,71
24142.44048,73
24149.44048,73
24152.44051,74
24158.44051,73
24163.44048,69
24168.44051,73
24175.44051,69
24182.44051,67
24183.44048,67
24188.44048,68
24193.44051,68
24198.44051,69
24203.44048,68
24208.44051,69
24214.44051,69
24219.44051,69
24224.44051,69
24229.44051,69
24238.44048,69
24240.44048,69
24245.44051,69
24251.44051,69
24256.44051,71
24262.44051,73
24267.44051,73
24272.44048,74
24281.44048,74
24282.44051,73
24287.44048,73
24292.44051,74
24297.44051,71
24302.44051,69
24307.44051,69
24317.44048,69
24319.44048,69
24324.44051,69
24330.44051,69
24335.44048,68
24344.44051,69
24345.44051,69
24350.44048,72
24355.44051,73
24361.44048,72
24366.44051,72
24372.44051,72
24377.44051,69
24382.44048,69
24387.44051,72
24393.44051,77
24398.44051,78
24406.44048,77
24408.44048,72
24413.44048,71
24418.44051,69
24424.44051,71
24429.44051,71
24434.44048,71
24439.44051,69
24444.44051,73
24449.44051,72
24455.44051,73
24461.44048,72
24466.44051,72
24471.44051,72
24476.44051,71
24481.44051,68
24486.44051,68
24491.44051,69
24497.44051,71
24503.44048,69
24508.44051,71
24513.44051,71
24518.44048,72
24523.44048,71
24532.44051,69
24533.44051,69
24539.44051,69
24544.44051,69
24551.44051,71
24554.44051,68
24559.44048,68
24564.44051,68
24569.44051,69
24576.44048,72
24579.44051,72
24588.44048,78
24590.44051,80
24598.44051,87
24600.44048,86
24605.44051,86
24610.44048,86
24615.44051,86
24625.44051,63
24630.44051,63
24636.44051,63
24640.44051,63
24648.44048,65
24654.44048,61
24655.44051,61
24660.44048,64
24665.44051,64
24670.44051,65
24676.44048,67
24685.44051,69
24687.44051,69
24692.44051,74
24702.44051,69
24705.44051,69
24709.44051,69
24714.44048,68
24719.44048,67
24727.44051,64
24729.44051,65
24735.44051,65
24740.44051,65
24749.44048,69
24750.44051,71
24756.44051,76
24762.44051,69
24767.44051,69
24772.44048,68
24779.44051,68
24784.44051,69
24787.44048,69
24792.44051,64
24797.44051,63
24802.44048,65
24807.44048,67
24812.44051,68
24817.44051,68
24822.44048,69
24827.44051,69
24832.44051,68
24837.44048,69
24844.44048,69
24847.44051,65
24853.44048,65
24858.44048,67
24863.44051,68
24868.44051,68
24877.44051,72
24878.44051,73
24884.44048,73
24889.44051,68
24895.44051,68
24901.44051,74
24907.44048,74
24916.44051,77
24917.44051,78
24922.44051,82
24927.44051,83
24932.44048,82
24942.44051,71
24946.44051,69
24948.44051,69
24953.44048,68
24958.44048,69
24963.44051,68
24969.44051,68
24974.44051,68
24980.44051,69
24986.44051,72
24995.44048,73
24997.44051,72
25003.44051,65
25008.44048,64
25013.44051,65
25018.44051,65
25024.44048,65
25029.44051,68
25034.44051,68
25039.44051,68
25047.44051,68
25049.44051,68
25055.44048,65
25060.44051,65
25065.44051,67
25074.44048,67
25076.44051,67
25081.44051,67
25086.44048,67
25095.44051,63
25097.44048,64
25101.44051,64
25106.44051,63
25111.44051,64
25117.44051,65
25123.44051,67
25128.44051,68
25134.44048,68
25139.44048,68
25144.44051,68
25149.44048,68
25154.44051,67
25160.44051,67
25165.44051,67
25171.44051,67
25177.4386699,67
25184.4386699,67
25187.4386401,67
25193.4386699,65
25197.4386401,64
25202.4386401,64
25207.4386401,64
25212.4386401,65
25217.4386699,68
25222.4386699,73
25227.4386401,78
25232.4386699,80
25237.4386401,86
25242.4386699,86
25247.4386401,81
25252.4386699,73
25257.4386699,71
25262.4386401,67
25267.4386699,67
25276.4386699,65
25282.4386401,67
25284.4386699,67
25288.4386401,68
25293.4386401,67
25298.4386699,68
25303.4386699,68
25309.4386699,68
25314.4386401,68
25319.4386401,67
25325.4386699,68
25329.4386699,65
25334.4386401,64
25341.4386401,65
25344.4386401,67
25349.4386401,68
25354.4386699,65
25359.4386699,68
25365.4386699,68
25370.4386699,67
25375.4386699,65
25380.4386699,65
25390.4386699,68
25391.4386401,68
25396.4386699,67
25402.4386699,68
25409.4386699,68
25412.4386401,68
25417.4386401,71
25422.4386401,72
25430.4386699,73
25432.4386401,74
25438.4386401,82
25442.4386699,83
25447.4386401,78
25453.4386699,77
25458.4386699,72
25464.4386401,69
25469.4386401,69
25475.4386401,69
25479.4386699,69
25485.4386699,72
25490.4386699,72
25496.4386401,72
25501.4386699,72
25506.4386699,72
25511.4386401,74
25516.4386699,74
25521.4386699,74
25529.4386699,76
25535.4386401,69
25537.4386699,69
25542.4386699,69
25547.4386699,69
25552.4386699,69
25559.4386699,72
25563.4386401,69
25570.4386401,69
25574.4386401,68
25582.4386699,68
25584.4386699,68
25589.4386699,68
25598.4386699,68
25604.4386699,68
25605.4386699,68
25610.4386401,69
25616.4386401,69
25620.4386401,68
25625.4386699,68
25630.4386699,71
25635.4386401,72
25640.4386699,73
25645.4386401,74
25650.4386401,74
25659.4386699,74
25664.4386401,78
25666.4386401,78
25671.4386401,81
25676.4386699,86
25681.4386699,78
25690.4386699,69
25691.4386401,69
25700.4386401,68
25702.4386699,68
25708.4386401,67
25715.4386699,67
25718.4386699,67
25724.4386401,67
25729.4386699,67
25735.4386699,68
25740.4386401,68
25748.4386401,69
25750.4386401,69
25756.4386401,69
25760.4386699,68
25765.4386699,68
25771.4386699,69
25776.4386401,69
25781.4386401,68
25786.4386401,67
25791.4386401,67
25799.4386699,65
25801.4386699,65
25807.4386401,65
25812.4386699,67
25818.4386401,68
25825.4386699,68
25829.4386699,69
25834.4386699,68
25839.4386699,69
25845.4386699,72
25852.4386699,72
25857.4386401,71
25862.4386699,69
25867.4386699,69
25872.4386699,69
25877.4386699,69
25882.4386401,69
25887.4386699,69
25893.4386401,69
25898.4386401,65
25903.4386699,67
25908.4386401,65
25913.4386699,65
25921.4386699,67
25924.4386401,68
25929.4386699,68
25934.4386401,68
25939.4386401,69
25944.4386401,69
25949.4386699,69
25959.4386401,71
25961.4386699,72
25965.4386699,72
25974.4386699,87
25980.4386699,83
25981.4386699,82
25986.4386699,80
25992.4386699,78
26002.4386699,77
26003.4386699,77
26011.4386699,69
26014.4386699,68
26022.4386699,67
26024.4386401,67
26033.4386699,67
26034.4386699,67
26040.4386699,67
26045.4386699,67
26053.4386699,67
26055.4386401,67
26060.4386699,67
26069.4386401,67
26071.4386401,67
26076.4386699,68
26081.4386699,68
26086.4386699,68
26096.4386401,68
26097.4386401,68
26102.4386699,64
26107.4386699,65
26112.4386401,65
26117.4386699,69
26126.4386699,67
26127.4386699,67
26135.4386699,67
26138.4386699,67
26143.4386699,67
26149.4386699,68
26155.4386401,67
26160.4386401,65
26165.4386699,65
26170.4386699,65
26175.4386699,65
26181.4386401,65
26186.4386401,67
26191.4386401,67
26196.4386699,71
26202.4386699,68
26207.4386401,72
26212.4386401,71
26217.4386401,71
26222.4386401,69
26230.4386401,71
26233.4386699,71
26242.4386699,80
26243.4386699,80
26252.4386699,90
26254.4386699,89
26258.4386401,89
26263.4386401,87
26268.4386699,86
26277.4386699,64
26282.4386699,65
26287.4386699,65
26292.4386699,65
26297.4386699,65
26298.4386401,65
26303.4386699,64
26309.4386401,65
26314.4386401,65
26319.4386699,67
26325.4386699,68
26331.4386699,68
26337.4386699,68
26343.4386699,67
26347.4386401,67
26350.4386699,67
26360.4386699,69
26361.4386401,69
26366.4386401,69
26371.4386401,71
26377.4386699,69
26385.4386401,74
26387.4386699,74
26394.4386699,68
26398.4386699,67
26404.4386401,67
26409.4386699,68
26414.4386401,68
26419.4386401,68
26424.4386699,68
26429.4386699,68
26438.4386401,68
26440.4386699,68
26446.4386699,68
26451.4386699,68
26456.4386699,68
26464.4386699,69
26466.4386401,68
26471.4386699,68
26477.4386699,68
26484.4386401,68
26490.4386699,65
26491.4386699,65
26497.4386699,64
26502.4386699,64
26509.4386401,65
26512.4386699,68
26517.4386699,69
26524.4386401,71
26527.4386401,68
26532.4386401,68
26539.4386401,68
26542.4386699,65
26547.4386699,68
26552.4386401,68
26557.4386699,68
26567.4386699,67
26572.4386699,65
26576.4386699,65
26578.4386699,65
26583.4386699,68
26588.4386401,69
26593.4386699,73
26598.4386699,69
26603.4386699,72
26609.4386401,67
26614.4386699,68
26620.4386401,69
26625.4386699,69
26630.4386699,68
26635.4386401,68
26640.4386699,68
26645.4386401,68
26653.4386401,65
26655.4386699,65
26660.4386699,65
26666.4386401,65
26671.4386699,65
26680.4386699,65
26681.4386699,65
26687.4386401,65
26692.4386699,65
26701.4386699,68
26704.4386699,69
26714.4386699,68
26717.4386699,68
26721.4386401,68
26726.4386699,68
26732.4386699,68
26737.4386699,69
26744.4386699,69
26749.4386699,68
26755.4386699,68
26761.4386401,68
26766.4386699,68
26771.4386401,71
26776.4386699,73
26781.4386401,73
26786.4386699,73
26792.4386699,73
26797.4386401,73
26806.4386699,69
26807.4386401,69
26812.4386401,71
26817.4386699,73
26826.4386699,74
26827.4386699,74
26832.4386699,71
26838.4386699,69
26845.4386699,69
26849.4386699,71
26856.4386699,72
26859.4386699,72
26865.4386699,72
26873.4386401,72
26875.4386699,72
26880.4386699,73
26885.4386401,76
26890.4386699,76
26897.4386699,76
26904.4386401,74
26905.4386401,74
26910.4386401,83
26915.4386699,80
26920.4386699,78
26929.4386699,77
26930.4386401,77
26935.4386401,72
26940.4386401,69
26945.4386401,68
26950.4386699,68
26955.4386699,68
26960.4386699,68
26966.4386699,68
26971.4386699,68
26977.4386401,68
26982.4386699,68
26989.4386699,81
26992.4386699,80
27000.4386699,68
27002.4386699,68
27007.4386699,68
27013.4386401,68
27018.4386699,68
27023.4386401,68
27028.4386699,65
27033.4386699,67
27041.4386699,68
27043.4386401,67
27048.4386401,67
27053.4386699,65
27059.4386699,65
27065.4386699,68
27070.4386699,68
27075.4386401,69
27082.4386401,69
27085.4386699,69
27091.4386401,69
27098.4386699,69
27101.4386699,69
27106.4386699,68
27111.4386699,65
27116.4386699,67
27122.4386699,69
27129.4386699,69
27132.4386699,68
27138.4386401,68
27143.4386699,68
27148.4386699,68
27153.4386699,68
27158.4386699,68
27163.4386699,68
27168.4386401,68
27173.4386401,68
27178.4386699,68
27183.4386699,71
27188.4386401,73
27193.4386401,73
27198.4386699,73
27204.4386699,69
27211.4386401,71
27215.4386699,69
27220.4386699,72
27229.4386699,74
27232.4386401,69
27235.4386699,68
27240.4386699,68
27245.4386699,69
27251.4386699,73
27256.4386401,72
27261.4386699,69
27266.4386699,69
27273.4386699,69
27276.4386699,68
27286.4386699,68
27287.4386699,68
27293.4386699,68
27298.4386401,68
27304.4386699,68
27308.4386401,69
27313.4386699,68
27318.4386401,65
27323.4386699,65
27328.4386699,67
27333.4386401,65
27338.4386699,67
27344.4386401,67
27349.4386401,69
27354.4386699,69
27359.4386699,69
27364.4386699,71
27369.4386699,71
27374.4386699,71
27381.4386401,69
27384.4386401,68
27389.4386401,68
27394.4386699,71
27403.4386401,69
27406.4386699,69
27411.4386699,69
27417.4386401,69
27422.4386401,69
27430.4386401,69
27433.4386699,69
27438.4386699,67
27443.4386699,65
27449.4386401,65
27454.4386699,68
27459.4386401,69
27464.4386699,73
27469.4386401,74
27477.4386401,68
27480.4386699,69
27485.4386699,69
27490.4386699,69
27495.4386699,69
27500.4386699,71
27505.4386401,73
27510.4386401,73
27518.4386699,73
27520.4386699,73
27525.4386699,69
27530.4386401,69
27535.4386401,68
27540.4386699,69
27545.4386401,71
27550.4386699,74
27560.4386699,73
27561.4386401,72
27566.4386699,71
27572.4386401,72
27578.4386699,69
27582.4386699,69
27588.4386401,68
27593.4386699,72
27598.4386401,72
27603.4386699,72
27608.4386699,72
27615.4386699,72
27619.4386699,72
27624.4386401,72
27629.4386699,74
27634.4386699,74
27641.4386401,73
27645.4386699,69
27650.4386401,72
27655.4386699,71
27663.4386699,69
27666.4386699,69
27671.4386401,69
27676.4386699,71
27682.4386699,72
27690.4386699,76
27692.4386699,74
27697.4386699,68
27703.4386699,68
27708.4386699,68
27714.4386401,68
27724.4386699,69
27725.4386699,71
27730.4386699,74
27735.4386401,71
27740.4386401,71
27745.4386699,72
27755.4386401,71
27757.4386401,69
27762.4386699,68
27768.4386401,69
27773.4386699,77
27779.4386699,69
27784.4386699,69
27790.4386699,69
27796.4386699,73
27802.4386699,73
27807.4386401,72
27812.4386699,72
27817.4386699,72
27826.4386401,72
27829.4386699,77
27839.4386699,73
27840.4386401,72
27845.4386401,68
27850.4386401,68
27855.4386699,68
27861.4386401,69
27866.4386699,71
27871.4386699,69
27876.4386699,71
27881.4386401,74
27886.4386699,72
27892.4386401,71
27898.4386401,69
27903.4386699,69
27909.4386699,69
27914.4386401,69
27919.4386699,68
27924.4386699,68
27933.4386699,68
27934.4386401,69
27939.4386699,71
27948.4386699,73
27950.4386401,72
27955.4386699,71
27962.4386699,69
27965.4386401,68
27970.4386699,68
27975.4386699,68
27981.4386699,68
27986.4386699,68
27993.4386401,68
27997.4386401,68
28002.4386699,68
28010.4386699,68
28012.4386699,71
28017.4386401,69
28022.4386699,65
28028.4386699,65
28037.4386401,67
28039.4386699,67
28044.4386699,65
28049.4386699,68
28055.4386401,69
28061.4386699,69
28066.4386699,68
28071.4386699,68
28077.4386699,68
28082.4386699,68
28088.4386401,69
28093.4386401,71
28098.4386699,71
28104.4386401,72
28110.4386699,73
28113.4386699,72
28118.4386699,68
28123.4386699,69
28129.4386699,69
28139.4386699,65
28140.4386699,67
28146.4386699,67
28151.4386401,68
28156.4386699,68
28162.4386401,68
28167.4386699,68
28173.4386699,68
28179.4386699,68
28184.4386699,68
28189.4386699,68
28194.4386401,69
28199.4386401,68
28204.4386401,68
28209.4386699,68
28218.4386699,68
28219.4386401,68
28224.4386401,65
28229.4386699,68
28235.4386699,68
28241.4386699,68
28245.4386699,68
28250.4386699,67
28256.4386401,67
28261.4386699,67
28269.4386401,73
28276.4386699,67
28277.4386699,67
28282.4386699,68
28287.4386699,69
28292.4386401,69
28300.4386699,69
28302.4386401,69
28307.4386699,67
28312.4386401,68
28317.4386699,68
28324.4386699,68
28328.4386699,68
28333.4386401,68
28338.4386699,68
28344.4386401,69
28349.4386401,69
28354.4386401,67
28359.4386401,67
28364.4386401,68
28369.4386699,69
28374.4386699,69
28379.4386401,69
28384.4386699,69
28389.4386699,69
28398.4386699,73
28400.4386699,72
28405.4386699,67
28410.4386699,68
28416.4386401,68
28421.4386401,69
28426.4386699,68
28432.4386699,72
28437.4386699,71
28446.4386401,69
28447.4386401,69
28452.4386699,69
28458.4386699,69
28464.4386699,69
28472.4386699,72
28474.4386401,72
28479.4386401,71
28484.4386401,71
28489.4386699,72
28494.4386401,74
28501.4386401,74
28504.4386699,72
28510.4386699,72
28515.4386699,69
28520.4386401,69
28525.4386699,69
28530.4386699,69
28536.4386699,69
28546.4386699,69
28548.4386401,69
28553.4386699,67
28558.4386699,68
28564.4386699,69
28569.4386699,69
28575.4386699,69
28580.4386699,71
28585.4386401,73
28590.4386401,73
28598.4386699,73
28600.4386699,71
28605.4386699,69
28610.4386401,69
28615.4386401,69
28620.4386699,69
28626.4386401,74
28636.4386699,73
28637.4386699,73
28642.4386699,72
28649.4386401,69
28653.4386699,69
28658.4386401,68
28663.4386401,71
28668.4386401,73
28673.4386699,71
28679.4386699,69
28684.4386401,69
28689.4386699,69
28694.4386401,69
28699.4386401,69
28704.4386699,69
28711.4386699,69
28714.4386401,76
28719.4386401,74
28724.4386699,71
28729.4386699,69
28734.4386699,71
28739.4386699,72
28744.4386401,74
28749.4386699,73
28755.4386699,74
28760.4386699,74
28765.4386699,77
28771.4386699,74
28775.4386699,71
28781.4358101,71
28786.4358101,71
28797.4358101,74
28798.4358101,78
28803.43578,77
28808.4358101,69
28813.4358101,72
28818.4358101,69
28826.4358101,69
28829.4358101,68
28834.4358101,69
28839.43578,69
28844.4358101,68
28850.43578,68
28855.4358101,68
28860.4358101,65
28866.4358101,67
28871.43578,67
28876.43578,69
28881.4358101,68
28887.4358101,69
28892.4358101,68
28902.4358101,72
28903.4358101,71
28909.4358101,68
28914.43578,68
28919.4358101,68
28924.4358101,68
28929.4358101,68
28938.4358101,71
28939.4358101,69
28944.4358101,68
28950.4358101,71
28956.4358101,72
28962.43578,71
28967.43578,71
28972.43578,71
28977.4358101,71
28983.43578,69
28988.43578,69
28993.4358101,71
28998.4358101,71
29004.43578,69
29008.43578,68
29013.4358101,68
29020.4358101,69
29024.43578,72
29029.43578,71
29037.4358101,69
29039.43578,68
29044.43578,68
29049.4358101,69
29054.4358101,69
29060.43578,71
29065.4358101,69
29070.4358101,69
29075.4358101,69
29081.4358101,69
29087.4358101,71
29094.4358101,73
29100.4358101,74
29103.43578,72
29108.43578,72
29113.4358101,72
29119.4358101,72
29125.4358101,71
29133.4358101,71
29140.4358101,73
29143.43578,69
29146.4358101,69
29154.43578,71
29157.4358101,71
29162.4358101,73
29167.4358101,73
29172.43578,73
29177.4358101,73
29183.43578,73
29191.4358101,72
29194.4358101,72
29200.43578,72
29205.4358101,71
29210.43578,72
29215.4358101,72
29220.4358101,72
29228.43578,72
29231.43578,71
29236.4358101,69
29241.43578,69
29246.4358101,69
29252.43578,73
29257.43578,72
29262.4358101,72
29267.43578,71
29272.43578,71
29277.43578,72
29282.4358101,72
29287.4358101,72
29292.4358101,72
29297.4358101,73
29302.4358101,73
29311.43578,74
29313.4358101,74
29317.43578,69
29322.4358101,69
29327.43578,69
29332.4358101,73
29337.4358101,73
29342.43578,72
29350.4358101,69
29352.4358101,68
29357.4358101,69
29363.4358101,68
29368.4358101,69
29376.43578,68
29379.43578,68
29388.43578,104
29393.4358101,103
29398.4358101,103
29403.4358101,103
29409.43578,99
29413.4358101,96
29418.4358101,90
29422.4358101,90
29428.4358101,90
29430.4358101,90
29436.4358101,90
29446.43578,90
29451.4358101,92
29454.43578,94
29457.4358101,94
29463.4358101,90
29473.4358101,87
29478.4358101,86
29479.4358101,86
29485.43578,86
29490.43578,86
29498.4358101,90
29505.43578,91
29510.4358101,90
29512.4358101,90
29520.4358101,81
29523.4358101,78
29530.4358101,80
29531.4358101,78
29537.4358101,77
29545.4358101,72
29553.4358101,74
29554.4358101,74
29562.4358101,85
29567.43578,83
29573.4358101,85
29579.4358101,86
29583.43578,86
29585.4358101,86
29590.4358101,86
29600.4358101,83
29601.43578,83
29606.4358101,82
29612.4358101,82
29617.4358101,82
29622.4358101,82
29627.43578,82
29636.4358101,83
29639.4358101,83
29646.4358101,78
29651.4358101,77
29652.4358101,77
29657.4358101,77
29662.43578,77
29668.43578,77
29674.4358101,78
29677.43578,78
29682.4358101,80
29687.4358101,82
29697.43578,83
29701.43578,82
29704.4358101,82
29712.4358101,82
29716.43578,82
29729.4358101,78
29735.4358101,85
29740.4358101,86
29741.4358101,86
29824.1242099,81
29889.95417,90
