-573407.48573,74
-573167.65452,78
-572872.36932,58
-572374.58424,68
-572077.08427,76
-571863.97478,91
-571715.91258,80
-571599.91254,88
-571239.41318,98
-570992.91291,90
-570526.54579,83
-570420.54573,77
-569883.75748,80
-569799.75748,73
-569511.25761,74
-569086.50731,70
-568770.50731,71
-568535.50731,71
-568258.5074,76
-567922.0074,69
-567776.5074,69
-567411.50767,70
-566916.50766,75
-566664.50787,72
-566368.50893,71
-566052.00833,70
-565706.50855,70
-565523.00864,73
-565296.50861,71
-564807.00863,66
-564613.50891,68
-564389.30452,95
-564319.74229,92
-564144.53215,129
-563941.45537,61
-563786.45462,81
-563554.79426,103
-563449.73226,94
-563279.12278,92
-563073.56194,73
-562790.06194,65
-562664.56047,75
-561840.72843,134
-561835.72843,127
-561832.72843,124
-561825.72843,115
-561821.72846,115
-561819.72846,113
-561814.72846,110
-561809.72843,116
-561801.72846,118
-561795.72843,119
-561793.72843,120
-561789.72843,118
-561784.72846,120
-561779.72843,122
-561770.72846,120
-561767.72843,119
-561764.72846,120
-561759.72846,119
-561750.72843,119
-561745.72846,121
-561744.72843,121
-561735.72843,114
-561731.72846,113
-561725.72843,113
-561724.72843,113
-561718.72846,114
-561714.72843,116
-561708.72843,117
-561703.72843,116
-561699.72846,116
-561692.72846,114
-561687.72846,109
-561684.72843,110
-561677.72843,108
-561670.72843,102
-561667.72843,99
-561663.72843,93
-561658.72843,101
-561650.72846,92
-561646.72843,90
-561640.72846,90
-561638.72843,91
-561634.72843,94
-561625.72843,97
-561620.72843,93
-561619.72846,93
-561614.72846,97
-561609.72843,100
-561603.72843,103
-561598.72843,104
-561590.72846,103
-561586.72846,106
-561580.72846,105
-561579.72843,105
-561570.72846,99
-561565.72843,91
-561561.72846,90
-561559.72846,91
-561550.72843,94
-561545.72846,95
-561544.72843,95
-561535.72846,90
-561534.72846,90
-561525.72843,96
-561522.72843,94
-561515.72843,89
-561510.72843,88
-561506.72846,89
-561503.72846,89
-561499.72843,90
-561491.72843,94
-561489.72843,95
-561482.72843,93
-561476.72843,92
-561470.72843,89
-561465.72846,89
-561463.72843,89
-561455.72846,92
-561453.72846,92
-561445.72846,95
-561444.72843,94
-561435.72843,90
-561434.72843,90
-561428.72843,89
-561421.72843,92
-561419.72843,90
-561410.72846,92
-561408.72843,91
-561404.72843,93
-561395.72843,95
-561394.72846,95
-561385.72843,86
-561218.80751,85
-561097.30751,81
-560598.30728,85
-560460.30734,82
-560192.80738,81
-559694.30747,83
-559542.30753,84
-559334.80778,88
-558984.80796,83
-558774.10054,137
-558554.02454,82
-558303.02448,82
-558177.52314,85
-557728.52523,81
-557584.02529,77.5757598877
-557309.7893,77
-557156.78913,75
-556890.28907,75
-556387.28959,78
-556287.78944,77
-555966.28954,79
-555523.28942,79
-555257.29834,84
-554967.79565,79
-554842.29565,78
-554363.79143,74
-554184.7903,81
-553946.7902,74
-553681.79029,66
-553014.94274,124
-552745.75137,124
-552742.75137,123
-552740.75137,123
-552735.7514,119
-552731.7514,117
-552726.75137,118
-552717.75137,121
-552714.75137,121
-552707.75137,118
-552706.75137,118
-552698.75137,120
-552693.75918,121
-552690.75921,120
-552682.75918,123
-552678.75918,122
-552676.75921,123
-552667.75918,126
-552666.75921,126
-552661.75921,125
-552652.75918,135
-552647.75918,134
-552645.75918,134
-552640.75921,133
-552632.75921,134
-552631.75918,133
-552624.75921,135
-552619.75918,135
-552614.75921,133
-552611.75918,132
-552602.75918,131
-552599.75918,129
-552592.75918,133
-552590.75918,133
-552582.75918,127
-552580.75921,127
-552574.75918,126
-552571.75918,125
-552565.75921,126
-552557.75918,128
-552552.75921,128
-552551.75918,128
-552546.75921,127
-552538.75918,121
-552535.75921,122
-552529.75921,123
-552526.75918,121
-552517.75918,123
-552515.75918,122
-552510.75918,123
-552503.75918,123
-552500.75918,126
-552493.75918,126
-552491.75921,125
-552486.75921,128
-552472.75921,121
-552368.75921,114
-552365.75921,113
-552357.75918,111
-552355.75918,111
-552351.75918,114
-552346.75918,114
-552340.75918,117
-552264.75921,119
-552186.14415,82
-551956.14063,79
-551862.14063,87
-551381.51441,80
-551111.01441,73
-550873.51457,74
-550420.51461,69
-550299.51494,83
-549796.51787,79
-549703.51787,82
-549314.01723,74
-548992.01586,71
-548766.01586,67
-548510.51554,79
-548095.01587,67
-547782.51589,66
-547634.01611,83
-547101.51643,70
-546836.01634,67
-546507.51721,64
-546379.51721,84
-546046.01689,65
-545737.01696,65
-545456.01718,68
-545121.01718,66
-544884.51718,66
-544653.51772,62
-544315.518,78
-543888.51832,83
-543670.51822,71
-543292.018,75
-542987.01868,66
-542605.78845,66
-542543.78845,62
-542179.28496,63
-541855.28472,63
-541552.49571,71
-541282.00317,68
-541034.50927,71
-540173.90609,105
-540170.90606,103
-540165.90606,99
-540160.90606,96
-540155.90606,95
-540154.90606,95
-540145.90606,96
-540144.90606,97
-540139.90606,103
-540130.90606,115
-540129.90609,114
-540060.90609,111
-540057.90606,109
-540050.90606,107
-540049.90609,108
-540040.90609,104
-540039.90609,104
-540034.90606,101
-540026.90606,97
-540021.90609,92
-540019.90606,96
-540010.90606,97
-540009.90606,98
-540000.90606,98
-539998.90606,98
-539994.90609,101
-539985.90606,99
-539982.90606,100
-539979.90606,99
-539970.90609,101
-539965.90606,100
-539964.90606,99
-539955.90606,93
-539950.90606,96
-539946.90609,97
-539944.90606,98
-539939.90606,101
-539930.90609,96
-539927.90609,96
-539924.90606,95
-539915.90609,93
-539914.90606,93
-539905.90606,93
-539900.90606,85
-539895.90606,84
-539892.90606,82
-539885.90606,86
-539884.90606,86
-539875.90609,94
-539874.90609,94
-539865.90606,94
-539861.90606,93
-539859.90609,96
-539854.90606,99
-539849.90606,101
-539840.90606,96
-539838.90606,97
-539833.90606,94
-539825.90609,97
-539824.90609,97
-539819.90609,92
-539813.90606,95
-539805.90606,93
-539803.90606,93
-539795.90606,98
-539790.90606,99
-539785.90606,92
-539782.90606,92
-539779.90606,91
-539770.90609,94
-539765.90609,97
-539761.90609,97
-539757.90606,95
-539754.90609,94
-539749.90606,92
-539741.90606,87
-539636.39074,78
-539529.89094,65
-539226.3966,65
-538607.39141,87
-538246.3938,93
-537830.39211,108
-537671.89205,94
-536623.8925,90
-536447.39298,83
-536131.39251,78
-535971.39262,79
-535585.39288,78
-535204.39278,79
-534974.39287,91
-534536.39319,80
-534312.26828,83
-533952.26863,78
-533861.76872,80
-533404.14367,71
-533186.14394,83
-532940.14397,86
-532400.64423,77
-532209.64415,81
-531921.1445,80
-531622.64452,83
-531396.14443,79
-531042.645,79
-530586.145,87
-483847.81206,67
-483611.81206,67
-483427.31222,67
-482974.81244,72
-482902.81244,71.7757034302
-482756.08183,69
-482543.08206,77
-482010.5819,72
-481876.5819,71
-481481.08224,74
-481273.08227,72
-481003.58227,73
-480501.0824,71
-480260.08243,68
-479930.0828,77
-479822.58286,75
-479501.58324,69
-479065.58337,70
-478706.58337,67
-478482.08337,73
-478177.08368,75
-477868.58415,69
-477752.08415,70
-477375.08404,72
-476974.08491,71
-476861.08894,74
-476444.61512,77
-475384.08537,94
-475266.08537,74
-475077.5868,84
-474591.58549,81
-474196.58526,79
-474082.58526,79
-473624.08567,73
-473371.08589,66
-473031.08561,66
-472866.08622,69
-472660.58627,77
-472140.58641,75
-471830.61802,87
-471529.08642,78
-471322.08642,82
-471172.08642,72.4528274536
-471017.89928,75
-470864.38369,74
-470559.38366,72
-470154.38375,75
-469964.88394,75
-469649.88407,77
-469346.88418,73
-468921.38433,74
-468601.8853,78
-468464.3854,75
-468001.38564,77
-467765.88564,72
-467577.3851,76
-467251.3852,76
-466808.3852,80
-466653.8852,77
-466220.38555,77
-465968.38557,73
-465616.38554,75
-465316.88585,80
-465139.38591,78
-464806.88618,74
-464179.88631,81
-463877.3864,77
-463625.38703,79
-463237.38703,80
-462933.38708,78
-462264.88725,85
-461408.88733,92
-461055.38753,79
-460900.38759,79
-460559.38759,78
-460279.88769,79
-459897.88783,75
-459749.88783,74
-459325.88797,76
-458902.88848,60
-458584.88848,77
-458446.88848,74
-458035.38852,72
-457928.88852,74
-457667.8888,78
-457213.88919,76
-456920.88912,75
-456814.38936,76.4179077148
-456652.10431,67
-455935.60451,72
-455814.60451,71
-455360.60485,68
-455143.10472,69
-454787.60472,73
-454637.60496,66
-454235.60496,67
-454070.10572,68
-453497.6057,68
-453187.60576,67
-453117.6057,69
-452585.60582,62
-452500.10575,64
-452167.60605,70
-451878.60582,70
-451672.10642,67
-451362.11073,73
-451072.10708,63
-450495.60705,66
-450433.60705,60
-450082.60737,66
-449849.10694,71
-449329.6071,78
-449119.1071,67
-448977.10701,69
-448586.6071,69
-448359.11538,67
-447795.61124,67
-447482.60921,69
-447400.60921,69
-446956.1082,62
-446672.60822,69
-446470.60832,67
-446094.60832,73
-445735.10842,86
-445083.10869,93
-444757.10991,72
-444339.61191,68
-444150.61204,71
-443744.11206,67
-396237.18204,66
-396123.63513,58
-395840.14563,70
-395583.64552,60
-394770.10012,62
-391732.05734,68
-391527.76869,61
-391335.76874,70
-390602.14417,87
-390359.14409,75
-390133.01905,73
-389777.51919,75
-389607.01931,73
-389194.51939,81
-388837.02146,71
-388432.01984,70
-388368.51984,72
-388086.40998,98
-388014.34778,72
-387605.34802,85
-356703.66603,90
-356687.2914,70
-356632.29156,71.7757034302
-356537.06175,77
-355986.5612,76
-355731.56098,69
-355529.5612,77
-355270.44795,81
-355108.38586,70
-355037.88607,73
-354864.72181,86
-354639.15941,71
-354512.11992,84
-354509.11992,83
-354501.11995,83
-354499.11992,78
-354495.11995,72
-354396.48741,71
-353935.48839,79
-353612.4883,69
-353324.88309,89
-353293.32096,80
-353031.32084,73
-352881.8208,67
-352473.82077,58
-303982.28413,82
-303768.28395,84
-303767.28395,84.1650161743
-303195.6045,77
-302927.10473,82
-302762.60545,80
-302535.60481,74
-302280.60491,73
-301845.60501,76
-301507.10661,76
-301211.6067,74
-301010.606,72
-300669.10587,81
-300245.60587,82
-300108.10616,79
-299840.6064,82
-299545.60662,81
-299245.60701,84
-298793.60695,79
-298550.60702,73
-298179.10781,73
-297912.60784,79
-297530.98265,72
-297394.98276,73
-296939.85789,82
-296708.3579,75
-296430.35786,73
-296082.35781,77
-295892.85775,103
-295658.35792,78
-295129.85783,75
-294891.85808,76
-294585.85816,70
-294194.35816,76
-294032.85796,64
-293690.35835,71
-293389.35859,76
-293121.85863,70
-292866.85918,73
-292670.85936,76
-291931.35958,87
-291609.23491,85
-291367.73497,74
-290891.98547,79
-290760.98547,81
-290467.23485,78
-290254.73479,83
-289896.54972,74
-289417.54974,77
-289297.04975,77
-288983.55004,81
-288330.92604,77
-287895.80095,78
-287750.30095,80
-287427.10202,87
-287055.60202,83
-286687.60148,76
-286460.60005,86
-286265.60005,96
-285814.97505,82
-285661.97392,77
-285275.47506,85
-284889.34952,81
-284804.34981,81
-284383.35046,76
-283985.35105,83
-283507.63223,79
-283134.63461,70
-283002.13521,80
-282786.97869,120
-281797.74504,86
-281298.74482,83
-280125.57368,80
-280037.57368,80
-279724.07366,83
-279471.07431,85
-279027.57435,86
-278604.57449,88
-278358.07432,81
-278158.57444,86
-277702.57436,88
-277568.57717,57
-277146.5749,79
-277006.07505,94
-276759.08809,101
-276289.57472,94
-275797.57468,88
-274917.5753,83
-274470.16462,80
-274285.16181,74
-273868.1618,80
-273620.16166,82
-273355.16394,85
-273252.16397,85.3359680176
-273052.9673,74
-272634.96703,86
-272494.9674,84
-272244.96681,87
-271839.46751,82
-271544.96773,81
-271350.46784,79
-271083.4679,78
-270214.48809,105
-270069.98809,91
-269651.48824,81
-269468.98829,81
-269271.49006,76
-268780.98886,79
-268553.99058,78
-268211.98896,75
-267961.48959,73
-267515.48974,74
-267198.48986,73
-267126.98978,73
-266833.49042,69
-266581.99065,71
-266184.49125,72
-265717.99122,73
-265482.49147,77
-265088.4919,63
-265022.99205,65
-264520.4919,69
-264415.9919,69
-264061.49181,65
-263680.99137,68
-263540.99137,68
-262998.99116,79
-262784.99116,70
-262496.49221,72
-262101.49135,65
-261841.99134,70
-261659.99134,67
-261315.49146,70
-261044.49168,68
-260654.30524,72
-260529.30526,70
-260092.80559,67
-259944.30556,71
-259434.80726,73
-259149.80695,66
-258960.30689,67.0742340088
-258821.56137,67
-258609.56134,68
-258461.5616,65
-258015.56153,68
-257787.56186,69
-257427.06213,76
-257184.5622,70
-256787.06237,68
-256463.06247,68
-256218.5624,68
-255965.06297,68
-255768.56302,65
-255442.56312,69
-255090.5634,60
-254673.0635,73
-254328.56357,71
-254265.56357,68
-253778.06441,69
-253413.06441,72
-253291.06437,65
-252823.06502,66
-252565.06531,67
-252224.06554,69
-251934.06585,92
-251488.56453,71
-215144.61788,94.2331314087
-215053.43411,92
-214894.43407,88
-214419.43333,105
-214262.43337,95
-214025.93337,92
-213698.93343,95
-213228.93559,95
-212915.93372,92
-212772.43373,95
-212472.43384,96
-212111.93404,95
-211817.43402,93
-211503.9339,89
-211292.43379,89
-210845.43405,92
-210533.93405,92
-210467.93405,94
-210007.93404,89
-209753.93419,92
-209299.93425,90
-209102.43429,92
-208950.4342,101
-208499.43429,94
-207945.93509,86
-207547.93573,95
-207297.9352,93
-207118.4352,98
-206688.93551,98
-206305.9359,104
-206186.93587,93
-205840.93597,100
-205574.43622,83
-205103.43639,86
-204947.43643,86
-204778.43637,88
-203791.43802,97
-203411.93889,90.8875732422
-203294.15767,79
-203086.15767,74
-202686.15851,74
-202457.15894,76
-202212.66555,78
-201864.16105,73
-201757.16105,79
-201277.16064,81
-201024.66054,78
-200866.16054,81
-200444.16082,94
-200145.16167,85
-199854.66202,91
-199439.66147,84
-199331.16155,80
-198854.16172,73
-198522.16214,74
-198337.16201,73
-197939.66227,75
-197650.66215,76
-197388.16153,81
-197051.16139,74
-196907.66139,75
-196607.16157,83
-196171.6626,73
-195994.6626,76
-195681.16184,76
-195232.162,76
-194908.66194,74
-194673.66183,77
-194357.16166,75
-194261.66126,73
-193709.66152,73
-193461.66152,75
-192907.16171,68
-192191.66168,83
-192109.16193,69
-191845.66343,72
-191472.16265,76
-191225.16238,77
-190791.6622,78
-190440.16219,79
-190106.16265,77
-190009.16265,67
-189658.66251,82
-189227.46442,85
-188694.96636,80
-188287.96629,87
-188218.96629,89
-188184.96629,86.2948608398
-187730.21662,84
-187404.71858,85
-187305.71858,84
-187044.7177,84
-186596.21736,82
-186317.71749,72
-185987.21746,80
-185795.71775,86
-185514.2179,86
-185010.72375,73
-184839.22124,81
-184437.71865,67
-184357.71871,91
-184024.71766,83
-183657.71845,104
-183223.71787,105
-182708.7182,84
-182584.7182,82
-182004.21924,91
-181897.71928,94
-181487.7189,90
-181242.21933,90
-180802.7189,89
-180537.71916,84
-180228.21913,84
-179952.71919,83
-179824.21918,86
-179305.21915,89
-179170.2192,85
-178962.21893,86
-178409.21919,89
-178309.71919,88
-177838.21893,89
-177716.71879,89
-177214.21869,79
-177134.21796,79
-176741.71865,86
-176519.22189,88
-176011.09616,86
-175936.59682,84
-175572.09658,85
-175293.47195,87
-174924.97368,83
-174595.27076,87
-174319.27069,86
-174153.27069,81
-173843.77112,82
-173383.07533,86
-173278.57516,86
-172687.07553,89
-162993.96122,73
-162521.96107,80
-162443.46123,68
-161970.46054,83
-137751.28825,75
-135745.1849,77.1859283447
-135661.50167,74
-135262.00148,72
-135119.5015,75
-134755.5019,77
-134457.00199,79
-134170.00193,75
-133831.50533,73
-133549.50493,82
-133317.50278,74
-132891.00254,75
-132554.0028,82
-132260.50296,79
-132022.50405,78
-126147.11898,131
-125665.8583,78
-124865.36082,57
-124533.85844,81
-124471.35763,94
-124244.54519,118
-124069.75268,76
-123885.25272,82
-123601.27207,132
-123593.27207,132
-123589.27207,158
-123511.2721,145
-123509.2721,147
-123501.27207,146
-123497.27207,145
-123493.27207,143
-123489.27207,142
-123481.2721,136
-123476.27207,130
-123472.27207,127
-123469.27207,125
-123465.2721,124
-123460.27207,127
-123451.2721,129
-123448.2721,129
-123445.2721,128
-123440.27207,128
-123434.27207,126
-123426.27207,127
-123422.2721,125
-123420.27207,126
-123412.27207,124
-123410.27207,125
-123401.27207,122
-123396.2721,117
-123392.27207,117
-123063.0226,52
-122735.02265,89
-122511.52289,94
-122353.52277,97
-122054.32353,95
-121763.32399,92
-121238.82387,87
-120993.82854,87
-120659.3245,95
-120597.32444,91
-120060.32437,137
-119977.32435,92
-119532.32537,94
-119281.82456,92
-118882.32577,85
-118626.32498,87
-118362.82541,87
-118029.32497,91
-117890.825,81
-117615.82536,104
-117207.32537,91
-116895.32531,88
-115625.82636,91
-115351.82656,72
-115013.82638,96
-114631.32675,92
-114326.82689,107
-114073.82683,106
-113948.3272,82
-113702.71551,85.8100585938
-113613.0204,83
-113287.02053,80
-112827.52047,89
-112644.02042,93
-112228.52027,89
-112077.02028,91
-111760.02085,90
-111466.5201,89
-111198.02021,88
-110962.02002,92
-110534.89501,91
-110144.89687,87
-109849.27214,85
-109726.2722,88
-109280.77204,92
-109183.27204,90
-107790.77346,103
-107359.7734,98
-106412.27387,102
-106095.7739,99
-105692.77432,98
-105569.77428,98
-105158.27667,94
-104673.27486,100
-104276.77507,90
-104080.27507,101
-102810.77559,125
-102496.27537,94
-102302.77567,85
-101937.27115,92
-101636.77226,95
-101347.7709,81
-100936.27113,127
-100817.77104,96
-100341.77157,94
-99998.27143,110
-99516.27156,87
-99243.2717199,83.0270233154
-99152.0882001,85
-98820.0885401,84
-98502.08834,84
-98228.08868,89
-97833.08851,80
-97666.5901799,82
-97328.09149,80
-97158.59149,80
-96659.0915301,94
-96427.0934,73
-96303.0933101,82
-94925.09588,77
-94802.59582,78
-94269.5964999,72
-94126.59691,74
-93628.5973699,79
-93427.09777,82
-93298.59777,75
-92778.5987501,74
-92468.09922,78
-92244.5996699,79
-91584.09817,76
-91491.09817,79
-48439.23491,69
-47870.7142301,89
-47471.7141199,83
-47227.2144001,88
-46777.7151599,95.4037246704
-46777.7151599,91
-46666.5197501,88
-46216.0197501,83
-45959.01986,85
-45813.01986,85
-45520.01986,85
-45108.5211799,86
-44818.52054,85
-44499.52036,86
-44308.5204799,84
-44002.0204101,82
-43654.02075,83
-43369.52068,79
-42917.5204999,78
-42666.5204999,86
-42340.5199499,86
-42145.0199499,83
-41952.52052,81
-41591.52092,70
-41119.0208299,72
-41002.0208299,74
-40483.52127,79
-40305.0213301,83
-39987.5213101,84
-39596.6544399,151
-39592.6544399,150
-39589.6544099,153
-39576.6544399,158
-39571.6544399,161
-39567.6544099,161
-39562.6544099,156
-39560.6544099,155
-39552.6661301,146
-39550.6661301,147
-39542.6661301,145
-39540.6661301,144
-39534.6661301,129
-39526.6661301,129
-39525.6661601,128
-39520.6661301,125
-39512.6661301,119
-39510.6661301,119
-39505.6661301,118
-39496.6661601,113
-39491.6661301,113
-39486.6661301,113
-39483.6661301,110
-39477.6661601,106
-39475.6661301,105
-39466.6661301,97
-39462.6661601,97
-39460.6661301,98
-39455.6661301,99
-39449.6661301,101
-39444.6661301,103
-39436.6661301,96
-39434.6661601,97
-39430.6661301,98
-39421.6661601,100
-39416.6661601,97
-39413.6661301,97
-39406.6661301,90
-39401.6661301,90
-39397.6661301,90
-39391.6661301,92
-39386.6661301,90
-39385.6661301,90
-39380.6661301,91
-39371.6661301,91
-39366.6661601,90
-39365.6661301,91
-39358.6661301,99
-39351.6661301,96
-39349.6661601,96
-39341.6661301,89
-39340.6661301,88
-39331.6661301,84
-39329.6661301,85
-39324.6661601,84
-39317.6661301,84
-39313.6661601,86
-39310.6661301,85
-39301.6661301,86
-39300.6661301,87
-39292.6661301,86
-39290.6661601,87
-39281.6661301,87
-39278.6661301,86
-39272.6661301,86
-39266.6661601,86
-39263.6661301,87
-39260.6661301,87
-39254.6661601,87
-39246.6661601,93
-39241.6661601,89
-39238.6661301,89
-39234.6661301,92
-39226.6661601,87
-39222.6661601,85
-39216.6661301,83
-39211.6661601,83
-39210.6661301,83
-39205.6661301,84
-39197.6661301,89
-39194.6661301,89
-39190.6661301,91
-39185.6661301,96
-39180.6661301,95
-39171.6661301,101
-39166.6661301,94
-39161.6661301,92
-39157.6661601,94
-39155.6661301,94
-39149.6661601,92
-39141.6661601,90
-39139.6661601,90
-39131.6661301,93
-39127.6661301,92
-39121.6661301,89
-39117.6661301,87
-39114.6661301,88
-39109.6661301,87
-39101.6661301,91
-39096.6661301,89
-39091.6661601,89
-39087.6661301,89
-39084.6661301,90
-39079.6661601,89
-39027.82268,87
-38832.32391,85
-38582.82391,81
-38360.32373,82
-37832.3238299,86
-37640.8238299,70
-37181.82425,69
-36923.3243501,76
-36766.8243501,81
-36287.3248601,74
-36179.32498,78
-35750.6373301,81
-35493.1396899,69
-35288.6377299,68
-34946.6380401,73
-34564.6379399,79
-34194.02825,100
-34048.96613,81
-33632.9660699,81
-33306.96627,73
-33182.9662499,72
-32743.9663501,78
-32508.2835,78
-32315.7793801,78
-31777.27932,73
-31702.2793901,73
-31396.27933,70
-31084.2795899,73
-30572.2795899,80
-30502.77953,75
-30216.77953,77
-29962.28139,81
-29462.7339101,124
-29294.9454801,110
-29250.3832901,94
-28201.8838401,92
-27798.8843501,100
-27006.3847699,71
-26931.8847699,72
-26524.38484,78
-25914.8852,75
-25259.6821401,97
-25256.6821101,93
-25254.6821101,93
-25237.6821101,92
-25230.6821101,84
-25226.6821101,82
-25224.6821101,82
-25215.6821101,81
-25210.6821101,81
-25209.6821101,81
-25204.6821101,82
-25195.6821101,83
-25194.6821101,86
-25119.68138,88
-3989.94421005,68
-3625.21500993,64
-3560.71500993,64
-3077.71366,73
-2946.21374989,77
-2620.51091003,70
-2108.51007009,71
-1855.01021004,69
-1683.14665008,86
-1668.14662004,92
-1664.14665008,93
-1662.14662004,92
-1656.14662004,95
-1651.14662004,94
-1646.14665008,94
-1639.14665008,95
-1633.14662004,92
-1631.14665008,93
-1627.14665008,93
-1618.14665008,94
-1616.14662004,92
-1608.14589,86
-1604.14589,88
-1602.14589,88
-1597.14589,86
-1592.14592004,84
-1584.14589,81
-1582.14592004,81
-1576.14589,79
-1569.14592004,78
-1565.14589,77
-1562.14589,79
-1557.14589,83
-1548.14589,93
-1543.14589,89
-1541.14592004,86
-1534.14589,80
-1528.14589,80
-1527.14589,80
-1522.14592004,81
-1516.14589,85
-1509.14589,87
-1507.14589,87
-1501.14589,90
-1493.14589,93
-1488.14589,93
-1487.14589,93
-1479.14589,93
-1473.14592004,87
-1472.14589,86
-1467.14589,87
-1462.14589,90
-1457.14589,91
-1448.14589,92
-1444.14592004,93
-1442.14589,92
-1437.14592004,92
-1430.14592004,94
-1411.14589,96
-1403.14589,95
-1400.14589,96
-1397.14592004,95
-1391.14589,97
-1383.14592004,94
-1379.14589,91
-1373.14592004,84
-1372.14589,84
-1363.14589,79
-1358.14592004,77
-1355.14589,76
-1352.14589,76
-1345.14592004,72
-1341.14589,71
-1335.14589,68
-1332.14589,67
-1325.14589,65
-1322.14592004,65
-1314.14589,64
-1311.14592004,66
-1303.14589,64
-1298.14589,64
-1296.14592004,64
-1292.14589,64
-1287.14592004,67
-1282.14589,73
-1277.14592004,81
-1269.14592004,80
-1263.14589,78
-1258.14589,74
-1257.14592004,74
-1248.14592004,82
-1246.14592004,82
-1242.14592004,82
-1237.14589,81
-1228.14592004,75
-1223.14589,73
-1218.14589,72
-1215.14592004,70
-1210.14589,68
-1204.14589,68
-1198.14589,69
-1197.14589,68
-1192.14592004,70
-1187.14589,72
-1178.14589,76
-1173.14592004,74
-1169.14589,72
-1166.14592004,72
-1162.14589,70
-1157.14589,72
-1148.14589,77
-1147.14589,77
-1138.14592004,82
-1135.14592004,83
-1128.14592004,79
-1123.14589,77
-1121.14589,76
-1114.14589,75
-1108.14589,72
-1106.14592004,71
-1102.14592004,71
-1096.14589,73
-1091.14589,73
-1085.14589,69
-1079.14592004,67
-1073.14589,65
-1068.14589,64
-1063.14589,63
-1062.14592004,63
-1053.14589,67
-1052.14589,67
-1043.14589,70
-1038.14592004,69
-1036.14589,68
-1028.14592004,66
-1023.14589,65
-1022.14589,65
-1014.14589,64
-1012.14589,64
-1007.14589,68
-998.145889997,77
-995.145889997,77
-988.145920038,73
-985.145920038,71
-978.145889997,70
-973.145889997,70
-972.145889997,70
-967.145889997,70
-962.145889997,71
-957.145920038,69
-949.145920038,67
-943.145889997,66
-942.145920038,66
-933.145889997,65
-928.145889997,66
-927.145889997,66
-922.145920038,66
-913.145920038,64
-912.145889997,64
-903.145920038,63
-898.145889997,64
-897.145889997,64
-892.145920038,66
-886.145920038,67
-878.145889997,66
-876.145889997,66
-871.145889997,67
-863.145889997,65
-859.145889997,65
-857.145889997,65
-850.145889997,70
-846.145889997,69
-842.145889997,66
-833.145889997,60
-828.145889997,59
-825.145889997,59
-819.145920038,61
-814.145889997,61
-811.145920038,61
-807.145889997,63
-800.145889997,66
-797.145889997,67
-788.145920038,75
-783.145889997,79
-781.145889997,78
-776.145889997,75
-772.145889997,78
-763.145889997,83
-758.145920038,81
-753.145889997,81
-752.145920038,81
-743.145920038,76
-741.145889997,75
-737.145920038,75
-731.145889997,78
-727.145889997,79
-718.145920038,80
-714.145920038,81
-712.145920038,80
-703.145889997,73
-698.145889997,71
-695.145920038,72
-688.145920038,70
-687.145889997,71
-678.145889997,68
-675.145889997,68
-671.145889997,69
-663.145889997,66
-660.145920038,66
-656.145920038,66
-652.145889997,67
-643.145920038,69
-639.145889997,69
-635.145889997,68
-628.145889997,69
-627.145889997,68
-618.145920038,68
-613.145920038,68
-609.145920038,68
-607.145889997,68
-602.145889997,69
-593.145889997,78
-589.145889997,78
-587.145889997,77
-578.145889997,71
-573.145889997,71
-572.145920038,71
-564.145889997,75
-562.145920038,74
-553.145920038,70
-548.145889997,68
-546.145889997,68
-541.145889997,68
-533.145889997,68
-528.145920038,68
-527.145920038,69
-521.145920038,68
-517.145889997,68
-508.145920038,65
-503.145889997,65
-502.145920038,65
-495.145889997,68
-488.145889997,72
-487.145889997,72
-478.145920038,75
-476.145889997,74
-472.145920038,75
-466.145920038,76
-458.145889997,70
-453.145889997,69
-448.145889997,67
-446.145889997,67
-441.145889997,73
-433.145920038,72
-428.145920038,71
-427.145889997,71
-421.145889997,68
-417.145920038,72
-412.145889997,81
-403.145889997,77
-400.145889997,77
-397.145889997,78
-388.145889997,79
-383.145920038,80
-381.145889997,80
-377.145920038,77
-368.145889997,72
-366.145889997,73
-358.145889997,75
-355.145920038,75
-352.145889997,74
-343.145889997,70
-339.145889997,70
-337.145889997,70
-332.145889997,70
-323.145889997,74
-320.145920038,74
-317.145920038,73
-309.145889997,69
-307.145889997,69
-299.145889997,66
-294.145889997,65
-288.145889997,64
-285.145920038,65
-282.145889997,65
-273.145920038,71
-272.145920038,72
-266.145920038,79
-258.145889997,79
-256.145889997,80
-249.145920038,71
-243.145920038,68
-238.145920038,65
-235.145889997,65
-228.145889997,63
-226.145889997,63
-222.145920038,65
-213.145889997,63
-211.145889997,62
-203.145889997,61
-198.145889997,61
-194.145920038,61
-188.145889997,60
-183.145889997,60
-181.145889997,60
-176.145889997,61
-168.145889997,64
-163.145889997,64
-162.145889997,64
-156.145889997,63
-151.145889997,62
-143.145920038,60
-138.145889997,59
-135.145889997,60
-132.145920038,60
-127.145920038,61
-122.145889997,62
-116.145889997,65
-108.145920038,62
-103.145889997,61
-102.145889997,61
-94.1458899975,60
-89.1458899975,60
-83.1458899975,61
-78.1458899975,63
-77.1459200382,63
-72.1458899975,64
-63.1458899975,58
-58.1458899975,57
-53.1458899975,57
-52.1458899975,58
-43.1458899975,67
-38.1459200382,67
-33.1459200382,67
-29.1459200382,66
-23.1458899975,64
-20.1458899975,64
-17.1458899975,64
-12.1458899975,64
-7.14588999748,66
-1.14588999748,71
6.85407996178,75
10.8541100025,75
12.8540799618,75
21.8541100025,78
22.8541100025,78
27.8541100025,76
32.8540799618,74
41.8541100025,75
46.8540799618,72
51.8541100025,70
52.8541100025,70
61.8541100025,71
62.8540799618,71
68.8541100025,75
76.8541100025,76
77.8540799618,76
84.8541100025,77
87.8540799618,75
96.8541100025,67
101.854110003,64
106.854079962,63
110.854110003,63
112.854079962,64
119.854110003,62
123.854110003,63
131.854110003,63
132.854110003,62
139.854079962,62
142.854110003,62
148.854079962,61
152.854110003,62
161.854079962,63
162.854079962,63
171.854079962,66
175.854110003,66
177.854079962,67
182.854110003,65
191.854110003,62
193.854079962,63
201.854110003,65
205.854110003,65
210.854079962,64
215.854110003,64
217.854110003,64
226.854079962,62
231.854110003,62
236.854110003,62
237.854110003,62
246.854079962,65
247.854110003,65
256.854110003,65
258.854079962,65
266.854079962,62
267.854079962,62
275.854110003,60
278.854110003,60
284.854110003,59
289.854110003,59
295.854079962,59
297.854110003,59
302.854079962,61
311.854110003,63
315.854079962,64
321.854110003,64
322.854079962,64
329.854110003,64
332.854110003,64
341.854110003,62
342.854110003,62
351.854110003,60
352.854079962,59
361.854079962,57
366.854110003,57
369.854110003,57
375.854079962,57
377.854079962,57
384.854079962,57
391.854110003,57
392.854110003,57
401.854110003,59
405.854110003,59
407.854110003,59
414.854110003,59
421.854110003,58
426.854079962,57
430.854110003,58
432.854110003,58
438.854079962,58
443.854110003,58
448.854110003,57
455.854110003,56
460.854110003,56
466.854110003,58
468.854110003,58
473.854110003,57
477.854110003,59
485.854110003,62
490.854079962,60
496.854079962,59
501.854110003,59
502.854110003,59
507.854110003,60
513.854110003,59
517.854079962,59
523.854079962,59
529.854079962,59
534.854110003,60
540.854110003,60
542.854110003,60
549.854110003,59
556.854110003,59
557.854110003,59
563.854079962,59
569.854110003,60
576.854110003,61
580.854110003,60
586.854079962,60
588.854079962,59
592.854110003,60
601.854079962,62
602.854110003,62
609.854079962,61
616.854079962,60
620.854110003,61
622.854110003,60
628.854110003,60
632.854110003,59
641.854079962,57
642.854079962,58
647.854110003,59
656.854110003,62
657.854079962,62
665.854110003,62
671.854079962,61
676.854110003,60
677.854079962,60
685.854079962,61
687.854079962,61
696.854110003,59
698.854079962,59
705.854079962,60
711.854079962,60
714.854079962,59
717.854079962,59
725.854110003,59
730.854110003,59
736.854110003,59
738.854110003,60
743.854079962,60
748.854079962,60
755.854079962,59
757.854110003,59
766.854110003,58
769.854110003,58
773.854079962,59
778.854110003,59
783.854110003,59
787.854110003,59
793.854110003,61
801.854079962,63
802.854110003,62
808.854110003,61
814.854110003,63
821.854079962,63
822.854079962,63
828.854110003,62
836.854079962,62
838.854110003,62
843.854110003,64
850.854110003,62
855.854110003,61
861.854079962,61
866.854110003,60
871.854110003,60
872.854110003,61
877.854110003,61
885.854079962,63
891.854110003,62
892.854079962,62
901.854110003,61
904.854110003,60
911.854079962,59
914.854110003,60
918.854110003,60
922.854079962,61
928.854110003,61
934.854079962,61
941.854110003,61
946.854110003,60
947.854110003,61
954.854110003,62
957.854110003,62
965.854110003,61
970.854110003,61
973.854110003,61
977.854079962,62
986.854110003,62
989.854110003,62
995.854110003,62
999.854110003,62
1002.85407996,62
1011.85407996,60
1016.85407996,60
1019.85407996,60
1025.85411,61
1031.85407996,62
1035.85411,62
1039.85411,62
1042.85407996,63
1048.85411,63
1052.85411,62
1060.85411,62
1062.85407996,61
1071.85411,60
1072.85411,60
1080.85411,60
1083.85411,62
1091.85407996,63
1096.85407996,63
1099.85411,62
1106.85411,61
1109.85411,61
1114.85411,62
1121.85411,64
1123.85407996,64
1127.85411,63
1132.85411,62
1140.85411,63
1142.85411,63
1147.85411,62
1154.85411,62
1160.85407996,62
1166.85411,63
1167.85411,63
1176.85407996,64
1177.85411,64
1183.85407996,64
1187.85407996,64
1196.85411,62
1199.85407996,62
1206.85411,63
1208.85411,63
1216.85407996,64
1221.85407996,64
1226.85411,64
1227.85411,64
1234.85407996,64
1237.85407996,64
1244.85411,66
1251.85407996,65
1254.85411,64
1259.85411,65
1262.85411,66
1267.85407996,66
1276.85411,64
1281.85407996,64
1284.85411,64
1289.85407996,65
1296.85407996,65
1299.85411,65
1306.85411,65
1309.85407996,65
1312.85407996,66
1320.85411,64
1325.85407996,64
1327.85411,64
1333.85407996,64
1338.85411,66
1346.85411,65
1349.85411,64
1356.85411,64
1359.85411,64
1363.85411,64
1368.85411,65
1374.85411,65
1377.85407996,65
1385.85407996,65
1391.85411,65
1394.85411,65
1397.85411,65
1405.85411,65
1407.85411,65
1413.85407996,65
1419.85407996,65
1422.85411,65
1428.85411,65
1434.85411,65
1437.85411,65
1446.85411,64
1451.85411,64
1453.85411,64
1457.85411,65
1463.85407996,65
1468.85411,66
1474.85407996,65
1477.85407996,65
1482.85411,65
1491.85411,64
1495.85411,64
1499.85411,65
1506.85411,66
1507.85411,66
1513.85411,65
1521.85411,66
1525.85411,66
1529.85407996,67
1533.85411,67
1541.85407996,66
1545.85411,66
1551.85407996,66
1554.85407996,66
1558.85411,66
1565.85411,66
1570.85411,66
1572.85407996,67
1577.85411,67
1586.85411,66
1587.85407996,66
1594.85411,65
1598.85411,65
1605.85411,65
1609.85411,66
1614.85407996,65
1617.85411,65
1625.85411,65
1631.85407996,65
1633.85407996,65
1637.85411,66
1642.85411,67
1649.85411,65
1653.85407996,67
1661.85407996,67
1665.85411,67
1670.85411,65
1674.85411,65
1679.85411,65
1683.85411,65
1690.85407996,65
1696.85411,66
1697.85407996,66
1702.85411,68
1711.85411,83
1716.85407996,88
1721.85411,90
1722.85411,89
1727.85411,81
1736.85411,70
1741.85411,67
1746.85411,66
1751.85411,65
1756.85411,66
1757.85411,66
1765.85411,65
1770.85407996,65
1776.85407996,64
1779.85411,65
1784.85407996,65
1790.85407996,64
1792.85411,65
1799.85411,64
1806.85411,65
1807.85407996,65
1812.85411,65
1820.85411,63
1826.85407996,63
1828.85411,63
1833.85411,64
1840.85411,66
1845.85407996,66
1849.85411,67
1852.85411,67
1857.85407996,66
1865.85411,64
1870.85411,64
1875.85407996,66
1878.85411,66
1886.85411,63
1889.85411,64
1892.85411,64
1898.84782004,64
1905.84779,64
1907.84779,64
1912.84782004,64
1920.84782004,62
1926.84782004,64
1927.84779,64
1933.84782004,63
1941.84779,64
1944.84779,64
1947.84782004,64
1955.84782004,64
1957.84779,64
1965.84779,65
1971.84779,66
1972.84782004,65
1981.84782004,64
1985.84779,65
1987.84782004,64
1996.84779,64
1997.84782004,64
2006.84782004,65
2007.84782004,65
2014.84779,65
2019.84782004,65
2022.84779,65
2031.84782004,64
2035.84779,65
2038.84782004,65
2044.84779,64
2048.84779,65
2055.84782004,64
2061.84782004,65
2064.84782004,65
2067.84782004,65
2072.84779,65
2081.84779,66
2085.84782004,66
2091.84779,65
2095.84779,65
2101.84782004,63
2106.84782004,64
2108.84779,64
2114.84782004,65
2117.84779,66
2122.84782004,67
2127.84779,66
2136.84782004,64
2139.84782004,64
2143.84779,65
2150.84782004,65
2156.84779,65
2161.84782004,65
2163.84782004,65
2170.84782004,65
2175.84779,65
2178.84782004,66
2182.84782004,65
2189.84779,64
2196.84782004,64
2197.84782004,64
2205.84782004,64
2208.84782004,64
2214.84779,65
2218.84782004,65
2224.84779,66
2228.84779,65
2233.84782004,65
2241.84779,62
2245.84782004,62
2248.84782004,62
2252.84779,62
2260.84779,60
2264.84779,61
2267.84782004,63
2276.84782004,62
2280.84782004,62
2285.84782004,63
2291.84779,63
2292.84782004,63
2298.84782004,64
2305.84779,64
2310.84782004,65
2312.84779,64
2321.84782004,64
2322.84779,65
2330.84779,65
2336.84779,64
2339.84779,64
2343.84779,65
2350.84779,65
2356.84779,65
2360.84782004,66
2363.84782004,66
2370.84782004,65
2373.84782004,65
2377.84782004,65
2382.84782004,64
2391.84782004,64
2392.84782004,64
2401.84782004,62
2406.84782004,63
2410.84782004,64
2416.84779,64
2418.84782004,64
2422.84779,64
2430.84782004,62
2433.84782004,62
2439.84782004,64
2446.84782004,65
2447.84779,65
2452.84782004,65
2461.84782004,63
2466.84782004,64
2467.84782004,64
2475.84779,64
2479.84779,65
2482.84782004,65
2489.84779,65
2494.84782004,64
2499.84782004,64
2506.84782004,64
2511.84782004,64
2513.84782004,65
2518.84779,65
2526.84782004,64
2527.84782004,64
2535.84782004,64
2541.84779,64
2542.84782004,64
2551.84782004,63
2554.84779,63
2558.84782004,63
2566.84779,63
2567.84782004,63
2576.84782004,65
2577.84782004,64
2586.84782004,63
2589.84782004,64
2592.84782004,64
2601.84782004,66
2606.84782004,65
2608.84782004,66
2616.84782004,66
2618.84782004,65
2625.84782004,64
2631.84782004,64
2634.84782004,64
2639.84782004,64
2644.84782004,65
2650.84782004,66
2653.84782004,66
2657.84782004,66
2665.84782004,66
2671.84779,66
2675.84782004,66
2678.84779,66
2685.84782004,66
2687.84782004,66
2693.84782004,67
2697.84782004,67
2706.84782004,68
2707.84782004,68
2716.84782004,66
2719.84779,66
2725.84782004,66
2729.84782004,66
2732.84779,66
2738.84782004,65
2742.84782004,64
2750.84782004,65
2753.84779,65
2758.84782004,66
2765.84779,65
2767.84782004,65
2776.84782004,66
2779.84779,66
2783.84782004,66
2788.84782004,66
2794.84782004,65
2798.84779,65
2805.84782004,64
2810.84782004,65
2816.84782004,65
2820.84782004,65
2825.84782004,66
2831.84782004,65
2836.84779,65
2838.84779,65
2843.84782004,65
2850.84782004,65
2853.84782004,66
2861.84782004,66
2862.84779,67
2868.84779,67
2876.84782004,66
2879.84782004,65
2882.84779,66
2889.84779,65
2892.84782004,65
2901.84782004,62
2903.84782004,63
2907.84782004,63
2915.84782004,64
2919.84779,65
2923.84782004,64
2928.84782004,65
2935.84779,64
2941.84782004,64
2943.84779,64
2951.84779,64
2954.84779,64
2959.84782004,64
2962.84779,64
2971.84779,62
2974.84782004,63
2979.84779,63
2984.84779,63
2991.84782004,62
2994.84782004,63
3001.84782004,64
3006.84782004,64
3007.84779,64
3012.84782004,63
3021.84782004,61
3025.84782004,62
3027.84782004,63
3036.84782004,65
3038.84782004,64
3044.84782004,64
3049.84782004,65
3055.84779,64
3057.84779,65
3063.84782004,66
3067.84782004,67
3076.84782004,64
3078.84782004,64
3082.84779,64
3089.84782004,64
3092.84782004,64
3100.84779,63
3105.84782004,64
3107.84779,64
3115.84782004,64
3117.84782004,64
3124.84782004,65
3127.84779,65
3132.84782004,64
3139.84782004,63
3142.84782004,62
3150.84782004,64
3155.84782004,64
3160.84782004,64
3162.84779,65
3171.84782004,62
3176.84779,62
3180.84779,63
3184.84782004,64
3188.84779,64
3195.84782004,63
3198.84782004,63
3203.84779,62
3208.84779,64
3216.84782004,64
3217.84782004,64
3226.84782004,63
3229.84779,64
3232.84782004,64
3241.84779,60
3246.84782004,60
3250.84782004,60
3254.84779,61
3257.84779,63
3264.84782004,66
3267.84779,66
3276.84782004,81
3281.84782004,81
3283.84782004,80
3287.84779,78
3296.84782004,72
3298.84782004,73
3306.84782004,74
3307.84782004,73
3312.84779,72
3317.84782004,71
3326.84779,67
3328.84782004,68
3336.84779,65
3341.84782004,65
3346.84782004,65
3348.84779,65
3352.84782004,66
3357.84782004,66
3362.84782004,67
3369.84782004,66
3373.84779,67
3381.84782004,67
3386.84779,66
3389.84779,66
3395.84782004,67
3400.84779,68
3403.84782004,69
3408.84782004,69
3412.84779,68
3420.84782004,67
3426.84779,68
3429.84782004,68
3433.84779,69
3441.84782004,68
3442.84782004,68
3451.84782004,66
3456.84782004,65
3457.84782004,65
3466.84779,65
3471.84779,65
3472.84779,65
3477.84782004,66
3485.84782004,65
3491.84782004,65
3494.84782004,65
3499.84779,65
3502.84779,65
3507.84782004,67
3516.84782004,64
3518.84782004,64
3526.84779,64
3531.84782004,64
3536.84782004,64
3540.84782004,64
3543.84782004,64
3549.84782004,64
3555.84779,64
3558.84782004,65
3562.84782004,65
3571.84782004,63
3576.84782004,64
3579.84782004,63
3582.84782004,64
3587.84779,66
3596.84782004,62
3600.84782004,61
3606.84782004,64
3610.84782004,65
3613.84782004,66
3620.84779,67
3623.84782004,67
3627.84779,67
3636.84779,63
3640.84782004,64
3642.84779,63
3651.84779,64
3654.84779,64
3657.84782004,64
3666.84782004,63
3669.84782004,65
3672.84782004,64
3681.84782004,60
3686.84782004,59
3688.84779,59
3692.84779,61
3701.84782004,69
3706.84782004,72
3708.84782004,72
3715.84782004,72
3720.84782004,72
3722.84782004,72
3731.84782004,70
3734.84779,71
3737.84782004,71
3746.84782004,69
3750.84782004,68
3752.84779,68
3757.84782004,67
3762.84782004,66
3771.84779,64
3775.84782004,65
3777.84779,66
3785.84782004,70
3790.84782004,70
3792.84782004,69
3797.84779,68
3805.84779,66
3808.84782004,66
3812.84782004,65
3821.84779,62
3823.84782004,62
3830.84779,67
3836.84779,70
3837.84782004,70
3846.84779,73
3848.84779,72
3856.84782004,69
3859.84782004,68
3863.84779,67
3868.84782004,66
3876.84782004,64
3877.84782004,64
3882.84782004,66
3891.84782004,71
3893.84782004,71
3898.84779,73
3903.84779,71
3910.84782004,70
3912.84782004,71
3919.84782004,73
3923.84782004,73
3927.84779,71
3936.84782004,62
3941.84779,61
3946.84782004,61
3948.84782004,61
3952.84782004,64
3958.84782004,70
3966.84782004,76
3971.84779,75
3976.84782004,73
3977.84782004,72
3986.84782004,68
3991.84782004,66
3996.84782004,67
3997.84782004,67
4006.84779,78
4009.84782004,77
4012.84779,76
4021.84779,69
4026.84782004,70
4029.84782004,70
4032.84779,71
4039.84782004,72
4046.84782004,73
4049.84779,72
4052.84782004,73
4057.84782004,76
4066.84782004,81
4071.84779,81
4075.84782004,81
4077.84782004,81
4083.84782004,83
4091.84779,80
4094.84782004,80
4097.84782004,79
4105.84782004,76
4107.84782004,76
4116.84782004,69
4120.84782004,70
4126.84782004,77
4130.84779,76
4133.84782004,76
4141.84782004,79
4143.84782004,79
4148.84782004,78
4156.84782004,81
4161.84782004,81
4162.84782004,81
4170.84779,84
4172.84782004,83
4180.84779,83
4183.84779,82
4190.84782004,81
4192.84779,81
4197.84779,80
4206.84782004,78
4211.84782004,80
4216.84779,81
4219.84779,81
4226.84782004,78
4229.84782004,79
4232.84782004,78
4241.84779,72
4246.84782004,70
4248.84782004,71
4252.84782004,73
4261.84782004,82
4265.84779,81
4268.84779,80
4273.84782004,83
4281.84782004,78
4282.84782004,79
4291.84782004,84
4292.84782004,84
4301.84782004,92
4302.84779,92
4311.84779,76
4316.84782004,73
4321.84782004,70
4326.84782004,69
4328.84779,69
4335.84782004,69
4337.84782004,70
4346.84779,75
4350.84782004,75
4352.84779,74
4359.84779,70
4366.84782004,70
4367.84779,69
4375.84782004,68
4377.84782004,69
4386.84782004,75
4388.84782004,74
4396.84782004,70
4401.84782004,69
4404.84779,70
4411.84782004,72
4412.84782004,72
4419.84782004,70
4424.84782004,69
4428.84782004,68
4434.84782004,71
4441.84782004,73
4446.84782004,73
4447.84782004,74
4456.84782004,68
4459.84782004,69
4463.84779,70
4469.84782004,71
4476.84782004,71
4477.84782004,71
4482.84782004,72
4491.84782004,79
4495.84779,81
4498.84782004,81
4502.84779,80
4511.84779,75
4516.84782004,75
4521.84782004,75
4523.84782004,75
4528.84782004,76
4533.84782004,77
4541.84782004,71
4546.84782004,71
4549.84779,71
4555.84782004,71
4559.84782004,72
4562.84782004,72
4571.84779,76
4572.84782004,76
4580.84782004,78
4582.84779,78
4587.84782004,75
4596.84782004,70
4601.84782004,70
4606.84782004,70
4607.84782004,71
4614.84782004,72
4617.84779,73
4626.84782004,80
4631.84782004,80
4632.84782004,80
4641.84779,79
4646.84779,80
4651.84782004,80
4652.84782004,80
4657.84782004,79
4666.84782004,72
4671.84782004,72
4674.84782004,72
4681.84782004,75
4682.84782004,75
4691.84782004,69
4696.84779,69
4698.84782004,69
4706.84782004,70
4708.84779,70
4716.84779,71
4719.84782004,71
4722.84782004,73
4730.84782004,78
4735.84782004,80
4741.84782004,82
4744.84779,81
4751.84779,79
4754.84779,81
4757.84779,80
4762.84782004,77
4771.84782004,70
4776.84779,70
4779.84782004,71
4782.84779,72
4788.84782004,73
4794.84779,73
4797.84782004,71
4806.84779,67
4811.84782004,67
4812.84782004,68
4819.84782004,73
4825.84782004,73
4827.84782004,73
4836.84782004,75
4837.84782004,74
4842.84782004,72
4851.84782004,68
4856.84782004,69
4857.84779,70
4865.84782004,71
4869.84779,71
4874.84782004,71
4881.84779,74
4883.84782004,73
4891.84782004,68
4896.84779,68
4900.84782004,70
4903.84782004,71
4908.84782004,72
4912.84779,70
4921.84782004,65
4923.84782004,65
4931.84779,64
4932.84782004,65
4937.84782004,69
4944.84782004,71
4949.84782004,72
4952.84779,73
4957.84782004,70
4965.84782004,68
4967.84779,69
4972.84779,73
4981.84782004,82
4982.84782004,81
4991.84782004,67
4996.84782004,62
4998.84782004,63
5006.84779,61
5010.84782004,62
5012.84782004,63
5019.84779,64
5024.84782004,65
5027.84782004,64
5036.84782004,63
5039.84782004,64
5042.84782004,67
5051.84782004,74
5056.84779,72
5057.84782004,72
5066.84782004,73
5069.84779,73
5072.84782004,72
5077.84779,67
5086.84779,62
5091.84782004,64
5096.84782004,67
5098.84782004,67
5104.84779,65
5110.84782004,67
5114.84782004,66
5117.84782004,65
5126.84779,63
5131.84782004,64
5133.84779,64
5137.84782004,63
5146.84782004,70
5148.84782004,69
5155.84779,71
5159.84782004,71
5163.84779,71
5171.84782004,69
5172.84779,70
5181.84782004,67
5182.84779,68
5187.84782004,71
5196.84782004,66
5199.84782004,68
5206.84782004,70
5208.84782004,69
5216.84779,66
5219.84782004,67
5226.84782004,72
5227.84779,73
5236.84782004,74
5237.84782004,74
5243.84782004,80
5247.84782004,76
5256.84782004,65
5261.84779,63
5266.84782004,64
5271.84779,65
5272.84782004,65
5277.84782004,63
5283.84782004,62
5291.84782004,68
5296.84782004,68
5298.84782004,69
5304.84782004,70
5311.84779,66
5315.84782004,67
5318.84782004,69
5322.84779,69
5331.84782004,65
5336.84782004,68
5339.84782004,67
5346.84782004,72
5348.84782004,73
5352.84779,73
5358.84782004,74
5366.84782004,69
5370.84782004,68
5374.84779,67
5377.84779,69
5386.84782004,71
5389.84782004,71
5396.84782004,74
5397.84779,73
5404.84782004,71
5407.84779,73
5412.84782004,75
5419.84782004,75
5422.84782004,76
5431.84779,83
5436.84782004,80
5440.84782004,80
5446.84782004,81
5450.84779,80
5452.84782004,81
5461.84782004,90
5465.84782004,93
5467.84782004,93
5476.84782004,75
5481.84782004,71
5486.84782004,69
5487.84782004,69
5496.84782004,66
5501.84779,67
5506.84460998,69
5509.84460998,68
5514.84464002,68
5517.84464002,69
5524.84460998,70
5527.84460998,70
5534.84460998,69
5539.84464002,70
5542.84464002,72
5547.84464002,75
5554.84464002,80
5557.84460998,77
5566.84464002,67
5567.84460998,67
5576.84464002,61
5581.84464002,61
5584.84464002,61
5588.84464002,64
5596.84460998,68
5598.84464002,68
5605.84460998,71
5610.84464002,72
5614.84464002,71
5617.84460998,73
5622.84464002,75
5628.84464002,78
5636.84464002,82
5638.84464002,80
5643.84464002,78
5647.84464002,76
5656.84464002,70
5658.84460998,71
5666.84464002,73
5670.84464002,72
5672.84460998,73
5681.84464002,77
5686.84464002,75
5691.84460998,75
5692.84464002,76
5697.84464002,76
5706.84460998,72
5709.84460998,71
5713.84464002,71
5720.84464002,69
5724.84464002,68
5727.84464002,70
5735.84464002,73
5737.84464002,73
5744.84464002,77
5747.84460998,75
5756.84460998,69
5761.84464002,69
5762.84464002,69
5771.84464002,68
5772.84464002,68
5777.84464002,70
5782.84464002,72
5791.84464002,74
5796.84464002,72
5801.84464002,72
5806.84464002,72
5807.84460998,72
5812.84464002,73
5819.84464002,79
5826.84460998,70
5831.84460998,67
5836.84464002,65
5840.84464002,65
5846.84460998,63
5849.84464002,64
5852.84460998,65
5859.84460998,69
5866.84464002,76
5867.84464002,77
5876.84460998,67
5881.84460998,64
5886.84464002,64
5887.84464002,64
5895.84464002,69
5898.84464002,70
5906.84464002,72
5907.84464002,71
5914.84460998,68
5917.84460998,70
5926.84464002,81
5927.84464002,81
5936.84464002,70
5941.84464002,67
5942.84464002,66
5950.84464002,61
5956.84464002,59
5959.84460998,59
5964.84464002,59
5970.84460998,58
5974.84464002,57
5977.84464002,59
5986.84460998,65
5989.84464002,65
5996.84460998,62
6001.84464002,61
6006.84460998,61
6007.84460998,61
6014.84460998,61
6019.84460998,61
6026.84464002,66
6029.84464002,67
6036.84460998,68
6037.84460998,68
6042.84464002,68
6047.84460998,68
6056.84460998,63
6060.84464002,61
6064.84464002,61
6067.84460998,62
6076.84464002,65
6077.84464002,64
6083.84460998,69
6091.84464002,61
6096.84460998,59
6101.84460998,58
6104.84464002,58
6109.84464002,61
6116.84464002,65
6117.84464002,65
6122.84464002,68
6128.84464002,77
6136.84460998,69
6141.84464002,64
6142.84464002,63
6151.84464002,58
6156.84464002,57
6161.84460998,56
6162.84464002,56
6169.84460998,59
6176.84464002,62
6178.84464002,61
6186.84464002,65
6191.84464002,62
6194.84464002,62
6201.84464002,65
6204.84464002,65
6208.84464002,65
6212.84464002,65
6221.84464002,62
6226.84464002,64
6230.84460998,64
6233.84460998,64
6241.84460998,63
6242.84464002,63
6247.84460998,63
6256.84464002,60
6259.84460998,61
6262.84460998,61
6268.84464002,65
6272.84464002,66
6281.84464002,61
6286.84464002,61
6290.84464002,61
6293.84464002,61
6297.84464002,64
6303.84464002,71
6311.84460998,64
6314.84464002,61
6321.84460998,59
6325.84460998,59
6331.84460998,58
6333.84460998,58
6340.84460998,61
6346.84460998,62
6348.84464002,62
6355.84464002,60
6359.84464002,60
6362.84464002,61
6371.84464002,64
6373.84464002,64
6377.84464002,65
6382.84460998,67
6391.84464002,64
6392.84464002,64
6397.84464002,62
6405.84464002,60
6411.84464002,60
6412.84460998,60
6417.84464002,61
6422.84460998,63
6430.84460998,67
6432.84464002,67
6441.84464002,64
6443.84460998,65
6447.84464002,66
6455.84464002,65
6458.84464002,67
6465.84464002,66
6468.84464002,67
6473.84460998,66
6477.84464002,67
6483.84464002,66
6487.84460998,65
6494.84460998,63
6501.84464002,62
6505.84464002,63
6509.84460998,63
6512.84464002,63
6521.84464002,60
6525.84464002,60
6530.84464002,60
6536.84460998,60
6541.84460998,60
6542.84460998,60
6550.84460998,65
6555.84464002,64
6560.84464002,67
6566.84464002,65
6567.84464002,65
6576.84464002,63
6577.84460998,62
6586.84464002,59
6588.84464002,60
6592.84460998,61
6601.84464002,59
6606.84460998,58
6611.84464002,59
6614.84464002,59
6617.84464002,59
6626.84460998,64
6631.84460998,65
6634.84460998,66
6638.84460998,66
6646.84464002,63
6651.84464002,63
6654.84464002,63
6658.84460998,62
6662.84464002,62
6667.84464002,63
6673.84464002,63
6678.84464002,62
6685.84464002,60
6691.84464002,58
6696.84460998,58
6697.84464002,59
6706.84464002,62
6707.84464002,61
6712.84464002,62
6717.84460998,62
6726.84464002,57
6731.84464002,59
6732.84460998,59
6738.84464002,59
6745.84464002,63
6751.84464002,63
6752.84464002,63
6761.84464002,60
6762.84460998,60
6771.84464002,68
6772.84464002,68
6781.84464002,62
6786.84464002,62
6788.84464002,63
6793.84464002,65
6797.84464002,69
6802.84464002,75
6811.84464002,96
6815.84464002,97
6817.84464002,95
6826.84464002,75
6831.84460998,72
6836.84464002,68
6841.84464002,69
6842.84464002,69
6850.84464002,67
6852.84464002,67
6861.84464002,65
6862.84464002,65
6871.84464002,62
6876.84464002,62
6880.84464002,63
6886.84464002,64
6888.84464002,64
6895.84464002,65
6897.84464002,66
6905.84460998,66
6909.84464002,65
6916.84460998,65
6921.84464002,65
6925.84460998,65
6928.84460998,65
6936.84464002,65
6939.84460998,65
6943.84464002,66
6949.84460998,66
6952.84464002,66
6957.84460998,66
6966.84464002,66
6967.84464002,66
6972.84464002,66
6980.84464002,67
6983.84464002,68
6987.84464002,68
6993.84464002,67
6998.84460998,67
7002.84464002,67
7011.84464002,63
7014.84460998,63
7019.84464002,65
7026.84460998,66
7031.84460998,66
7036.84460998,66
7041.84464002,66
7044.84464002,65
7048.84464002,66
7052.84464002,65
7061.84464002,65
7063.84464002,66
7067.84464002,66
7072.84460998,67
7081.84464002,65
7083.84464002,66
7091.84464002,66
7092.84460998,66
7097.84464002,67
7102.84464002,66
7108.84464002,66
7116.84464002,69
7117.84460998,68
7126.84464002,65
7131.84460998,65
7135.84464002,66
7137.84460998,66
7146.84464002,66
7149.84464002,66
7156.84460998,66
7159.84464002,66
7162.84464002,66
7167.84464002,66
7174.84464002,66
7177.84464002,66
7184.84460998,67
7187.84464002,66
7194.84460998,66
7197.84464002,70
7206.84460998,73
7207.84464002,72
7216.84460998,67
7217.84460998,66
7225.84460998,62
7230.84460998,62
7232.84464002,62
7241.84464002,65
7246.84464002,65
7250.84464002,66
7256.84464002,66
7257.84460998,65
7262.84460998,65
7271.84464002,66
7275.84464002,66
7279.84464002,65
7286.84464002,65
7288.84464002,65
7293.84460998,65
7299.84464002,65
7306.84460998,65
7310.84464002,65
7313.84464002,65
7317.84464002,66
7326.84464002,66
7327.84460998,66
7334.84460998,65
7340.84460998,66
7343.84464002,66
7351.84464002,65
7352.84464002,66
7358.84464002,67
7366.84460998,66
7370.84464002,66
7373.84464002,66
7377.84464002,66
7386.84464002,65
7387.84460998,66
7395.84464002,66
7398.84464002,65
7404.84460998,65
7411.84464002,65
7414.84460998,65
7418.84464002,66
7426.84464002,66
7430.84460998,66
7433.84460998,67
7441.84460998,64
7445.84464002,65
7449.84464002,65
7456.84464002,65
7460.84460998,65
7465.84464002,66
7468.84464002,66
7474.84460998,66
7481.84464002,67
7482.84464002,67
7489.84464002,68
7496.84464002,67
7500.84464002,66
7506.84464002,66
7511.84464002,65
7516.84460998,65
7517.84460998,66
7522.84464002,67
7527.84460998,66
7533.84464002,66
7540.84464002,66
7546.84464002,66
7549.84464002,66
7553.84464002,66
7559.84460998,67
7563.84464002,68
7567.84464002,68
7575.84464002,68
7578.84464002,68
7586.84464002,66
7591.84464002,66
7593.84464002,67
7601.84464002,65
7606.84464002,66
7609.84464002,66
7615.84464002,66
7617.84464002,66
7622.84464002,66
7627.84464002,66
7633.84460998,66
7640.84464002,66
7642.84464002,66
7650.84460998,67
7655.84464002,68
7661.84460998,68
7662.84464002,68
7667.84460998,68
7675.84460998,67
7678.84460998,67
7683.84464002,67
7691.84460998,67
7695.84464002,67
7701.84464002,67
7706.84464002,67
7707.84464002,67
7712.84460998,67
7719.84464002,67
7726.84464002,66
7727.84460998,66
7735.84464002,66
7739.84464002,67
7744.84460998,68
7751.84464002,67
7756.84464002,67
7758.84464002,67
7762.84464002,67
7771.84460998,65
7776.84464002,65
7777.84464002,65
7786.84460998,66
7787.84464002,66
7795.84464002,67
7799.84464002,67
7803.84464002,68
7807.84460998,68
7812.84464002,68
7817.84464002,68
7825.84464002,66
7827.84460998,66
7832.84464002,67
7839.84460998,66
7843.84464002,66
7851.84464002,69
7853.84464002,68
7859.84460998,68
7862.84460998,68
7867.84464002,68
7876.84464002,67
7879.84460998,67
7883.84464002,68
7891.84464002,66
7896.84460998,67
7899.84460998,67
7902.84464002,68
7911.84464002,68
7914.84464002,69
7917.84460998,68
7926.84464002,67
7927.84464002,68
7936.84464002,69
7937.84464002,69
7946.84464002,67
7948.84464002,68
7952.84464002,68
7960.84460998,67
7966.84464002,66
7971.84464002,66
7974.84464002,67
7978.84464002,66
7986.84464002,67
7987.84464002,67
7992.84460998,68
8001.84460998,64
8006.84460998,64
8007.84464002,65
8013.84464002,66
8017.84460998,66
8025.84464002,68
8030.84464002,68
8036.84464002,66
8040.84464002,66
8045.84464002,66
8050.84464002,66
8052.84464002,67
8061.84460998,68
8062.84460998,68
8067.84464002,68
8073.84464002,68
8081.84464002,69
8086.84464002,68
8087.84464002,68
8094.84460998,68
8101.84464002,67
8104.84464002,67
8111.84464002,66
8116.84460998,67
8117.84460998,67
8122.84464002,67
8131.84464002,67
8136.84460998,68
8137.84464002,68
8146.84464002,69
8148.84464002,69
8153.84464002,69
8158.84460998,69
8166.84460998,67
8168.84460998,67
8176.84464002,67
8177.84460998,67
8184.84460998,68
8187.84464002,68
8196.84464002,66
8197.84464002,67
8204.84464002,69
8210.84460998,69
8215.84464002,68
8218.84460998,67
8222.84460998,67
8228.84460998,67
8234.84464002,68
8239.84460998,68
8245.84464002,67
8251.84460998,67
8254.84460998,68
8257.84464002,68
8264.84464002,66
8271.84464002,66
8275.84464002,67
8279.84464002,67
8282.84464002,67
8290.84464002,66
8296.84460998,69
8301.84464002,69
8304.84464002,69
8307.84464002,70
8312.84464002,68
8321.84460998,68
8322.84464002,68
8327.84464002,67
8336.84464002,69
8341.84464002,69
8344.84460998,69
8347.84464002,69
8353.84464002,68
8361.84460998,68
8364.84464002,68
8371.84460998,69
8375.84464002,69
8381.84464002,69
8383.84460998,69
8388.84464002,68
8395.84464002,67
8397.84460998,68
8402.84460998,67
8410.84464002,67
8416.84464002,69
8417.84464002,69
8423.84464002,69
8430.84464002,70
8435.84460998,70
8439.84460998,70
8443.84460998,69
8448.84460998,68
8452.84464002,68
8457.84464002,67
8466.84464002,67
8469.84464002,67
8473.84464002,68
8481.84460998,67
8486.84464002,68
8487.84460998,68
8493.84464002,69
8500.84464002,69
8503.84460998,69
8507.84464002,68
8516.84464002,66
8519.84464002,66
8526.84464002,68
8527.84464002,68
8533.84464002,68
8539.84464002,68
8545.84464002,67
8550.84460998,67
8554.84460998,68
8561.84464002,68
8562.84464002,68
8570.84460998,66
8574.84464002,66
8581.84464002,67
8582.84464002,67
8590.84464002,67
8592.84464002,68
8601.84460998,65
8603.84460998,66
8607.84464002,67
8616.84464002,75
8620.84464002,76
8624.84460998,79
8630.84464002,84
8635.84464002,81
8637.84460998,80
8642.84464002,77
8651.84464002,70
8652.84460998,70
8661.84464002,66
8662.84464002,66
8671.84464002,64
8675.84464002,64
8678.84464002,65
8684.84464002,66
8690.84464002,66
8696.84464002,68
8701.84464002,67
8702.84460998,66
8708.84464002,65
8716.84464002,64
8717.84464002,64
8722.84460998,65
8728.84460998,64
8735.84460998,65
8739.84464002,66
8744.84464002,66
8750.84464002,65
8753.84464002,66
8757.84464002,65
8764.84464002,64
8770.84460998,64
8776.84464002,64
8780.84464002,64
8786.84460998,64
8788.84464002,65
8794.84460998,65
8800.84464002,65
8803.84460998,64
8809.84464002,65
8814.84464002,64
8817.84464002,64
8823.84460998,65
8830.84460998,64
8832.84460998,63
8841.84464002,63
8842.84464002,63
8850.84464002,64
8855.84464002,65
8861.84460998,65
8862.84464002,66
8868.84460998,66
8873.84464002,65
8881.84464002,64
8886.84464002,64
8888.84464002,64
8892.84460998,64
8899.84464002,65
8905.84460998,66
8908.84460998,66
8912.84464002,66
8917.84460998,66
8923.84460998,67
8929.84460998,68
8932.84464002,67
8939.84464002,66
8946.84464002,66
8951.84464002,65
8956.84464002,65
8959.84460998,66
8965.84464002,66
8969.84464002,66
8972.84464002,67
8977.84464002,67
8984.84460998,67
8990.84460998,66
8994.84464002,67
8999.84464002,67
9004.84464002,66
9011.84460998,66
9013.84464002,66
9021.84460998,67
9026.84464002,67
9029.84460998,67
9035.84460998,67
9037.84464002,67
9045.84464002,66
9049.84460998,66
9052.84464002,67
9061.84464002,67
9063.84460998,67
9071.84464002,65
9074.84460998,65
9078.84464002,66
9086.84460998,65
9089.84464002,66
9095.84464002,66
9098.84464002,66
9104.84316993,66
9110.84316993,65
9116.84316993,65
9117.84316993,65
9125.84316993,66
9128.84316993,66
9135.84316993,65
9141.84316993,65
9146.84316993,65
9151.84316993,66
9152.84316993,66
9159.84316993,66
9163.84316993,66
9167.84313989,67
9175.84316993,66
9177.84316993,66
9185.84313989,65
9191.84316993,65
9195.84316993,66
9200.84316993,66
9202.84313989,66
9209.84313989,66
9215.84316993,67
9217.84316993,67
9226.84316993,67
9229.84316993,68
9232.84316993,68
9237.84313989,67
9243.84313989,68
9251.84316993,66
9254.84313989,66
9260.84316993,66
9266.84316993,65
9271.84316993,65
9276.84316993,65
9277.84316993,65
9282.84316993,66
9287.84316993,67
9292.84316993,66
9300.84316993,64
9304.84316993,65
9307.84316993,65
9316.84313989,66
9317.84313989,66
9325.84316993,66
9328.84316993,66
9332.84313989,67
9341.84316993,65
9345.84316993,65
9349.84316993,65
9353.84316993,65
9357.84316993,66
9362.84316993,69
9369.84316993,70
9376.84316993,76
9380.84313989,77
9382.84313989,76
9389.84316993,71
9396.84316993,67
9401.84313989,65
9406.84313989,65
9411.84316993,65
9414.84313989,65
9421.84316993,64
9423.84316993,64
9430.84316993,67
9432.84316993,67
9441.84313989,65
9443.84316993,65
9447.84313989,65
9456.84316993,63
9460.84316993,63
9465.84313989,63
9469.84316993,63
9474.84316993,64
9477.84316993,65
9486.84316993,62
9491.84316993,62
9492.84316993,62
9498.84316993,63
9506.84316993,64
9508.84316993,64
9512.84316993,64
9521.84316993,64
9522.84316993,64
9529.84316993,63
9536.84313989,64
9540.84316993,64
9546.84313989,64
9548.84316993,64
9552.84313989,64
9561.84313989,63
9563.84316993,63
9568.84313989,64
9573.84313989,64
9581.84313989,65
9582.84316993,65
9588.84316993,65
9595.84316993,63
9601.84316993,63
9602.84316993,63
9608.84313989,63
9613.84313989,63
9620.84313989,64
9622.84316993,64
9627.84313989,63
9633.84316993,63
9641.84316993,65
9642.84316993,66
9651.84316993,63
9656.84316993,63
9658.84316993,63
9666.84313989,64
9667.84313989,64
9676.84313989,62
9678.84316993,62
9683.84316993,62
9691.84316993,61
9692.84316993,62
9701.84316993,63
9704.84316993,63
9710.84316993,64
9715.84316993,64
9717.84316993,64
9725.84316993,64
9727.84316993,64
9736.84313989,63
9737.84316993,64
9742.84316993,64
9751.84316993,62
9755.84313989,62
9761.84316993,63
9766.84316993,63
9770.84313989,63
9775.84313989,63
9781.84316993,63
9782.84316993,63
9791.84316993,63
9792.84316993,63
9798.84316993,63
9802.84316993,62
9811.84316993,63
9816.84313989,64
9820.84316993,65
9823.84313989,65
9828.84313989,66
9833.84316993,66
9838.84316993,64
9842.84313989,64
9851.84316993,63
9852.84316993,63
9858.84316993,64
9866.84316993,64
9870.84316993,65
9872.84313989,65
9878.84313989,65
9886.84313989,65
9891.84313989,65
9892.84313989,65
9901.84313989,64
9903.84316993,65
9907.84316993,65
9916.84316993,65
9919.84313989,66
9923.84313989,66
9927.84316993,65
9936.84313989,64
9937.84316993,64
9944.84316993,62
9948.84313989,63
9953.84316993,63
9957.84316993,63
9966.84316993,65
9969.84316993,65
9972.84316993,66
9980.84313989,66
9982.84316993,65
9991.84316993,63
9996.84313989,63
9997.84313989,63
10006.8431399,64
10010.8431699,64
10014.8431699,64
10021.8431699,65
10022.8431399,65
10031.8431699,62
10036.8431699,63
10039.8431699,63
10046.8431699,64
10047.8431699,64
10054.8431399,64
10057.8431699,64
10064.8431399,63
10070.8431699,63
10075.8431699,62
10081.8431699,63
10083.8431399,64
10090.8431699,63
10095.8431699,63
10099.8431399,64
10104.8431399,64
10110.8431399,62
10114.8431699,62
10120.8431399,62
10123.8431399,62
10129.8431699,62
10133.8431399,63
10137.8431699,62
10143.8431399,62
10149.8431699,63
10154.8431399,63
10160.8431699,63
10163.8431399,63
10167.8431699,63
10174.8431399,64
10179.8431399,63
10184.8431699,64
10189.8431399,64
10192.8431699,64
10201.8431399,62
10202.8431699,62
10207.8431699,62
10214.8431699,64
10220.8431699,63
10225.8431399,62
10229.8431699,62
10232.8431399,62
10241.8431399,63
10244.8431699,62
10248.8431699,62
10256.8431399,61
10257.8431399,61
10264.8431699,61
10271.8431399,63
10272.8431699,63
10279.8431699,63
10285.8431699,65
10290.8431699,64
10295.8431699,64
10300.8431399,63
10306.8431699,64
10307.8431699,64
10316.8431699,63
10319.8431699,64
10323.8431699,64
10328.8431699,65
10336.8431699,63
10338.8431699,63
10346.8431399,64
10347.8431699,64
10356.8431699,62
10358.8431399,63
10366.8431699,64
10367.8431399,64
10375.8431699,64
10380.8431399,65
10386.8431699,65
10390.8431399,65
10393.8431399,65
10399.8431699,65
10404.8431699,64
10411.8431399,64
10414.8431399,65
10420.8431699,65
10423.8431399,65
10429.8431699,65
10432.8431699,64
10439.8431699,64
10446.8431699,63
10448.8431699,63
10453.8431699,63
10458.8431699,64
10462.8431699,64
10468.8431699,64
10476.8431699,63
10480.8431699,64
10485.8431699,64
10488.8431699,65
10495.8431699,65
10500.8431699,64
10502.8431399,64
10511.8431699,63
10516.8431699,64
10521.8431699,64
10524.8431399,64
10527.8431699,65
10536.8431699,63
10541.8431699,63
10542.8431399,64
10551.8431699,62
10555.8431399,62
10561.8431699,64
10566.8431699,64
10571.8431699,64
10572.8431699,64
10581.8431699,63
10585.8431399,64
10590.8431699,64
10596.8431399,64
10598.8431399,64
10602.8431699,64
10607.8431699,64
10613.8431699,65
10621.8431699,63
10626.8431699,63
10628.8431699,64
10636.8431699,64
10637.8431399,64
10642.8431699,64
10651.8431699,63
10652.8431699,63
10658.8431699,63
10663.8431699,63
10668.8431399,61
10672.8431699,61
10680.8431699,59
10686.8431399,59
10687.8431699,59
10692.8431399,61
10697.8431699,62
10705.8431699,63
10708.8431399,62
10714.8431699,62
10720.8431399,61
10726.8431399,62
10727.8431699,62
10734.8431699,62
10739.8431699,63
10746.8431699,64
10747.8431399,64
10752.8431699,63
10759.8431699,63
10764.8431699,62
10767.8431699,62
10775.8431699,60
10777.8431699,61
10782.8431699,64
10791.8431399,61
10795.8431699,61
10799.8431699,60
10805.8431699,62
10807.8431399,62
10813.8431699,61
10821.8431399,62
10822.8431699,62
10831.8431699,62
10832.8431399,62
10837.8431399,62
10843.8431699,63
10847.8431699,63
10856.8431399,63
10861.8431399,62
10863.8431399,62
10868.8431399,63
10876.8431699,64
10878.8431699,63
10883.8431399,64
10891.8431699,62
10895.8431399,62
10899.8431399,62
10902.8431399,62
10907.8431399,63
10915.8431399,64
10917.8431699,64
10922.8431699,65
10931.8431699,61
10936.8431699,62
10937.8431699,62
10946.8431699,60
10947.8431699,60
10956.8431399,63
10958.8431699,63
10966.8431699,64
10971.8431699,63
10974.8431399,63
10979.8431699,63
10986.8431699,63
10987.8431699,63
10993.8431399,63
11001.8431699,62
11006.8431699,62
11007.8431699,63
11016.8431699,64
11021.8431399,64
11022.8431699,64
11027.8431399,64
11032.8431399,64
11041.8431399,62
11046.8431399,63
11047.8431699,63
11056.8431399,63
11058.8431699,64
11064.8431399,64
11067.8431399,63
11076.8431699,62
11078.8431699,62
11085.8431399,61
11090.8431399,63
11096.8431699,63
11097.8431699,62
11103.8431399,61
11111.8431399,60
11114.8431699,61
11117.8431699,61
11126.8431699,62
11130.8431699,62
11133.8431699,62
11140.8431699,62
11142.8431699,63
11148.8431699,63
11156.8431699,62
11157.8431699,62
11164.8431699,62
11171.8431699,63
11176.8431399,62
11179.8431699,62
11184.8431699,62
11188.8431399,62
11193.8431699,63
11198.8431699,62
11205.8431399,60
11208.8431399,60
11216.8431699,60
11218.8431699,60
11226.8431699,61
11231.8431699,60
11233.8431399,61
11241.8431399,61
11242.8431399,61
11251.8431399,61
11255.8431699,61
11261.8431699,60
11266.8431399,60
11269.8431699,60
11272.8431399,61
11278.8431699,62
11286.8431699,62
11291.8431699,62
11292.8431699,62
11301.8431699,63
11302.8431699,63
11308.8431699,61
11315.8431699,61
11321.8431399,61
11324.8431699,61
11331.8431699,61
11333.8431399,61
11337.8431699,61
11344.8431699,61
11347.8431699,61
11353.8431699,61
11360.8431699,62
11366.8431399,60
11368.8431399,60
11375.8431699,62
11380.8431699,62
11383.8431399,62
11391.8431699,62
11396.8431699,62
11397.8431399,62
11406.8431699,63
11409.8431699,63
11416.8431399,61
11420.8431399,61
11422.8431699,62
11427.8431399,66
11432.8431699,73
11441.8431699,83
11444.8431699,88
11451.8431399,95
11452.8431699,94
11461.8431699,80
11466.8431399,77
11467.8431699,76
11476.8431399,69
11478.8431699,69
11483.8431399,65
11491.8431699,61
11494.8431699,60
11498.8431699,60
11506.8431699,57
11511.8431399,56
11516.8431399,57
11517.8431699,57
11526.8431699,59
11531.8431699,59
11532.8431399,59
11539.8431699,61
11546.8431699,62
11547.8431399,62
11552.8431699,62
11561.8431399,59
11564.8431699,59
11571.8431699,58
11574.8431399,58
11577.8431399,59
11582.8431699,61
11591.8431699,59
11595.8431699,59
11601.8431699,60
11604.8431699,59
11611.8431699,59
11616.8431699,59
11617.8431699,59
11623.8431699,59
11631.8431399,59
11632.8431399,59
11637.8431399,60
11646.8431399,58
11647.8431399,58
11652.8431399,57
11658.8431399,57
11662.8431399,58
11667.8431399,64
11676.8431699,79
11681.8431699,80
11682.8431399,79
11687.8431699,75
11696.8431399,65
11700.8431699,62
11706.8431699,60
11707.8431699,61
11716.8431699,58
11721.8431699,57
11724.8431399,57
11731.8431399,59
11732.8431699,59
11739.8431399,60
11745.8431399,59
11748.8431399,60
11752.8431699,62
11757.8431399,61
11766.8431399,57
11770.8431699,57
11775.8431699,58
11781.8431699,58
11784.8431699,58
11790.8431699,58
11793.8431699,59
11799.8431399,59
11806.8431699,59
11808.8431399,58
11815.8431699,61
11820.8431399,61
11822.8431699,62
11827.8431699,60
11836.8431399,56
11839.8431399,56
11844.8431699,59
11849.8431699,60
11852.8431399,61
11861.8431699,71
11862.8431699,71
11871.8431699,64
11874.8431699,64
11880.8431399,62
11886.8431699,61
11888.8431399,61
11896.8431699,60
11897.8431699,61
11905.8431699,71
11907.8431699,72
11912.8431699,76
11921.8431699,88
11926.8431399,91
11928.8431699,88
11936.8431699,76
11941.8431699,72
11945.8431699,69
11951.8431699,67
11956.8431399,66
11957.8431699,65
11963.8431399,63
11971.8431399,60
11976.8431699,60
11977.8431699,60
11982.8431699,60
11988.8431399,63
11996.8431699,60
11999.8431699,59
12006.8431699,58
12007.8431699,58
12012.8431699,60
12020.8431699,59
12022.8431699,60
12029.8431399,62
12034.8431699,61
12038.8431699,63
12045.8431399,61
12047.8431399,62
12056.8431699,68
12061.8431699,71
12063.8431699,72
12071.8431699,67
12076.8431399,68
12079.8431699,67
12086.8431399,67
12087.8431699,67
12096.8431399,64
12100.8431399,65
12103.8431699,65
12111.8431699,68
12116.8431699,64
12120.8431699,65
12122.8431399,66
12129.8431399,61
12136.8431699,59
12141.8431399,59
12142.8431699,59
12151.8431699,59
12153.8431699,59
12158.8431699,59
12164.8431699,60
12170.8431399,59
12176.8431699,59
12177.8431399,59
12184.8431699,59
12187.8431399,59
12196.8431699,64
12201.8431399,65
12203.8431399,65
12211.8431699,61
12216.8431699,61
12221.8431699,60
12226.8431699,59
12227.8431699,59
12236.8431399,61
12239.8431399,61
12242.8431699,62
12248.8431399,64
12252.8431399,64
12261.8431699,71
12263.8431399,71
12267.8431699,69
12276.8431699,64
12281.8431699,65
12284.8431699,65
12289.8431699,67
12293.8431699,67
12297.8431699,68
12302.8431399,66
12310.8431699,62
12316.8431699,61
12317.8431699,61
12322.8431399,63
12331.8431399,67
12332.8431699,67
12341.8431699,64
12342.8431699,64
12351.8431699,62
12356.8431699,60
12361.8431399,58
12366.8431699,57
12368.8431699,58
12373.8431699,59
12381.8431699,63
12382.8431399,64
12387.8431699,66
12394.8431699,64
12401.8431699,61
12406.8431399,60
12408.8431399,61
12416.8431699,59
12418.8431699,59
12422.8431399,59
12427.8431699,63
12436.8431699,59
12438.8431699,59
12442.8431399,60
12449.8431699,62
12456.8431399,58
12457.8431699,58
12462.8431699,64
12467.8431699,67
12476.8431699,91
12477.8431699,90
12486.8431699,70
12491.8431699,61
12496.8431399,59
12501.8431699,57
12506.8431699,55
12510.8431699,55
12515.8431699,56
12517.8431699,57
12526.8431399,54
12531.8431699,54
12532.8431699,54
12541.8431399,53
12546.8431699,52
12547.8431699,52
12552.8431699,54
12561.8431699,62
12564.8431699,61
12570.8431699,58
12576.8431699,56
12577.8431399,56
12586.8431699,59
12591.8431699,59
12592.8431399,59
12600.8431699,57
12606.8431699,57
12608.8431699,57
12613.8431699,57
12619.8431699,54
12626.8431699,53
12628.8431699,53
12633.8431699,54
12637.8431399,54
12645.8431699,61
12647.8431699,60
12656.8431699,54
12661.8431699,54
12666.8431699,54
12668.8431399,54
12672.8431399,55
12681.8431699,56
12684.8431699,55
12690.8431699,55
12694.8431399,55
12697.8431699,56
12702.8431699,61
12711.84184,62
12715.8418701,62
12721.8418701,60
12723.84184,60
12727.8418701,61
12734.8418701,59
12738.8418701,58
12746.8418701,53
12751.8418701,52
12756.8418701,53
12757.8418701,53
12763.8418701,55
12767.8418701,56
12776.8418701,60
12781.8418701,61
12786.8418701,60
12791.84184,59
12792.8418701,59
12800.8418701,58
12806.84184,58
12811.8418701,58
12812.8418701,58
12819.8418701,59
12823.8418701,61
12827.84184,62
12832.8418701,63
12841.8418701,74
12846.84184,68
12851.8418701,65
12853.8418701,65
12858.84184,63
12866.8418701,59
12871.8418701,59
12873.8418701,58
12877.8418701,58
12883.8418701,60
12891.84184,55
12896.8418701,54
12901.8418701,54
12902.8418701,54
12911.8418701,55
12913.8418701,55
12920.84184,57
12926.84184,59
12928.8418701,60
12934.8418701,58
12937.8418701,60
12945.8418701,60
12951.8418701,56
12955.8418701,56
12961.84184,54
12966.8418701,54
12971.8418701,54
12972.84184,54
12977.8418701,55
12985.8418701,62
12988.8418701,63
12992.8418701,62
13001.8418701,57
13004.84184,57
13007.8418701,58
13016.8418701,78
13021.8418701,73
13022.84184,72
13030.8418701,65
13036.8418701,61
13041.8418701,59
13046.8418701,59
13050.8418701,59
13054.8418701,57
13060.84184,56
13065.8418701,56
13068.84184,56
13074.8418701,57
13081.84184,57
13082.84184,57
13087.8418701,59
13094.84184,59
13097.8418701,59
13102.84184,62
13111.84184,56
13116.84184,57
13121.8418701,56
13125.84184,56
13127.8418701,56
13132.8418701,56
13141.8418701,57
13143.8418701,57
13148.84184,57
13152.8418701,58
13161.84184,62
13165.8418701,63
13171.8418701,65
13173.8418701,64
13179.8418701,64
13184.8418701,65
13188.8418701,65
13196.84184,71
13197.8418701,70
13205.84184,67
13207.84184,67
13216.8418701,72
13220.8418701,71
13226.8418701,70
13227.8418701,69
13232.84184,67
13241.8418701,62
13243.8418701,62
13247.8418701,66
13256.8418701,79
13261.84184,85
13263.8418701,85
13271.84184,71
13276.84184,63
13281.8418701,61
13286.8418701,59
13287.8418701,59
13293.84184,58
13301.8418701,56
13306.8418701,57
13307.8418701,57
13315.8418701,57
13317.8418701,57
13325.8418701,55
13328.8418701,55
13332.8418701,56
13341.8418701,53
13346.8418701,53
13348.84184,53
13354.8418701,52
13357.8418701,53
13366.8418701,59
13369.8418701,58
13372.8418701,59
13381.8418701,55
13386.8418701,56
13388.8418701,56
13396.8418701,57
13400.84184,57
13406.84184,57
13408.8418701,56
13414.8418701,56
13421.84184,54
13424.8418701,54
13427.84184,54
13436.84184,52
13441.84184,53
13442.84184,53
13448.84184,54
13456.8418701,56
13459.8418701,57
13462.84184,57
13467.8418701,57
13472.8418701,58
13477.8418701,60
13486.84184,68
13491.8418701,66
13494.8418701,66
13497.8418701,65
13506.8418701,59
13511.8418701,57
13516.8418701,57
13520.8418701,56
13522.8418701,56
13527.8418701,62
13533.8418701,72
13539.8418701,73
13546.84184,65
13549.84184,63
13554.84184,61
13561.84184,59
13566.8418701,58
13571.8418701,57
13574.8418701,57
13577.8418701,57
13586.8418701,58
13587.8418701,59
13596.8418701,56
13600.8418701,56
13603.8418701,56
13607.8418701,56
13613.8418701,55
13617.8418701,56
13623.8418701,56
13627.8418701,55
13635.84184,57
13641.8418701,58
13644.8418701,57
13649.8418701,57
13653.8418701,57
13659.8418701,57
13662.84184,56
13671.8418701,53
13674.8418701,53
13677.84184,54
13686.84184,58
13687.8418701,58
13692.84184,60
13701.8418701,58
13704.8418701,58
13708.84184,59
13712.8418701,57
13720.84184,53
13726.8418701,52
13731.84184,53
13732.8418701,54
13741.84184,56
13746.8418701,56
13747.8418701,56
13753.8418701,58
13761.8418701,57
13764.8418701,57
13767.84184,58
13772.8418701,59
13781.84184,56
13786.8418701,55
13789.8418701,55
13792.8418701,55
13797.84184,62
13805.8418701,59
13810.8418701,65
13814.84184,67
13821.8418701,76
13824.8418701,78
13827.84184,76
13836.84184,62
13841.8418701,59
13846.8418701,57
13851.8418701,56
13856.84184,56
13857.8418701,55
13862.84184,57
13871.8418701,55
13874.8418701,55
13877.8418701,54
13885.8418701,54
13889.8418701,54
13894.8418701,55
13901.8418701,55
13906.8418701,55
13907.8418701,56
13912.8418701,58
13921.84184,58
13922.84184,58
13929.8418701,62
13936.8418701,60
13941.8418701,59
13946.8418701,59
13950.8418701,59
13952.8418701,60
13957.84184,62
13964.84184,61
13967.8418701,60
13976.8418701,56
13981.84184,56
13985.8418701,57
13987.8418701,57
13992.8418701,58
14000.8418701,61
14006.84184,62
14007.84184,62
14013.8418701,62
14021.8418701,65
14026.84184,65
14027.8418701,66
14036.8418701,66
14038.8418701,66
14042.8418701,67
14047.8418701,68
14056.8418701,73
14057.8418701,73
14066.8418701,76
14071.84184,74
14072.8418701,74
14078.8418701,71
14082.8418701,69
14090.8418701,67
14092.8418701,67
14097.8418701,63
14106.8418701,58
14108.8418701,59
14112.8418701,63
14120.84184,70
14124.8418701,69
14131.8418701,66
14134.8418701,66
14137.8418701,68
14146.8418701,78
14151.84184,79
14152.8418701,79
14161.8418701,73
14165.8418701,71
14167.8418701,71
14176.8418701,66
14179.8418701,66
14182.8418701,66
14191.8418701,61
14193.8418701,61
14201.8418701,59
14202.8418701,59
14209.84184,61
14212.8418701,61
14221.84184,59
14222.8418701,60
14231.8418701,57
14234.8418701,56
14239.8418701,57
14244.84184,57
