-604388.47927,78
-604244.48025,78
-603816.10546,78
-603597.73132,78
-603463.23269,77
-603173.23269,77
-602643.35697,95
-602341.98343,91
-602175.48343,88
-601876.98357,89
-601627.60619,47
-600328.98715,69
-580913.84834,62
-580446.42587,70
-580021.54662,67
-579507.17185,78
-578938.75049,82
-578836.75018,97
-578432.25028,102
-571744.3763,64
-571626.38025,74
-571131.50313,84
-571049.00313,72
-570742.00521,83
-570298.12873,97
-569982.14794,74
-569689.63072,94
-569564.12985,85
-569081.7546,101
-568552.37983,107
-568356.34487,106
-567898.84632,107
-567704.47071,102
-567277.9706,100
-567011.09594,100
-566607.22113,96
-566449.22113,93
-566222.22113,91
-565945.34616,92
-565558.84616,90
-565357.47116,96
-565024.47162,81
-564662.09705,79
-564432.09728,80
-564112.22242,80
-563821.22281,81
-563488.84797,91
-563159.34853,93
-561632.16992,129
-559975.90681,103
-559661.90691,93
-559166.0319,90
-559038.0319,88
-558756.15772,88
-558303.59941,120
-557891.56366,104
-556770.95166,94
-556413.36158,99
-556097.92486,87
-556006.92439,83
-555685.5776,80
-555265.55018,77
-555099.69526,84
-554294.30057,89
-554077.30064,84
-553937.42555,80
-553500.42568,82
-553245.55109,84
-552992.051,84
-552624.17631,91
-552025.77455,78
-551808.63385,99
-551787.69666,87
-551224.14224,89
-550778.64261,91
-550525.1425,86
-550170.76808,79
-549890.27639,79
-549700.26813,77
-548774.51913,81
-548457.64369,84
-548261.64388,68
-547696.26904,88
-546778.39711,89
-546497.51997,84
-546235.02009,82
-546083.52007,88
-545627.14537,82
-545201.27082,76
-544766.8961,88
-544627.3961,85
-544354.89594,87
-543610.09922,75
-543271.09953,93
-542969.22443,84
-542770.72461,89
-542302.72629,82
-542117.72497,91
-541267.97527,86
-540782.60056,99
-540583.60072,103
-539902.72801,100
-539678.22725,111
-539276.35242,106
-538554.98157,77
-538297.32967,88
-537945.32983,76
-537749.45483,75
-537373.45509,82
-536958.08087,80
-536646.20611,82
-536448.70624,84
-536174.72857,78
-535834.33184,80
-535406.95697,82
-535312.46567,83
-534952.95767,79
-534722.08244,99
-533904.20776,95
-533596.83324,89
-533334.83301,77
-533168.33345,74
-532930.45912,75
-532586.45929,74
-532345.0845,78
-532035.58453,78
-531654.70985,69
-531421.20998,71
-530627.46082,77
-530345.46077,71
-530185.96083,70
-529956.5857,71
-529674.58556,72
-529134.06651,73
-528872.19766,78
-528742.19263,76
-528427.19185,79
-528045.81704,79
-527804.81708,81
-527568.44213,83
-494905.07404,79
-494586.54266,87
-494416.55532,78
-494149.17032,78
-493787.16988,81
-493649.66841,74
-493138.29342,80
-492910.27774,108
-492882.46555,79
-492625.46602,90
-491644.71649,86
-489256.61806,85
-487671.85077,149
-487491.79962,138
-487374.98419,117
-487007.89424,102
-486894.45704,98
-484396.03015,130
-482446.18357,134
-482216.0393,129
-480653.8565,102
-479918.47893,95
-479756.61914,97
-479288.10434,93
-479170.46364,90
-478460.54288,98
-478256.04288,94
-478021.01099,94
-477761.51127,86
-476968.63654,83
-476734.26188,85
-476335.2627,88
-476116.39373,87
-475931.38685,80
-474864.638,89
-474569.63806,89
-474296.76306,92
-474167.26337,83
-473839.88864,98
-473173.01402,102
-472746.51417,94
-472562.13917,92
-472363.63954,95
-471903.7633,90
-471549.26326,93
-471369.88869,86
-470962.3883,87
-470654.51522,87
-470349.51357,91
-470240.63865,97
-469871.14111,91
-469555.26647,98
-469330.7664,81
-468779.39186,82
-468684.39323,84
-468436.51789,83
-467923.51784,93
-467836.64278,90
-467364.14301,84
-467226.26803,91
-466971.26834,85
-466473.3938,84
-466172.39416,77
-466015.51922,80
-465763.01922,83
-465347.64494,83
-465124.2267,85
-464623.85171,80
-464357.85197,85
-464164.35276,89
-463921.97776,85
-463128.60243,93
-462938.96177,91
-462552.96195,82
-462467.96209,82
-462119.59169,78
-461755.21561,86
-461473.21571,78
-461177.33794,80
-460680.83817,85
-460539.33817,86
-460327.83867,88
-459852.46325,92
-459573.96353,96
-459373.58857,95
-458950.08879,92
-458808.214,84
-458539.714,83
-457979.83996,94
-457771.3398,87
-457667.83984,102
-457148.965,90
-456780.59032,88
-456619.59049,87
-456367.21538,89
-456147.216,78
-455669.57557,83
-455307.70078,77
-455026.20079,77
-454853.20085,72
-454666.32607,71
-454199.8265,76
-453951.95128,77
-453494.07686,87
-453398.07686,86
-452893.70211,93
-452767.20206,84
-452429.70239,76
-452205.83095,77
-451679.95342,80
-451599.95336,76
-450750.07874,85
-450324.704,78
-449930.32913,81
-449684.82953,91
-449286.96092,86
-449155.96089,87
-448662.58075,100
-448092.70539,81
-447730.20584,93
-446499.95622,83
-446103.58164,88
-445684.70653,78
-445400.70703,76
-445118.33882,84
-444827.33833,81
-444759.83833,84
-444402.83301,82
-442424.08411,92
-441256.3494,82
-441064.83476,78
-440813.77237,85
-440454.77266,74
-409103.79531,72
-408921.16986,81
-408605.17032,78
-408443.17007,80
-407267.83083,105
-407045.77613,120
-406886.87411,118
-403796.14879,99
-403013.7594,103
-402581.79379,101
-402509.8573,101
-401876.48264,93
-401806.9827,106
-401469.39433,113
-401447.44157,81
-401146.44096,88
-400720.06537,90
-400511.06565,87
-400283.56572,90
-399523.31937,85
-399441.81627,96
-398986.44145,99
-398729.85174,127
-398530.72286,104
-398347.28581,85
-398027.28588,88
-397684.41122,86
-397494.41137,84
-397238.88004,81
-396956.87996,87
-396755.50509,85
-396367.9149,98
-396298.47841,90
-395934.47814,90
-395373.92393,84
-395162.92383,95
-394916.5493,73
-394422.67452,73
-393994.17487,70
-393598.80001,70
-393301.80015,60
-392135.05096,65
-391894.67608,82
-391124.80136,69
-390950.30149,76
-390620.92645,78
-390227.56795,66
-390056.053,77
-389847.05294,88
-389065.30227,82
-388833.30249,78
-388547.80245,88
-388190.42801,87
-387778.55298,82
-387526.05307,72
-387376.56339,80
-387041.6799,68
-386498.30346,58
-386116.31576,91
-385849.429,91
-385521.92963,95
-384650.68698,101
-384352.18022,93
-383823.80549,95
-383504.43083,89
-383066.55597,82
-382677.35327,93
-382452.85327,91
-382204.97865,89
-381891.98139,87
-381708.98098,86
-380555.23144,83
-379996.23209,98
-379620.85745,89
-379278.9824,80
-378884.48291,73
-378652.52993,80
-378409.53028,71
-377912.53096,93
-376288.90462,78
-375818.90504,85
-373700.9897,91
-373140.61537,85
-373000.11537,92
-372493.23993,95
-372304.23996,83
-372006.36491,92
-371708.36491,87
-371429.9901,86
-371119.49068,78
-370503.6178,79
-369379.36701,77
-368985.99627,77
-368811.99338,67
-368109.61898,120
-366242.99359,81
-366013.61901,83
-365862.11901,79
-365334.24395,86
-364666.3229,45
-364510.32303,67
-364131.82315,82
-363945.94825,60
-363630.44864,77
-363115.0743,98
-362712.69926,76
-362365.19947,82
-362087.32974,77
-361740.82476,82
-361366.45029,82
-360956.59056,96
-359973.20263,91
-359277.45164,90
-358826.45183,96
-358019.70217,118
-357655.70416,92
-356632.82858,106
-353823.66591,82
-353418.66593,80
-353125.79476,78
-352757.79148,73
-352400.41655,82
-352289.91646,76
-351963.04174,59
-319849.48627,106
-318467.44924,90
-318272.4493,77
-318047.57425,97
-317713.57574,99
-317082.60604,134
-316919.63722,143
-316265.70991,142
-316065.64549,143
-315882.6772,138
-315712.60664,138
-313743.02942,114
-312772.15507,115
-312527.78029,103
-312320.72952,101
-311867.22988,93
-311124.981,86
-310819.48118,86
-310558.6066,101
-310344.1089,113
-309873.73189,102
-309299.77925,102
-308956.27956,100
-308781.27916,93
-308542.31412,103
-308366.87697,101
-308265.37697,94
-307868.00213,97
-307486.50267,99
-307338.12764,91
-306840.62763,93
-306656.25289,96
-306320.26005,98
-305981.88774,98
-305732.87887,102
-305305.00543,97
-305136.00443,103
-304965.00414,91
-304449.13184,90
-304327.75684,92
-303783.75461,91
-303489.38002,95
-303301.88029,88
-303136.00511,95
-302740.50532,99
-302555.00549,106
-302120.13089,85
-301785.75648,90
-301534.25626,86
-301235.38123,83
-300904.4044,88
-300735.52091,100
-300356.50672,94
-299935.63281,105
-299675.13237,95
-299451.75704,95
-299123.25743,92
-298876.88335,91
-298561.3828,92
-298309.00781,84
-297838.51185,83
-297522.13321,75
-297252.63352,85
-297166.13358,89
-296368.24284,95
-296202.74302,95
-295940.70425,89
-295546.20678,93
-295149.3297,84
-294808.82974,83
-294239.95603,89
-294131.58137,86
-293257.70669,90
-292733.33505,87
-292427.3325,86
-292287.45736,96
-291806.45774,83
-291624.08278,84
-291265.08324,81
-290983.70841,88
-290757.70857,81
-290425.3336,84
-290066.33317,89
-289448.45862,83
-289294.08375,86
-288984.08393,87
-288516.70912,83
-288433.70906,87
-288003.33427,83
-287572.83464,85
-287372.95948,82
-287015.96038,84
-286680.58497,85
-286367.21032,81
-286250.21053,92
-285892.21073,73
-285725.33579,91
-285439.83574,90
-285014.96344,81
-284600.4611,86
-284390.58625,84
-283340.63598,77
-282981.77537,77
-282149.38486,72
-281549.01023,75
-280680.26082,84
-279089.01197,74
-278802.1369,88
-277579.88973,103
-277106.51285,87
-276827.51291,84
-276476.13832,79
-276249.21259,89
-275320.71324,56
-275147.71334,30
-274730.83844,77
-274609.83866,77
-274271.33872,76
-273781.46427,79
-273504.9643,53
-273035.0896,88
-272358.71476,68
-272071.21531,67
-271728.84036,81
-271591.34035,76
-271364.96553,75
-271021.96549,73
-270568.59327,73
-234424.87263,76
-233710.50279,84
-233530.40193,91
-233091.40064,85
-232750.02562,88
-232392.52806,72
-232129.06084,100
-231985.12374,89
-231575.1236,81
-231452.2486,82
-231251.6588,106
-231054.75674,107
-231021.31964,86
-230832.72943,105
-230640.29235,92
-230244.70356,133
-229736.76548,92
-229573.39043,99
-229072.89157,97
-228896.51629,82
-228729.92612,105
-228527.98888,90
-228450.98915,87
-227959.61406,84
-227829.61406,81
-227486.73965,95
-226227.49054,87
-225589.46356,89
-225413.46378,88
-224683.84729,120
-224429.89384,98
-224293.08185,86
-224194.08176,96
-223568.5828,94
-223272.08258,82
-222806.08603,118
-222766.64884,74
-221084.87234,87
-220765.49734,91
-220603.81594,104
-220602.81591,104
-220596.81591,105
-220572.81591,69
-220571.81594,69
-220564.81591,69
-220561.81591,70
-220555.81591,71
-220541.81594,101
-220540.81591,100
-220530.96825,100
-220525.96825,100
-220520.96825,100
-220519.96825,100
-220510.96825,90
-220509.96825,90
-220500.96825,95
-220499.96825,95
-220494.96825,95
-220489.96782,95
-220484.96782,95
-220478.96786,95
-220473.96786,94
-220385.54003,87
-220316.53252,92
-220311.53252,88
-220235.06377,86
-220230.06377,113
-220223.0638,175
-219875.97014,91
-219492.96957,88
-219294.10124,96
-216661.44422,98
-216293.06907,97
-216007.69482,98
-215795.19445,91
-215552.21794,86
-215217.81999,90
-214815.94548,89
-214406.44535,104
-213685.0709,78
-211889.58062,67
-211480.58087,85
-210953.70597,99
-210668.20645,77
-210200.20659,90
-209944.83144,97
-209363.45687,94
-208081.70797,96
-207938.70803,84
-207487.33295,81
-207391.33303,87
-206896.45828,80
-206568.43884,79
-206487.93884,81
-205984.0644,78
-205844.56535,77
-205602.56502,75
-205087.18996,77
-204981.1899,94
-204172.81548,89
-203901.31545,91
-203837.81545,93
-203530.44088,91
-202887.56611,88
-202419.19181,86
-201948.19214,89
-200626.56791,91
-200469.56793,85
-199987.69315,80
-199000.83341,77
-198555.94414,76
-198446.94414,73
-197299.07061,94
-196916.69483,76
-196502.69489,77
-196304.8209,89
-195986.32047,95
-195688.36356,100
-195190.48903,75
-195106.48897,75
-194787.5944,67
-194308.59469,72
-194093.7199,72
-193752.7199,79
-193542.34526,74
-193122.34533,79
-193054.97031,81
-192754.97066,77
-192462.5958,78
-192153.59617,79
-191844.2209,76
-191442.22151,78
-191249.35138,75
-190730.84715,79
-190431.97242,79
-190354.47233,79
-190056.47216,80
-189626.47288,80
-189421.09776,91
-188877.59817,80
-188795.09817,80
-188344.09827,73
-188018.72479,72
-187843.72383,78
-187632.22383,82
-187230.22553,83
-187020.72406,85
-186751.72452,86
-186369.34973,87
-186097.84981,89
-185859.47481,91
-185520.97481,91
-185256.10054,94
-184935.10037,98
-184443.72537,97
-184237.72601,97
-183925.08932,104
-183575.09139,92
-183202.21503,90
-183043.6445,92
-182815.14459,91
-182545.14473,88
-182168.77018,84
-181898.77018,85
-181617.39552,85
-181362.39584,84
-181060.89594,84
-180226.52148,101
-180129.02198,92
-179716.64726,81
-179498.14733,79
-179119.27248,79
-178943.30074,71
-178566.89791,73
-177787.02328,80
-177575.64828,69
-177397.14885,72
-177147.14897,73
-176619.27591,82
-176489.27591,77
-176224.89906,76
-175769.02472,75
-175447.52465,76
-175217.1496,71
-174972.14996,75
-174762.14996,77
-174465.77498,74
-174136.27525,76
-173835.40052,75
-173415.02572,70
-173183.02575,70
-172946.53949,72
-172461.65314,68
-172180.27718,70
-171926.77702,71
-171755.27697,72
-171428.40197,73
-171102.90219,69
-170812.52913,72
-170552.5277,71
-170256.1527,72
-169863.65363,74
-169572.75481,70
-169347.75508,70
-169037.75593,69
-168731.26493,70
-168466.25539,70
-168075.38145,68
-167853.88089,69
-167558.50589,70
-167147.13188,65
-166957.13188,68
-166565.75688,69
-166327.25733,72
-165896.8826,71
-165515.38254,70
-165343.50788,70
-165112.50788,69
-164736.63305,66
-164441.63335,67
-164210.25835,69
-163950.25875,66
-163665.26066,63
-147696.13139,95
-147293.13184,83
-146867.08477,81
-146789.58474,86
-146272.21037,77
-146160.21037,78
-145965.83521,81
-145216.37016,102
-144699.3439,97
-143844.91454,105
-143657.88728,114
-143594.43451,88
-143451.43441,92
-143006.55957,90
-142289.18504,80
-141884.18522,76
-141628.31017,76
-141367.81042,78
-140872.43626,78
-140803.93626,84
-139011.33572,77
-138258.92205,107
-137962.48471,85
-137831.44583,79
-137480.94615,76
-137104.07587,76
-136785.07096,80
-136623.19624,81
-136227.19624,69
-136032.32164,81
-135510.32198,73
-135339.44688,68
-135154.94706,60
-134826.57232,73
-134400.07273,80
-134045.1984,73
-133843.69789,72
-133410.32301,80
-133086.82309,79
-132858.94868,72
-132590.4486,76
-132234.07386,67
-132084.074,71
-131777.21558,82
-131338.20026,69
-131244.82507,74
-130844.32459,70
-130372.94991,75
-130105.9503,68
-129816.07538,70
-129630.07538,74
-129396.70086,72
-127996.95151,67
-127861.45179,89
-127474.57648,57
-127117.57714,64
-126901.20193,67
-126671.20334,79
-126396.32715,77
-125916.82953,66
-125821.45447,65
-125082.76964,76
-124537.8049,127
-124449.36759,67
-124115.86778,80
-123621.03945,77
-123461.03945,118
-123170.39878,131
-122567.78248,106
-122394.28233,104
-122186.90729,96
-121833.90739,95
-121382.0352,109
-121318.03514,85
-120793.98262,90
-120540.10807,89
-120321.10793,87
-119888.73334,87
-119516.23374,92
-119053.35859,80
-118809.48393,86
-118626.4841,86
-118189.60917,86
-117778.61327,79
-117715.61327,81
-117207.23486,84
-116916.36011,74
-116815.8602,74
-116509.36024,80
-116013.49774,74
-115950.98568,72
-115663.61072,71
-115302.11136,70
-114784.23663,63
-114699.23663,69
-114378.86172,78
-113968.98694,83
-113825.4873,81
-113562.48731,85
-113054.61227,90
-112328.23754,103
-109507.86524,96
-108483.99024,78
-108358.49013,75
-107306.2409,82
-107164.74143,78
-106753.36631,83
-106612.86666,86
-106134.9916,80
-105976.49212,72
-104226.36764,93
-103922.40391,40
-103452.90292,82
-103130.40398,75
-102776.40412,67
-102597.52906,72
-102300.52893,73
-102157.65403,71
-101862.65426,71
-101335.27944,72
-101148.27966,72
-100414.90951,82
-100174.53061,84
-99983.5306101,84
-99730.1554899,81
-99391.65571,80
-98922.6561999,86
-98700.1563001,81
-98313.2816701,76
-98102.78162,75
-97879.7820101,78
-97391.7822399,99
-95790.6596401,86
-95546.6238599,80
-95051.6240201,81
-94930.1243,78
-94583.6240101,79
-94358.6243501,75
-56641.4964099,61
-55169.9421899,44
-54802.5673399,85
-54528.02055,79
-54397.0206399,88
-54091.6459501,74
-53707.5567901,89
-53680.11959,73
-53374.12008,93
-53117.62046,87
-52896.24581,93
-52535.15746,107
-51105.2936399,89
-50464.9057801,93
-50235.4051001,82
-49771.0295401,85
-49445.0295801,84
-49139.6547401,95
-48939.6547799,93
-48606.28019,83
-48222.7806101,76
-48108.73347,73
-47703.19082,74
-47503.1907401,74
-47239.3158801,85
-46861.8167901,75
-46624.4414201,88
-46302.3512101,122
-46125.3239701,110
-43757.5400901,76
-43141.6656799,82
-42778.2908199,77
-42681.29072,87
-42200.91611,80
-41956.41623,93
-41447.5661399,84
-41145.0422599,91
-40749.1728599,89
-40547.1671801,86
-40254.7926199,82
-39682.4177699,80
-39270.8125899,89
-38851.4377301,109
-37351.03613,104
-36825.6357501,99
-35885.60762,104
-35574.73277,90
-35364.7327099,98
-34563.3582301,99
-33899.60882,102
-33116.7453499,77
-4681.78009009,71
-3781.37855005,54
-3716.37855005,76
-3231.00471997,65
-3140.29341006,73
-3135.29341006,86
-3134.29341006,86
-3124.29341006,88
-3118.2934401,88
-3115.29341006,83
-3108.29341006,82
-3103.29341006,82
-3102.2934401,82
-3097.29341006,82
-3088.29341006,92
-3087.29341006,92
-3076.43407011,92
-3074.43407011,92
-3060.43404007,91
-3057.43404007,91
-3054.43404007,92
-3035.43404007,88
-3010.43407011,75
-3005.43407011,77
-3003.43404007,77
-2996.43404007,77
-2993.43407011,77
-2988.43404007,77
-2978.43404007,77
-2975.43404007,77
-2970.43407011,78
-2965.43404007,78
-2959.43404007,78
-2957.43407011,78
-2952.43404007,78
-2943.43404007,78
-2941.43404007,78
-2931.43407011,78
-2929.43404007,78
-2920.43404007,79
-2919.43404007,79
-2914.43404007,79
-2904.43404007,80
-2901.43407011,79
-2897.43407011,79
-2888.43404007,78
-2887.43404007,78
-2882.43404007,77
-2877.43404007,72
-2869.43404007,72
-2867.43407011,72
-2858.43404007,77
-2853.43404007,77
-2850.43404007,75
-2847.43407011,74
-2842.43404007,74
-2834.43404007,73
-2828.43404007,74
-2823.43404007,72
-2820.43404007,72
-2814.43404007,74
-2812.43407011,75
-2807.43404007,75
-2802.43404007,75
-2794.43404007,76
-2791.43404007,74
-2781.43404007,75
-2780.43404007,74
-2775.43404007,74
-2766.43404007,77
-2764.43404007,77
-2757.43404007,76
-2755.43404007,76
-2750.43407011,76
-2745.43404007,76
-2740.43404007,77
-2734.43404007,79
-2729.43404007,79
-2724.43404007,77
-2719.43404007,77
-2714.43407011,77
-2705.43404007,83
-2704.43407011,82
-2699.43407011,81
-2694.43404007,80
-2686.43407011,84
-2679.43404007,86
-2678.43407011,86
-2668.43404007,86
-2663.43407011,86
-2660.43407011,86
-2651.43404007,89
-2650.43407011,89
-2644.43407011,91
-2640.43404007,91
-2635.43404007,92
-2630.43404007,98
-2624.43404007,99
-2619.43404007,99
-2610.43404007,98
-2606.43404007,91
-2601.43404007,86
-2599.43404007,86
-2594.43404007,86
-2589.43404007,86
-2584.43407011,86
-2579.43407011,86
-2570.43407011,86
-2564.43404007,87
-2562.43404007,86
-2558.43404007,86
-2551.43404007,87
-2537.43404007,87
-2533.43407011,86
-2531.43407011,86
-2526.43404007,86
-2521.43407011,86
-2516.43404007,87
-2507.43404007,86
-2505.43407011,86
-2499.43404007,81
-2492.43407011,80
-2490.43407011,80
-2480.43404007,80
-2479.43404007,80
-2468.43404007,81
-2467.43404007,81
-2457.43404007,82
-2456.43404007,82
-2451.43404007,82
-2446.43404007,82
-2437.43404007,82
-2432.43404007,85
-2430.43407011,85
-2422.43404007,78
-2420.43404007,78
-2414.43407011,80
-2404.43404007,78
-2400.43407011,78
-2398.43404007,78
-2389.43404007,75
-2385.43407011,74
-2383.43404007,73
-2374.43404007,67
-2373.43404007,68
-2367.43407011,68
-2359.43404007,68
-2355.43407011,67
-2347.43407011,66
-2341.43404007,66
-2336.43404007,68
-2335.43404007,68
-2326.43407011,69
-2325.43404007,69
-2316.43404007,67
-2313.43404007,67
-2310.43407011,67
-2305.43404007,66
-2300.43404007,64
-2294.43407011,63
-2289.43404007,63
-2280.43404007,67
-2277.43407011,65
-2274.43404007,65
-2269.43404007,65
-2261.43404007,65
-2256.43407011,65
-2254.43404007,65
-2249.43404007,65
-2244.43404007,65
-2239.43404007,65
-2232.43404007,64
-2227.43407011,59
-2219.43407011,77
-2217.43407011,77
-2209.43407011,77
-2202.43404007,67
-2197.43404007,66
-2192.43404007,66
-2188.43404007,66
-2186.43404007,67
-2179.43404007,70
-2176.43404007,70
-2171.43404007,69
-2166.43407011,69
-2161.43404007,69
-2156.43404007,68
-2151.43404007,69
-2142.43404007,78
-2141.43404007,79
-2133.43407011,78
-2130.43404007,78
-2121.43404007,78
-2119.43404007,78
-2109.43404007,77
-2105.43407011,76
-2102.43404007,77
-2093.43404007,69
-2088.43404007,70
-2085.43407011,69
-2081.43404007,66
-2073.43404007,63
-2071.43404007,64
-2067.43404007,64
-2058.43404007,68
-2055.43404007,69
-2052.43407011,70
-2047.43407011,70
-2042.43407011,69
-2033.43404007,70
-2028.43404007,70
-2027.43404007,69
-2018.43404007,68
-2017.43404007,68
-2009.43404007,68
-2007.43407011,68
-2002.43404007,68
-1997.43404007,68
-1992.43404007,68
-1983.43404007,68
-1982.43404007,68
-1977.43407011,68
-1968.43404007,68
-1967.43404007,70
-1957.43404007,70
-1953.43407011,68
-1951.43404007,68
-1946.43404007,67
-1941.43404007,67
-1932.43404007,68
-1927.43407011,69
-1926.43404007,69
-1921.43407011,70
-1911.43404007,72
-1910.43404007,72
-1905.43404007,71
-1899.43407011,71
-1894.43404007,71
-1885.43404007,67
-1882.43404007,66
-1877.43404007,66
-1872.43404007,67
-1863.43404007,67
-1861.43404007,67
-1855.43407011,67
-1850.43407011,68
-1840.43404007,68
-1839.43404007,67
-1833.43404007,67
-1826.43404007,67
-1823.43404007,67
-1818.43404007,67
-1808.43404007,75
-1807.43404007,75
-1801.43407011,74
-1797.43404007,71
-1788.43404007,71
-1784.43404007,69
-1782.43407011,68
-1777.43404007,66
-1772.43407011,66
-1767.43407011,68
-1758.43404007,67
-1756.43404007,67
-1752.43404007,67
-1747.43404007,68
-1740.43404007,67
-1732.43404007,71
-1727.43404007,72
-1722.43407011,71
-1719.43404007,71
-1715.43404007,71
-1710.43404007,71
-1700.43404007,71
-1698.43404007,71
-1694.43404007,71
-1688.43404007,74
-1683.43404007,73
-1678.43404007,72
-1672.43404007,72
-1664.43404007,73
-1661.43404007,73
-1656.43407011,74
-1647.43404007,73
-1646.43404007,73
-1641.43404007,73
-1635.43404007,72
-1630.43407011,73
-1625.43404007,72
-1615.43404007,78
-1610.43404007,77
-1608.43404007,76
-1604.43404007,76
-1596.43404007,77
-1591.43404007,77
-1587.43404007,76
-1584.43404007,74
-1574.43404007,74
-1570.43404007,74
-1568.43404007,73
-1563.43407011,70
-1557.43407011,69
-1553.43404007,69
-1548.43407011,68
-1543.43404007,68
-1537.43404007,67
-1532.43404007,68
-1527.43404007,68
-1520.43404007,65
-1517.43404007,66
-1511.43404007,67
-1502.43407011,65
-1498.43407011,66
-1495.43407011,67
-1490.43404007,68
-1485.43404007,68
-1477.43404007,72
-1473.43407011,72
-1470.43404007,71
-1465.43404007,70
-1460.43404007,69
-1455.43404007,70
-1449.43404007,70
-1444.43404007,74
-1439.43407011,75
-1434.43404007,74
-1429.43404007,73
-1423.43404007,73
-1417.43407011,74
-1412.43404007,75
-1406.43404007,76
-1401.43404007,74
-1393.43404007,75
-1387.43404007,74
-1381.43404007,75
-1379.43404007,75
-1371.43404007,67
-1370.43404007,67
-1365.43404007,68
-1358.43404007,68
-1353.43404007,65
-1345.43407011,60
-1344.43404007,60
-1335.43404007,62
-1334.43407011,63
-1329.43404007,65
-1324.43407011,67
-1319.43407011,70
-1314.43407011,73
-1305.43407011,77
-1303.43404007,77
-1296.43404007,77
-1291.43404007,77
-1285.43407011,77
-1278.43407011,77
-1272.43404007,77
-1269.43404007,77
-1264.43404007,77
-1256.43407011,77
-1250.43404007,77
-1248.43404007,73
-1240.43404007,74
-1238.43407011,74
-1231.43404007,73
-1229.43407011,73
-1224.43407011,74
-1219.43404007,75
-1210.43404007,75
-1208.43407011,74
-1201.43407011,75
-1198.43404007,76
-1189.43404007,79
-1184.43404007,79
-1183.43407011,79
-1174.43404007,79
-1169.43404007,78
-1166.43407011,77
-1162.43404007,76
-1157.43404007,75
-1151.43404007,74
-1146.43404007,74
-1141.43404007,75
-1132.43404007,83
-1126.43404007,80
-1124.43407011,80
-1120.43404007,80
-1111.43404007,74
-1107.43407011,74
-1104.43407011,74
-1100.43407011,75
-1095.43404007,77
-1090.43404007,79
-1083.43407011,80
-1080.43404007,79
-1071.43404007,81
-1065.43404007,81
-1063.43404007,80
-1054.43404007,75
-1051.43404007,76
-1048.43404007,75
-1043.43407011,75
-1035.43404007,76
-1032.43407011,77
-1027.43404007,77
-1018.43407011,83
-1017.43404007,82
-1007.43404007,76
-1006.43404007,77
-1000.43404007,78
-995.43404007,79
-990.43404007,80
-981.43407011,83
-976.43407011,81
-972.43404007,81
-965.43404007,80
-964.43407011,80
-956.43404007,69
-954.43404007,68
-948.43404007,68
-940.43404007,72
-939.43404007,72
-934.43407011,74
-927.43404007,75
-924.43404007,75
-919.43404007,75
-913.43404007,75
-904.43404007,81
-902.43407011,81
-897.43404007,82
-888.43404007,85
-887.43407011,85
-882.43404007,86
-873.43404007,86
-871.43407011,86
-866.43407011,82
-861.43404007,82
-855.43404007,80
-851.43407011,81
-846.43404007,81
-841.43404007,79
-836.43404007,79
-830.43404007,80
-825.43404007,81
-815.43404007,84
-811.43407011,83
-808.43407011,83
-803.43404007,82
-798.43407011,80
-791.43404007,78
-788.43407011,78
-783.43404007,78
-775.43407011,80
-772.43407011,79
-767.43404007,77
-762.43404007,75
-757.43407011,75
-752.43404007,75
-747.43404007,76
-742.43407011,77
-735.43407011,78
-732.43404007,78
-727.43404007,78
-721.43407011,79
-711.43404007,80
-709.43404007,78
-705.43407011,77
-696.43404007,71
-695.43404007,72
-690.43407011,72
-681.43404007,76
-678.43407011,75
-675.43404007,76
-666.43404007,77
-660.43404007,75
-659.43404007,75
-654.43407011,76
-646.43404007,78
-644.43404007,77
-639.43404007,77
-634.43404007,81
-628.43404007,81
-623.43404007,82
-614.43404007,84
-612.43404007,84
-605.43404007,77
-602.43404007,77
-597.43407011,78
-589.43404007,80
-585.43404007,79
-582.43404007,77
-576.43404007,78
-570.43404007,82
-566.43404007,82
-561.43404007,78
-556.43407011,77
-551.43404007,77
-546.43407011,77
-537.43404007,86
-532.43404007,86
-531.43404007,86
-526.43404007,86
-517.43404007,86
-516.43404007,86
-511.43407011,86
-506.43407011,82
-501.43404007,81
-493.43404007,77
-491.43404007,76
-485.43404007,75
-480.43407011,75
-475.43404007,75
-469.43404007,75
-461.43404007,76
-459.43404007,76
-453.43404007,77
-448.43404007,77
-442.43404007,77
-437.43404007,76
-431.43404007,72
-426.43404007,72
-417.43404007,77
-413.43404007,77
-411.43404007,77
-406.43404007,78
-398.43404007,79
-396.43404007,78
-391.43404007,78
-382.43404007,80
-380.43407011,79
-376.43404007,80
-369.43404007,82
-366.43407011,82
-357.43404007,82
-352.43404007,83
-351.43407011,83
-342.43404007,80
-341.43404007,79
-336.43404007,79
-331.43404007,79
-325.43404007,80
-315.43404007,86
-313.43407011,87
-304.43404007,86
-303.43404007,86
-292.43404007,83
-291.43407011,83
-286.43407011,83
-281.43407011,83
-272.43404007,82
-269.43404007,82
-266.43404007,82
-261.43404007,81
-255.43404007,82
-249.43407011,82
-240.43404007,88
-239.43404007,88
-230.43404007,89
-229.43404007,90
-224.43404007,99
-218.43404007,99
-204.43404007,83
-203.43404007,83
-194.43404007,98
-191.43404007,98
-187.43404007,96
-183.43404007,95
-177.43404007,95
-168.43404007,84
-167.43404007,84
-161.43407011,83
-156.43404007,82
-151.43404007,82
-146.43404007,81
-140.43404007,79
-136.43407011,79
-131.43404007,80
-126.43404007,79
-120.43407011,79
-116.43404007,80
-106.43404007,82
-101.43407011,80
-100.43404007,80
-95.4340400696,80
-90.4340400696,80
-82.4340400696,86
-79.4340400696,82
-71.4340400696,74
-68.4340400696,75
-64.4340400696,73
-60.4340400696,71
-55.4340400696,71
-50.4340701103,72
-45.4340400696,73
-40.4340400696,75
-34.4340400696,74
-30.4340400696,75
-25.4340400696,76
-20.4340400696,76
-15.4340400696,73
-6.43407011032,73
-5.43404006958,73
-0.434070110321,72
4.56595993042,72
9.56595993042,73
14.5659599304,73
20.5659599304,73
25.5659599304,71
30.5659298897,72
35.5659599304,72
40.5659599304,77
46.5659298897,73
51.5659298897,73
56.5659599304,73
62.5659599304,75
68.5659599304,72
73.5659599304,70
79.5659599304,70
84.5659298897,71
91.5659599304,71
94.5659298897,71
99.5659599304,75
104.56595993,73
109.56595993,72
114.56595993,72
119.56592989,72
125.56595993,72
131.56595993,72
134.56595993,72
140.56595993,70
145.56595993,70
150.56595993,69
156.56595993,69
162.56595993,70
167.56595993,68
173.56592989,68
180.56595993,69
183.56592989,70
188.56595993,70
194.56595993,69
199.56595993,68
204.56595993,68
210.56595993,71
215.56595993,72
221.56595993,71
230.56592989,72
232.56595993,72
240.56592989,74
242.56595993,73
247.56595993,72
252.56595993,73
257.56595993,75
263.56595993,75
267.56595993,82
273.56592989,86
277.56595993,86
282.56595993,82
287.56595993,80
292.56595993,79
298.56595993,77
302.56595993,77
307.56595993,77
313.56595993,74
318.56592989,71
323.56595993,72
328.56595993,72
337.56595993,77
341.56595993,77
343.56595993,79
348.56592989,78
353.56595993,79
358.56595993,80
367.56595993,87
372.56595993,81
378.56592989,81
383.56595993,78
384.56592989,78
389.56595993,74
395.56595993,73
400.56595993,72
405.56595993,71
411.56592989,70
417.56595993,70
421.56595993,70
426.56592989,70
431.56592989,70
436.567339897,70
446.567339897,73
450.567310095,73
452.567310095,74
457.567339897,77
462.567339897,77
467.567339897,75
472.567339897,74
478.567339897,72
483.567339897,71
489.567310095,71
494.567339897,72
499.567339897,71
507.567339897,76
509.567339897,78
515.567339897,75
521.567310095,74
526.567310095,74
531.567310095,73
536.567310095,72
541.567339897,72
547.567339897,70
551.567339897,70
556.567310095,70
561.567339897,71
566.567339897,72
571.567339897,76
576.567339897,77
582.567339897,78
586.567310095,77
591.567339897,73
596.567339897,71
605.567339897,72
607.567339897,72
613.567339897,72
618.567310095,74
623.567310095,74
628.567339897,74
634.567339897,74
639.567339897,74
644.567339897,74
649.567339897,74
654.567310095,73
659.567339897,73
664.567339897,72
669.567339897,72
674.567310095,72
679.567310095,72
684.567339897,73
689.567339897,73
694.567339897,73
699.567339897,73
705.567339897,73
710.567339897,73
716.567310095,71
721.567339897,71
726.567339897,70
731.567339897,71
736.567339897,71
741.567339897,71
746.567310095,71
751.567339897,71
756.567339897,71
762.567339897,75
767.567310095,76
772.567339897,76
777.567310095,76
782.567310095,75
787.567339897,76
792.567310095,75
797.567310095,74
802.567310095,73
807.567339897,72
813.567339897,73
819.567339897,73
824.567339897,73
829.567339897,73
834.567339897,73
839.567310095,72
844.567310095,73
849.567339897,73
854.567310095,75
859.567339897,74
864.567339897,73
869.567339897,72
875.567310095,72
880.567310095,72
885.567339897,72
890.567339897,72
895.567339897,72
903.567339897,72
905.567310095,72
910.567339897,76
916.567339897,76
921.567339897,75
927.567339897,75
932.567339897,75
937.567339897,75
943.567339897,75
948.567339897,73
953.567339897,73
959.567339897,74
964.567339897,74
970.567339897,74
975.567339897,74
980.567310095,73
985.567310095,71
990.567310095,71
995.567339897,71
1003.56731009,68
1008.5673399,69
1011.56731009,70
1016.5673399,70
1021.5673399,69
1026.5673399,70
1034.5673399,70
1036.5673399,70
1042.5673399,70
1050.5673399,72
1052.5673399,73
1058.56731009,74
1063.5673399,74
1068.5673399,69
1073.5673399,69
1078.5673399,69
1083.5673399,71
1088.5673399,71
1093.5673399,72
1099.5673399,72
1104.5673399,72
1109.5673399,73
1114.56731009,73
1119.5673399,73
1124.5673399,71
1130.56731009,71
1135.5673399,69
1141.5673399,68
1145.5673399,68
1152.5673399,69
1155.56731009,69
1163.5673399,73
1165.56731009,75
1170.5673399,80
1177.5673399,77
1180.56731009,77
1185.56731009,76
1190.5673399,75
1196.5673399,76
1201.5673399,76
1207.5673399,76
1212.56731009,75
1217.5673399,74
1222.5673399,72
1227.56731009,71
1232.5673399,71
1238.5673399,71
1243.56731009,71
1248.56731009,72
1253.5673399,72
1258.5673399,72
1263.56731009,72
1268.5673399,72
1278.5673399,72
1279.56731009,72
1284.5673399,72
1289.56731009,73
1294.56731009,71
1299.5673399,72
1304.56731009,74
1309.5673399,74
1314.56731009,71
1319.5673399,71
1324.5673399,71
1329.5673399,71
1335.5673399,71
1340.5673399,71
1345.5673399,71
1351.56731009,70
1356.5673399,71
1361.5673399,72
1366.5673399,72
1373.5673399,72
1377.5673399,71
1382.5673399,70
1388.5673399,72
1393.5673399,72
1398.5673399,72
1408.56731009,71
1409.56731009,71
1414.5673399,70
1419.5673399,69
1425.5673399,69
1433.5673399,69
1435.5673399,69
1440.56731009,69
1445.56731009,69
1450.56731009,69
1455.5673399,69
1460.5673399,69
1465.5673399,70
1471.5673399,70
1477.5673399,70
1483.56731009,69
1488.5673399,70
1493.5673399,69
1498.5673399,69
1504.5673399,70
1509.5673399,69
1514.5673399,69
1519.5673399,69
1524.56731009,70
1529.5673399,70
1534.5673399,70
1542.5673399,70
1545.5673399,69
1550.5673399,70
1556.5673399,70
1561.5673399,70
1566.5673399,70
1571.5673399,68
1576.5673399,69
1581.5673399,69
1587.56731009,69
1592.56731009,69
1597.5673399,69
1603.5673399,68
1608.56731009,69
1613.5673399,71
1618.5673399,71
1624.5673399,70
1631.5673399,70
1634.5673399,70
1639.5673399,69
1644.5673399,69
1650.5673399,70
1655.56731009,69
1663.56731009,68
1665.5673399,69
1670.5673399,70
1675.5673399,68
1681.5673399,68
1686.56731009,68
1691.5673399,68
1696.5673399,68
1701.5673399,68
1706.5673399,68
1711.5673399,69
1716.5673399,69
1721.5673399,69
1726.5673399,68
1731.56731009,69
1736.5673399,71
1741.5673399,71
1746.5673399,71
1751.5673399,71
1758.56731009,68
1761.56731009,69
1767.5673399,70
1771.5673399,70
1776.56731009,69
1781.5673399,70
1786.5673399,71
1791.5673399,71
1796.56731009,70
1801.56731009,71
1806.5673399,70
1813.56731009,68
1817.56731009,69
1822.56731009,68
1827.5673399,69
1833.56731009,70
1837.56731009,70
1842.5673399,70
1848.5673399,71
1853.5673399,70
1858.56731009,69
1867.5673399,69
1868.5673399,70
1874.5673399,69
1879.56731009,69
1884.5673399,69
1889.5673399,68
1895.5673399,68
1900.5673399,69
1905.5673399,69
1910.5673399,69
1915.56731009,70
1920.5673399,70
1925.5673399,70
1931.5673399,69
1935.5673399,67
1940.5673399,68
1946.56731009,68
1952.5673399,69
1956.56731009,70
1961.5673399,77
1971.5673399,64
1974.5673399,66
1977.56731009,68
1982.5673399,67
1987.56731009,68
1992.5673399,68
1998.5673399,68
2005.5673399,64
2008.5673399,65
2013.5673399,66
2018.5673399,68
2023.56731009,68
2028.5673399,68
2033.5673399,68
2039.56731009,68
2046.56731009,70
2049.5673399,70
2054.5673399,70
2059.5673399,70
2064.5673399,70
2069.5673399,70
2075.5673399,70
2080.5673399,69
2086.5673399,69
2090.5673399,68
2096.5673399,67
2102.5673399,68
2107.5673399,71
2112.5673399,71
2117.5673399,71
2122.56731009,69
2130.5673399,69
2132.5673399,68
2138.56731009,69
2143.5673399,70
2149.5673399,71
2154.5673399,71
2160.5673399,70
2165.5673399,72
2170.5673399,71
2175.56731009,68
2180.5673399,69
2187.56731009,69
2192.5673399,70
2197.5673399,70
2203.5673399,70
2208.5673399,70
2213.5673399,71
2219.5673399,72
2223.5673399,72
2229.56731009,71
2234.5673399,70
2243.5673399,70
2244.5673399,70
2249.5673399,71
2254.5673399,70
2259.56731009,86
2267.5673399,89
2269.5673399,88
2275.5673399,79
2279.56731009,77
2288.5673399,71
2289.56731009,71
2294.5673399,69
2299.56731009,68
2304.56731009,67
2309.56731009,68
2314.5673399,67
2319.5673399,66
2325.56731009,66
2331.56731009,70
2335.5673399,68
2345.5673399,67
2346.5673399,68
2351.5673399,68
2357.56731009,68
2362.5673399,68
2367.56731009,68
2372.5673399,68
2377.56731009,68
2382.56731009,68
2387.56731009,68
2392.5673399,69
2398.56731009,69
2403.56731009,69
2409.56731009,69
2414.5673399,68
2419.5673399,68
2424.56731009,68
2430.5673399,68
2434.5673399,68
2439.5673399,68
2444.5673399,69
2454.5673399,69
2455.5673399,71
2460.5673399,73
2465.5673399,72
2470.5673399,72
2475.5673399,71
2480.5673399,71
2486.5673399,73
2492.5673399,73
2497.56731009,73
2502.5673399,72
2510.5673399,71
2512.56731009,72
2517.5673399,72
2522.56731009,72
2527.5673399,73
2532.5673399,73
2537.5673399,73
2543.5673399,73
2549.5673399,73
2554.5673399,73
2562.5673399,72
2564.5673399,72
2572.5673399,71
2575.56731009,69
2580.5673399,70
2585.5673399,71
2590.5673399,71
2596.5673399,72
2606.5673399,72
2607.5673399,71
2616.5673399,70
2617.5673399,70
2622.5673399,70
2628.5673399,70
2634.5673399,70
2639.56731009,70
2644.56731009,70
2649.5673399,72
2656.5673399,74
2662.56731009,74
2664.5673399,69
2669.5673399,68
2675.5673399,68
2680.56731009,68
2685.5673399,69
2691.5673399,70
2696.5673399,70
2702.56731009,70
2707.56731009,71
2712.5673399,72
2718.5673399,73
2723.5673399,73
2729.56731009,71
2734.5673399,71
2739.5673399,70
2745.5673399,70
2750.5673399,70
2760.5673399,69
2761.5673399,69
2766.5673399,69
2771.56731009,70
2776.5673399,70
2781.5673399,70
2786.5673399,69
2792.5673399,69
2796.56731009,67
2801.5673399,68
2806.5673399,69
2812.5673399,71
2820.5673399,71
2822.56731009,70
2827.56731009,68
2832.56731009,68
2837.5673399,69
2847.5673399,69
2848.56731009,68
2853.56731009,66
2858.5673399,67
2864.5673399,68
2869.5673399,69
2874.5673399,69
2879.5673399,70
2885.56731009,70
2890.5673399,70
2896.5673399,69
2901.5673399,69
2906.56731009,71
2911.56731009,72
2916.5673399,72
2922.5673399,72
2928.5673399,71
2933.5673399,72
2938.56731009,72
2947.5673399,72
2948.5673399,70
2954.5673399,68
2959.5673399,69
2965.56731009,70
2970.5673399,70
2975.5673399,70
2980.56731009,70
2985.5673399,70
2991.5673399,70
2996.5673399,70
3001.56731009,69
3006.56731009,69
3011.5673399,71
3016.56731009,72
3021.56731009,71
3026.5673399,68
3031.56731009,69
3036.5673399,69
3042.56731009,69
3052.5673399,69
3053.5673399,70
3058.5673399,70
3063.5673399,70
3069.5673399,70
3074.5673399,70
3081.5673399,70
3084.56731009,70
3089.5673399,69
3094.5673399,70
3099.5673399,71
3104.5673399,72
3109.56731009,72
3114.5673399,72
3119.5673399,72
3125.5673399,72
3130.56731009,68
3134.5673399,69
3140.5673399,71
3145.56731009,71
3150.5673399,72
3156.5673399,72
3163.5673399,71
3167.5673399,71
3172.5673399,72
3178.56731009,74
3183.5673399,73
3188.5673399,73
3193.56731009,72
3198.5673399,73
3204.5673399,72
3209.5673399,69
3214.5673399,69
3219.5673399,69
3224.5673399,69
3229.5673399,71
3234.5673399,73
3242.5673399,72
3244.56731009,72
3249.5673399,72
3254.56731009,72
3259.5673399,72
3264.5673399,70
3270.56731009,70
3274.56731009,70
3279.5673399,79
3285.5673399,70
3289.5673399,70
3295.5673399,71
3300.5673399,72
3307.56731009,64
3313.5673399,67
3317.5673399,67
3322.56731009,70
3327.5673399,71
3332.5673399,66
3338.5673399,66
3344.5673399,66
3349.56731009,63
3354.56731009,64
3360.5673399,65
3364.5673399,68
3369.5673399,68
3374.5673399,70
3380.5673399,70
3385.5673399,70
3394.5673399,73
3395.56731009,73
3400.5673399,72
3405.5673399,67
3410.56731009,68
3415.5673399,69
3421.56731009,69
3426.5673399,70
3431.5673399,70
3436.5673399,70
3441.5673399,70
3448.56731009,70
3452.5673399,70
3458.5673399,69
3463.5673399,69
3468.5673399,70
3473.5673399,71
3478.56731009,72
3483.5673399,71
3489.5673399,71
3494.56731009,71
3499.5673399,71
3504.56731009,70
3511.5673399,70
3514.5673399,70
3519.5673399,69
3524.56731009,70
3529.5673399,70
3534.5673399,70
3539.5673399,70
3545.5673399,70
3550.5673399,71
3558.5673399,71
3560.5673399,72
3565.5673399,73
3571.5673399,73
3577.56731009,73
3586.5673399,72
3587.5673399,71
3592.5673399,68
3597.5673399,69
3602.56731009,69
3607.5673399,71
3613.5673399,72
3619.5673399,72
3627.56731009,74
3629.56731009,75
3638.5673399,68
3639.5673399,68
3644.5673399,68
3650.5673399,68
3655.5673399,70
3660.5673399,71
3666.56731009,70
3671.5673399,70
3676.56731009,70
3681.5673399,70
3686.5673399,72
3691.5673399,74
3697.5673399,73
3703.5673399,72
3707.5673399,71
3712.5673399,70
3717.56731009,70
3722.5673399,72
3727.5673399,72
3732.5673399,72
3738.5673399,72
3743.5673399,72
3751.5673399,72
3753.5673399,72
3758.5673399,68
3763.5673399,67
3769.5673399,68
3774.56731009,68
3779.56731009,68
3784.5673399,69
3790.5673399,69
3796.56731009,71
3801.5673399,70
3806.5673399,70
3811.56731009,70
3816.5673399,70
3821.5673399,70
3828.5673399,70
3831.56731009,70
3836.5673399,70
3841.5673399,70
3849.5673399,72
3851.56731009,71
3856.5673399,68
3861.5673399,69
3866.5673399,68
3871.5673399,68
3876.56731009,69
3881.5673399,71
3886.56731009,72
3891.5673399,71
3907.56731009,71
3912.56731009,72
3917.56731009,68
3941.16072011,71
4063.87826991,72
4338.89064002,73
4645.27654004,72
4991.75445008,67
5233.75422001,68
5548.75421,75
5850.12927008,75
6165.12905002,74
6436.50297999,75
6756.50297999,72
7042.87759995,71
7342.87747002,72
7644.25247002,69
7959.25154996,69
8235.62731004,70
8535.62731004,70
8846.50231004,69
9152.0022099,69
9434.28408003,67
9793.28408003,70
10034.75175,70
10334.75175,71
10760.12801,69
10941.12711,68
11297.5037,71
11602.5037,69
11833.8791001,70
12163.8791001,70
12520.2541001,71
12818.2537701,70
13076.62871,68
13351.6299,68
13708.00488,68
13934.5048101,68
14279.3807001,63
14595.3808401,61
15025.75664,63
15140.75664,66
15441.62976,66
15737.1287899,67
16213.50351,70
16338.50348,70
16699.87854,73
16963.37854,71
17246.7532201,72
17638.3150001,68
17853.3140099,69
18138.3138599,70
18444.6886499,71
18766.0636499,72
19036.01613,69
19361.06323,70
19657.43823,71
19947.4379201,72
20278.8129201,74
20538.8129201,76
20875.1867299,76
21135.1867299,75
21436.55949,74
21874.9348099,67
22117.9348099,70
22429.31005,72
22724.3097999,70
22961.3089099,72
23250.6839099,72
23585.05915,74
23839.05915,72
24308.4330399,78
24513.43277,76
24738.43097,71
25104.8060801,74
25478.6821499,76
25696.1821499,78
25997.55685,77
26280.5566199,74
26568.9312999,74
26833.93101,77
27195.30551,79
27445.3055799,74
27772.1803899,73
28061.6800699,73
28341.1796801,72
28863.05461,76
28958.05443,75
29259.42957,75
29646.65464,79
