-24201.4177999,106
-23801.75844,102
-23764.9908299,74
-23573.3736401,34
-23568.3736401,81
-23540.3736401,38
-23539.3736801,38
-23476.9188399,50
-23471.9188399,81
-23466.9181099,88
-23304.5102701,62
-23209.4212999,74
-23133.28531,102
-23128.28531,107
-23078.9962201,77
-23073.9962201,81
-2878.89934993,83
-2873.89931989,82
-2748.77200007,75
-2436.85402989,69
-2179.8538599,64
-1816.97905993,68
-1507.47947001,72
-1379.60447001,75
-1045.60421991,64
-987.021320105,82
-983.021290064,82
-981.021290064,82
-925.021290064,83
-924.021290064,83
-914.021320105,77
-909.021290064,69
-906.021290064,68
-897.092329979,68
-887.09236002,68
-884.092329979,68
-881.092329979,68
-876.092329979,68
-870.09236002,68
-865.092329979,68
-858.092329979,75
-851.09236002,74
-846.092329979,76
-842.092329979,75
-837.09236002,74
-830.09236002,74
-825.092329979,71
-822.092329979,70
-819.092329979,71
-814.09236002,68
-809.09236002,68
-804.092329979,68
-795.092329979,76
-794.092329979,75
-788.092329979,64
-781.092329979,76
-774.09236002,65
-768.09236002,65
-763.092329979,71
-760.092329979,70
-757.092329979,71
-749.09236002,74
-746.092329979,73
-741.092329979,74
-731.09236002,73
-730.09236002,73
-725.092329979,73
-718.092329979,74
-715.092329979,74
-706.092329979,74
-701.092329979,75
-700.092329979,76
-694.09236002,82
-685.092329979,81
-684.092329979,81
-677.092329979,69
-673.09236002,67
-659.092329979,69
-653.09236002,69
-651.09236002,70
-647.09236002,69
-642.092329979,69
-632.09236002,69
-629.09236002,70
-625.092329979,73
-620.092329979,73
-611.09236002,73
-609.09236002,73
-604.092329979,73
-596.09236002,73
-593.09236002,74
-588.09236002,74
-580.092329979,75
-574.092329979,75
-573.09236002,75
-565.092329979,75
-560.092329979,76
-558.092329979,76
-548.09236002,76
-543.092329979,76
-541.092329979,75
-532.09236002,73
-529.09236002,73
-526.092329979,72
-521.092329979,71
-516.092329979,72
-506.09236002,69
-501.092329979,69
-500.092329979,69
-495.092329979,71
-485.092329979,70
-483.092329979,70
-479.092329979,70
-469.09236002,71
-468.09236002,71
-459.092329979,71
-453.09236002,70
-451.09236002,70
-443.092329979,70
-442.092329979,70
-437.092329979,70
-431.09236002,70
-426.092329979,71
-420.092329979,71
-416.092329979,71
-410.092329979,70
-346.092329979,95
-332.09236002,76
-327.09236002,75
-323.092329979,72
-317.092329979,72
-316.092329979,72
-310.09236002,72
-301.092329979,71
-296.092329979,71
-290.09236002,71
-289.09236002,71
-280.092329979,70
-275.092329979,70
-274.092329979,70
-268.09236002,70
-263.092329979,70
-258.092329979,70
-252.09236002,70
-247.09236002,70
-238.092329979,75
-234.09236002,74
-228.09236002,74
-222.092329979,74
-221.092329979,74
-211.09236002,74
-181.092329979,76
-177.092329979,81
-175.092329979,81
-169.09236002,87
-154.09236002,91
-153.09236002,92
-144.092329979,91
-143.092329979,91
-136.092329979,82
-132.09236002,83
-124.092329979,83
-122.092329979,83
-117.092329979,84
-61.0923299789,92
-52.0923299789,92
-47.0923299789,91
-46.0923299789,91
-41.0923299789,90
-31.0923600197,68
-26.0923299789,69
-25.0923299789,69
-17.0923299789,71
-11.0923299789,68
-8.09232997894,68
-1.09232997894,68
-0.0923299789429,68
7.90767002106,68
12.9076700211,69
17.9076700211,68
21.9076700211,68
27.9076700211,63
29.9076700211,62
37.9076700211,62
43.9076700211,63
45.9076700211,62
49.9076700211,62
57.9076700211,61
59.9076700211,61
64.9076700211,62
73.9076700211,62
76.9076399803,62
82.9076700211,62
84.9076700211,62
92.9076700211,63
94.9076700211,63
102.907670021,63
104.907670021,63
109.907670021,63
118.907670021,63
120.907670021,63
124.907670021,63
131.907670021,62
135.907670021,62
143.907670021,63
145.907670021,63
150.907670021,64
156.907670021,64
160.907670021,64
165.907670021,64
170.907670021,64
179.907670021,64
180.907670021,64
185.907670021,64
190.907670021,64
196.907670021,64
200.907670021,64
209.907670021,67
211.907670021,67
217.907670021,67
220.907670021,67
225.907670021,67
234.907670021,66
235.907670021,66
240.907670021,66
245.907670021,66
250.907670021,66
256.907670021,66
263.907670021,65
265.907670021,66
272.907670021,65
276.907670021,65
283.907670021,66
290.907670021,65
291.90763998,65
300.907670021,62
305.907670021,60
306.907670021,60
311.907670021,60
319.907670021,60
325.907670021,60
328.907670021,60
331.907670021,61
340.907670021,68
345.907670021,68
347.907670021,68
355.907670021,64
356.907670021,64
361.907670021,63
370.907670021,63
371.907670021,64
376.907670021,63
381.907670021,63
390.907670021,63
391.90763998,63
396.907670021,63
405.907670021,66
410.907670021,66
415.907670021,66
417.907670021,66
421.907670021,66
429.907670021,67
431.907670021,67
440.907670021,67
442.907670021,67
449.907670021,67
455.907670021,68
457.907670021,68
461.907670021,68
470.907670021,72
475.907670021,73
476.907670021,73
485.907670021,73
488.907670021,72
493.907670021,73
498.907670021,72
501.907670021,72
510.90763998,72
516.907670021,67
520.907670021,68
524.907670021,68
527.907670021,68
535.907670021,69
539.907670021,69
544.907670021,70
548.907670021,70
557.907670021,69
559.907670021,70
566.907670021,69
570.907670021,69
573.907670021,69
581.907670021,69
587.907670021,68
591.907670021,69
594.907670021,69
598.907670021,70
607.907670021,70
608.907670021,70
616.907670021,70
618.907670021,70
623.907670021,69
632.907670021,68
636.907670021,69
639.907670021,69
643.907670021,69
648.907670021,69
657.907670021,69
658.907670021,69
663.907670021,76
668.907670021,76
682.907670021,94
683.907670021,94
707.907670021,73
711.907670021,74
717.907670021,76
722.907670021,74
724.907670021,74
728.907670021,75
733.907670021,74
738.907670021,75
747.907670021,75
752.907670021,75
757.907670021,74
758.907670021,74
764.907670021,74
772.907670021,73
773.907670021,73
778.907670021,74
784.907670021,73
788.907670021,73
795.907670021,73
802.907670021,71
803.907670021,71
826.907670021,73
832.907670021,73
837.907670021,70
842.907670021,68
847.907670021,68
851.907670021,68
855.90763998,68
858.907670021,68
863.907670021,77
868.907670021,68
874.907670021,65
882.907670021,60
884.907670021,61
892.907670021,67
896.907670021,65
899.907670021,66
903.907670021,66
908.907670021,66
913.907670021,65
918.907670021,65
923.907670021,64
928.907670021,64
933.907670021,64
938.907670021,64
943.907670021,65
948.907670021,65
955.907670021,65
959.907670021,65
964.907670021,65
973.90763998,65
975.907670021,65
980.907670021,65
985.907670021,65
991.90763998,68
996.907670021,66
1001.90767002,65
1006.90763998,64
1011.90763998,64
1016.90767002,64
1021.90767002,64
1027.90767002,64
1036.90767002,64
1038.90767002,66
1048.90763998,68
1053.90763998,66
1058.90767002,65
1061.90767002,64
1064.90763998,64
1069.90763998,63
1074.90767002,63
1079.90767002,63
1084.90767002,63
1089.90763998,63
1095.90767002,63
1099.90767002,63
1104.90767002,63
1111.90763998,63
1115.90767002,63
1120.90767002,63
1125.90767002,63
1135.90767002,63
1136.90767002,63
1141.90767002,63
1147.90763998,63
1172.90763998,65
1174.90767002,65
1182.90767002,65
1188.90763998,61
1193.90763998,60
1198.90767002,60
1203.90767002,59
1208.90763998,59
1212.90763998,59
1215.90767002,59
1224.90767002,59
1229.90763998,59
1231.90763998,59
1236.90767002,59
1241.90767002,59
1247.90763998,59
1255.90767002,59
1256.90767002,59
1261.90767002,59
1267.90763998,59
1272.90763998,59
1277.90767002,59
1282.90767002,59
1290.90767002,60
1296.90767002,60
1298.90767002,60
1303.90767002,60
1309.90763998,60
1314.90763998,60
1319.90767002,59
1324.90767002,59
1332.90763998,65
1340.90767002,59
1345.90767002,62
1349.90763998,61
1355.90767002,61
1360.90767002,61
1366.90763998,61
1367.90763998,61
1372.90763998,62
1377.90767002,62
1382.90767002,62
1388.90763998,62
1393.90763998,62
1398.90767002,62
1403.90767002,61
1409.90763998,61
1414.90763998,61
1419.90767002,61
1424.90767002,61
1430.90763998,61
1438.90767002,61
1440.90767002,61
1447.90763998,61
1451.90767002,61
1456.90767002,61
1461.90767002,61
1470.90763998,65
1473.90763998,64
1478.90767002,64
1484.90763998,63
1491.90763998,62
1494.90763998,62
1499.90767002,61
1504.90767002,61
1510.90763998,61
1519.90767002,60
1521.90767002,60
1525.90767002,60
1531.90763998,60
1536.90767002,60
1541.90767002,60
1546.90763998,60
1551.90763998,60
1556.90767002,60
1561.90767002,60
1567.90763998,60
1572.90763998,60
1577.90767002,60
1582.90767002,60
1588.90763998,60
1597.90767002,61
1598.90767002,60
1607.90767002,59
1612.90763998,58
1613.90763998,58
1618.90767002,57
1626.90763998,56
1633.90763998,55
1635.90767002,55
1640.90767002,56
1648.90763998,56
1650.90763998,56
1659.90767002,57
1661.90767002,57
1667.90763998,58
1674.90763998,57
1676.90767002,57
1681.90767002,57
1687.90763998,57
1692.90763998,57
1698.90767002,57
1702.90767002,57
1708.90763998,58
1713.90763998,58
1718.90767002,58
1724.90767002,57
1733.90767002,58
1737.90767002,58
1739.90767002,58
1749.90767002,58
1750.90763998,58
1755.90767002,58
1764.90767002,58
1765.90767002,58
1775.90767002,58
1780.90767002,58
1781.90767002,58
1789.90763998,59
1794.90763998,60
1799.90767002,60
1805.90767002,61
1808.90763998,61
1816.90767002,61
1820.90767002,61
1826.90767002,61
1829.90763998,61
1838.90767002,62
1839.90767002,62
1844.90767002,62
1854.90767002,62
1859.90767002,63
1861.90767002,63
1870.90763998,62
1871.90763998,62
1876.90767002,62
1881.90767002,63
1886.90767002,63
1892.90763998,64
1900.90767002,62
1902.90767002,62
1911.90763998,62
1913.90763998,62
1918.90767002,61
1923.90767002,61
1929.90763998,61
1934.90763998,61
1939.90767002,61
1944.90767002,61
1949.90767002,61
1955.90767002,61
1960.90767002,62
1966.90763998,62
1971.90763998,62
1976.90767002,61
1981.90767002,61
1988.90763998,60
1992.90763998,61
1997.90767002,61
2002.90767002,61
2007.90763998,61
2012.90763998,61
2017.90767002,62
2022.90767002,62
2028.90763998,62
2033.90763998,62
2038.90767002,62
2045.90763998,62
2049.90763998,62
2054.90763998,62
2059.90767002,62
2067.90763998,62
2070.90763998,62
2075.90767002,61
2080.90767002,62
2085.90767002,62
2091.90763998,61
2096.90767002,61
2101.90767002,61
2106.90763998,61
2111.90767002,61
2116.90767002,61
2121.90767002,61
2127.90763998,61
2133.90763998,61
2137.90767002,61
2146.90763998,61
2148.90763998,61
2155.90767002,61
2158.90767002,62
2163.90767002,62
2169.90763998,62
2174.90763998,62
2179.90767002,62
2185.90767002,62
2190.90763998,62
2195.90767002,62
2200.90767002,62
2205.90767002,61
2211.90763998,61
2216.90767002,62
2221.90767002,62
2227.90763998,62
2232.90763998,62
2237.90767002,62
2244.90767002,62
2248.90767002,62
2254.90763998,62
2259.90767002,62
2264.90767002,62
2270.90763998,62
2277.90767002,61
2280.90767002,61
2285.90767002,61
2291.90763998,62
2296.90767002,62
2304.90767002,62
2306.90767002,62
2311.90763998,62
2316.90767002,62
2321.90767002,62
2326.90767002,62
2332.90763998,62
2339.90767002,63
2342.90767002,63
2348.90763998,62
2354.90763998,62
2358.90767002,61
2363.90767002,61
2369.90763998,61
2377.90767002,61
2383.90767002,61
2384.90767002,61
2390.90763998,61
2395.90767002,61
2400.90767002,61
2405.90767002,61
2411.90763998,62
2416.90767002,62
2421.90767002,62
2426.90767002,62
2432.90763998,62
2437.90767002,62
2442.90767002,62
2448.90763998,62
2453.90767002,62
2458.90767002,61
2463.90767002,62
2469.90763998,62
2474.90763998,62
2479.90767002,62
2484.90767002,62
2490.90763998,62
2495.90767002,62
2500.90767002,62
2505.90767002,62
2511.90763998,62
2520.90767002,62
2521.90767002,62
2526.90763998,62
2531.90763998,62
2536.90767002,62
2542.90767002,63
2546.90767002,63
2552.90763998,61
2557.90767002,61
2562.9198699,60
2568.91983008,61
2573.91983008,61
2578.9198699,61
2583.9198699,62
2590.91983008,62
2594.91983008,62
2601.9198699,62
2604.9198699,62
2610.91983008,61
2615.91983008,61
2620.9198699,61
2625.9198699,61
2631.91983008,61
2636.9198699,62
2641.9198699,63
2646.9198699,63
2651.91983008,63
2656.9198699,63
2661.9198699,63
2667.91983008,63
2672.91983008,62
2677.9198699,62
2682.9198699,63
2688.9198699,63
2693.9198699,64
2703.91983008,63
2704.9198699,63
2710.91983008,63
2715.91983008,63
2720.9198699,63
2725.9198699,63
2731.91983008,63
2736.9198699,63
2741.9198699,62
2746.9198699,62
2752.91983008,62
2757.9198699,63
2766.9198699,63
2767.91983008,63
2772.91983008,63
2777.9198699,63
2782.9198699,63
2788.91983008,63
2793.91983008,63
2798.9198699,62
2803.9198699,62
2809.91983008,62
2814.91983008,62
2819.9198699,62
2824.9198699,62
2830.91983008,62
2835.91983008,62
2840.9198699,62
2845.9198699,62
2851.91983008,62
2858.9198699,62
2861.9198699,62
2866.91983008,62
2871.9198699,62
2878.9198699,62
2882.9198699,62
2888.91983008,63
2893.91983008,62
2901.9198699,62
2903.9198699,62
2909.91983008,62
2914.91983008,62
2919.9198699,62
2924.9198699,62
2931.91983008,62
2935.91983008,62
2940.9198699,62
2945.9198699,62
2951.91983008,62
2956.9198699,62
2961.9198699,63
2966.9198699,63
2972.9198699,63
2977.9198699,63
2982.9198699,63
2988.91983008,63
2993.91983008,63
2998.9198699,63
3003.9198699,63
3013.91983008,63
3014.91983008,63
3019.9198699,63
3024.9198699,63
3030.91983008,63
3035.91983008,63
3040.9198699,63
3045.9198699,63
3051.91983008,63
3056.9198699,62
3061.9198699,62
3066.9198699,62
3072.91983008,62
3079.9198699,63
3082.9198699,62
3087.91983008,62
3092.91983008,62
3097.9198699,62
3102.9198699,62
3108.91983008,62
3113.9198699,62
3118.9198699,63
3123.9198699,63
3129.9198699,63
3135.91983008,63
3140.9198699,63
3145.9198699,63
3154.91983008,63
3156.9198699,63
3161.9198699,63
3166.9198699,63
3172.91983008,63
3177.9198699,64
3182.9198699,64
3188.91983008,64
3197.9198699,64
3198.9198699,64
3203.9198699,64
3209.91983008,64
3214.91983008,64
3219.9198699,64
3224.9198699,64
3230.91983008,64
3235.9198699,64
3241.9198699,64
3245.9198699,64
3251.91983008,64
3256.9198699,64
3261.9198699,64
3266.9198699,64
3271.91983008,65
3276.9198699,65
3281.9198699,64
3286.9198699,64
3292.91983008,65
3297.9198699,65
3306.91983008,65
3308.91983008,65
3313.91983008,65
3318.9198699,65
3323.9198699,65
3332.9198699,65
3334.91983008,65
3339.9198699,64
3344.9198699,64
3350.91983008,64
3355.9198699,64
3363.9198699,64
3365.9198699,65
3371.91983008,65
3376.9198699,65
3381.9198699,65
3386.9198699,64
3392.9198699,64
3400.9198699,65
3402.9198699,65
3407.91983008,65
3412.91983008,65
3418.9198699,65
3422.9198699,65
3428.91983008,65
3433.91983008,65
3441.9198699,65
3443.9198699,65
3449.91983008,65
3454.91983008,64
3459.9198699,64
3469.91983008,64
3470.91983008,64
3475.91983008,64
3481.9198699,64
3485.9198699,64
3491.91983008,65
3496.9198699,65
3501.9198699,65
3507.9198699,65
3514.91983008,65
3517.9198699,65
3526.91983008,65
3532.91983008,65
3533.91983008,66
3538.9198699,66
3546.91983008,66
3549.91983008,66
3554.9198699,66
3559.9198699,66
3564.9198699,66
3570.91983008,65
3575.91983008,65
3580.9198699,65
3585.9198699,65
3591.91983008,66
3596.9198699,66
3602.9198699,66
3611.91983008,65
3612.9198699,66
3620.9198699,66
3622.9198699,66
3630.91983008,66
3634.91983008,65
3639.9198699,65
3644.9198699,65
3652.91983008,66
3657.9198699,67
3662.9198699,68
3666.91983008,67
3671.91983008,66
3676.9198699,66
3681.9198699,68
3687.91983008,67
3692.9198699,67
3697.9198699,67
3702.9198699,67
3707.91983008,67
3715.91983008,66
3717.9198699,67
3722.9198699,67
3727.91983008,67
3732.91983008,67
3741.9198699,66
3742.9198699,66
3750.91983008,66
3754.91983008,66
3760.9198699,66
3769.91983008,66
3770.91983008,66
3775.91983008,64
3783.9198699,64
3785.9198699,65
3791.9198699,65
3797.9198699,66
3802.9198699,66
3807.91983008,66
3812.91983008,66
3821.9198699,66
3822.9198699,66
3827.91983008,66
3832.91983008,65
3837.9198699,65
3844.9198699,66
3848.91983008,66
3853.9198699,66
3858.9198699,66
3866.91983008,66
3872.91983008,66
3874.91983008,66
3879.9198699,67
3884.9198699,67
3890.91983008,66
3895.91983008,67
3900.9198699,67
3905.9198699,67
3911.91983008,67
3916.9198699,67
3921.9198699,67
3929.91983008,67
3931.91983008,67
3940.9198699,67
3943.9198699,67
3950.9198699,67
3954.91983008,67
3956.9198699,67
3965.9198699,67
3966.9198699,67
3971.9198699,67
3980.9198699,77
3984.9198699,75
3986.91983008,74
3995.91983008,66
3999.9198699,66
4001.9198699,65
4011.91983008,66
4012.9198699,66
4017.9198699,66
4022.9198699,66
4027.91983008,65
4032.91983008,66
4037.9198699,68
4042.9198699,68
4047.91983008,68
4055.91983008,68
4057.9198699,68
4063.9198699,68
4068.91983008,68
4073.91983008,66
4078.9198699,65
4083.9198699,66
4089.91983008,66
4095.91983008,66
4099.9198699,66
4109.91983008,66
4114.91983008,66
4115.91983008,66
4120.9198699,66
4125.9198699,65
4135.91983008,66
4140.9198699,68
4141.9198699,67
4148.91983008,65
4152.91983008,64
4157.9198699,65
4162.9198699,65
4168.91983008,64
4173.9198699,64
4181.9198699,65
4183.9198699,65
4189.9198699,65
4195.91983008,65
4200.9198699,65
4205.9198699,64
4211.91983008,65
4216.91983008,65
4221.9198699,65
4231.91983008,65
4236.91983008,65
4237.9198699,65
4242.9198699,66
4247.9198699,65
4255.91983008,66
4258.9198699,65
4263.9198699,65
4273.91983008,64
4275.91983008,64
4280.9198699,63
4286.91983008,65
4291.91983008,64
4296.9198699,64
4301.9198699,65
4306.9198699,65
4316.91983008,66
4318.9198699,67
4323.9198699,67
4328.91983008,66
4333.91983008,65
4338.9198699,65
4349.77921009,68
4354.77921009,67
4359.77923989,65
4364.77923989,65
4370.77921009,65
4374.77921009,65
4380.77923989,65
4381.77923989,65
4389.77921009,65
4391.77921009,65
4396.77921009,65
4403.77923989,66
4406.77921009,66
4411.77921009,66
4416.77921009,65
4421.77923989,65
4426.77923989,65
4435.77923989,65
4438.77923989,65
4442.77923989,65
4447.77921009,65
4455.77921009,65
4461.77923989,65
4462.77923989,63
4467.77921009,61
4472.77921009,61
4477.77923989,63
4482.77923989,64
4488.77921009,65
4493.77923989,65
4502.77923989,65
4503.77923989,65
4509.77921009,64
4514.77921009,63
4519.77923989,65
4524.77923989,64
4530.77921009,63
4535.77921009,63
4540.77923989,64
4545.77923989,63
4550.77921009,63
4555.77921009,63
4560.77923989,63
4565.77923989,63
4575.77921009,64
4576.77921009,65
4581.77923989,65
4588.77921009,66
4592.77921009,65
4597.77923989,65
4602.77923989,64
4608.77921009,64
4613.77921009,64
4618.77923989,64
4627.77921009,64
4633.77921009,71
4635.77921009,71
4640.77923989,68
4650.16983008,66
4655.16983008,66
4659.1698699,67
4666.1698699,65
4670.16983008,63
4675.16983008,64
4677.16983008,64
4683.1698699,65
4687.1698699,66
4693.16983008,65
4701.1698699,66
4708.16983008,65
4709.16983008,65
4714.16983008,64
4719.1698699,65
4724.1698699,65
4733.16983008,65
4738.1698699,65
4740.1698699,65
4745.1698699,65
4751.16983008,65
4757.16983008,65
4761.1698699,67
4767.1698699,66
4772.16983008,65
4779.1698699,65
4782.1698699,66
4787.1698699,65
4794.1698699,65
4799.1698699,65
4803.1698699,64
4812.16983008,64
4813.16983008,64
4818.1698699,64
4823.1698699,64
4829.16983008,64
4838.1698699,65
4843.1698699,66
4844.1698699,66
4850.16983008,65
4855.16983008,64
4860.1698699,64
4865.1698699,64
4871.16983008,64
4876.16983008,64
4881.1698699,64
4886.1698699,64
4892.16983008,66
4900.1698699,66
4905.1698699,66
4911.16983008,66
4914.16983008,66
4920.1698699,64
4923.1698699,64
4929.16983008,64
4936.16983008,66
4939.1698699,68
4949.56048989,65
4952.56046009,65
4959.56048989,66
4964.56048989,65
4967.56046009,65
4971.56046009,65
4976.56048989,65
4985.56048989,65
4986.56048989,65
4992.56046009,65
4997.56048989,65
5002.56048989,66
5007.56046009,66
5012.56046009,67
5021.56048989,66
5025.56048989,66
5030.56046009,66
5035.56046009,66
5037.56048989,66
5045.56048989,65
5047.56046009,64
5052.56046009,64
5060.56048989,65
5062.56048989,65
5068.56046009,65
5073.56046009,64
5080.56048989,65
5083.56048989,65
5089.56046009,65
5094.56046009,65
5101.56048989,65
5104.56048989,65
5110.56046009,66
5119.56048989,67
5122.56048989,67
5130.56046009,70
5131.56046009,69
5140.56048989,67
5141.56048989,66
5146.56048989,68
5153.56046009,66
5161.56048989,65
5162.56048989,65
5167.56046009,65
5172.56046009,65
5181.56048989,66
5182.56048989,66
5187.56046009,67
5192.56046009,68
5197.56046009,68
5206.56048989,68
5208.56046009,68
5213.56046009,64
5218.56048989,64
5223.56048989,65
5228.56046009,65
5233.56046009,65
5241.56048989,65
5248.9511199,65
5253.95108008,65
5258.9511199,65
5263.9511199,66
5268.95108008,66
5272.95108008,66
5279.9511199,66
5283.9511199,66
5290.95108008,66
5291.95108008,65
5296.95108008,66
5301.9511199,66
5306.9511199,66
5316.95108008,67
5318.9511199,67
5322.9511199,67
5331.95108008,67
5337.9511199,67
5338.9511199,67
5346.95108008,65
5349.95108008,65
5356.95108008,65
5359.9511199,65
5364.9511199,66
5371.95108008,66
5375.95108008,66
5382.9511199,66
5385.9511199,66
5390.95108008,66
5395.95108008,67
5402.9511199,68
5405.9511199,68
5412.95108008,68
5416.95108008,68
5421.9511199,68
5431.95108008,68
5432.9511199,68
5438.9511199,67
5443.9511199,65
5448.95108008,65
5453.95108008,66
5458.9511199,66
5463.9511199,67
5473.95108008,68
5477.9511199,68
5479.9511199,68
5484.9511199,66
5490.95108008,65
5495.95108008,65
5500.9511199,65
5506.9511199,66
5510.95108008,66
5515.95108008,67
5522.9511199,67
5528.95108008,68
5531.95108008,68
5538.9511199,68
5541.9511199,68
5551.34171009,68
5556.34171009,67
5561.34173989,66
5567.34173989,66
5572.34173989,68
5574.34171009,68
5578.34173989,69
5587.34171009,68
5589.34171009,68
5596.34173989,68
5601.34173989,67
5604.34173989,66
5610.34171009,68
5615.34171009,68
5620.34173989,68
5625.34173989,69
5631.34171009,70
5639.34173989,71
5645.34173989,73
5648.34171009,79
5652.34171009,79
5657.34171009,72
5664.34173989,72
5667.34173989,71
5674.34171009,66
5678.34173989,67
5683.34173989,67
5694.34171009,68
5695.34171009,68
5700.34173989,67
5705.34173989,65
5711.34171009,65
5716.34171009,67
5721.34173989,66
5726.34173989,66
5734.34171009,66
5737.34171009,66
5742.34173989,66
5747.34171009,65
5752.34171009,65
5757.34171009,65
5762.34173989,65
5770.34171009,66
5777.34171009,68
5778.34173989,68
5783.34173989,66
5788.34171009,66
5793.34171009,66
5798.34173989,66
5803.34173989,66
5809.34173989,66
5815.34171009,67
5823.34173989,67
5825.34173989,68
5835.34171009,68
5837.34171009,68
5841.34173989,68
5851.73233008,68
5856.73233008,72
5861.7323699,73
5866.7323699,72
5870.73233008,71
5872.73233008,71
5877.73233008,67
5882.7323699,68
5887.7323699,68
5895.73233008,67
5898.7323699,68
5908.73233008,68
5912.73233008,68
5915.73233008,69
5923.7323699,66
5925.7323699,66
5935.73233008,66
5938.7323699,67
5942.7323699,66
5946.7323699,65
5953.73233008,65
5957.73233008,68
5962.7323699,66
5967.73233008,66
5972.73233008,66
5977.7323699,66
5982.7323699,67
5987.73233008,68
5992.73233008,68
5997.73233008,68
6002.7323699,68
6007.73233008,68
6015.73233008,68
6017.73233008,68
6022.7323699,68
6027.73233008,68
6032.73233008,68
6037.73233008,68
6042.7323699,68
6047.7323699,68
6054.73233008,68
6058.7323699,68
6066.73233008,67
6069.73233008,67
6074.73233008,67
6079.7323699,67
6089.73233008,67
6093.73233008,67
6097.73233008,68
6100.7323699,67
6105.7323699,68
6111.73233008,68
6116.73233008,68
6121.7323699,68
6126.7323699,68
6131.7323699,69
6137.7323699,68
6142.7323699,68
6152.12368989,70
6157.12368989,71
6162.12371993,70
6166.12371993,71
6171.11764002,76
6175.11767006,77
6178.11764002,77
6183.11767006,76
6188.11764002,77
6193.11764002,77
6199.11767006,70
6204.11767006,69
6208.11767006,71
6214.11764002,70
6219.11767006,70
6224.11767006,69
6230.11764002,72
6235.11764002,74
6240.11767006,74
6248.11767006,74
6250.11767006,74
6255.11767006,74
6266.11767006,75
6276.11764002,77
6281.11767006,76
6282.11767006,75
6291.11767006,66
6292.11767006,66
6297.11767006,65
6302.11767006,63
6307.11767006,63
6317.11764002,62
6322.11767006,62
6323.11767006,62
6328.11764002,62
6333.11764002,62
6340.11767006,62
6343.11767006,61
6352.11764002,64
6353.11767006,64
6359.11767006,62
6364.11767006,61
6370.11764002,62
6375.11764002,62
6384.11767006,62
6385.11767006,62
6391.11764002,61
6396.11764002,61
6405.11767006,62
6410.11764002,66
6412.11764002,64
6417.11764002,64
6422.11767006,64
6427.11764002,64
6432.11764002,64
6437.11764002,62
6442.11767006,62
6451.50752997,63
6456.50752997,63
6461.50756001,64
6465.50756001,63
6467.50752997,63
6472.50752997,63
6477.50752997,63
6486.50756001,63
6487.50752997,63
6494.50752997,63
6497.50752997,62
6502.50756001,61
6507.50752997,62
6512.50752997,63
6517.50752997,62
6522.50756001,61
6527.50752997,61
6532.50752997,62
6537.50756001,62
6542.50756001,62
6547.50752997,62
6552.50752997,62
6557.50752997,62
6565.50756001,63
6571.50752997,63
6575.50752997,61
6577.50752997,61
6582.50756001,60
6587.50752997,60
6592.50752997,60
6597.50752997,60
6604.50756001,63
6607.50756001,63
6613.50752997,63
6618.50752997,63
6627.50756001,62
6630.50752997,61
6633.50752997,61
6638.50752997,61
6644.50756001,62
6648.50752997,62
6653.50752997,63
6658.50752997,63
6667.50756001,65
6668.50752997,65
6677.50752997,65
6681.50756001,66
6685.50756001,67
6688.50752997,65
6693.50752997,63
6698.50752997,63
6703.50756001,63
6708.50752997,63
6713.50752997,63
6719.50756001,63
6723.50756001,63
6728.50752997,61
6734.50756001,61
6738.50752997,62
6743.50756001,63
6748.50756001,63
6754.50752997,64
6759.50756001,64
6769.50752997,66
6772.50752997,67
6776.50752997,68
6780.50756001,67
6785.50756001,66
6791.50752997,65
6796.50752997,65
6801.50756001,64
6807.50752997,68
6812.50752997,70
6818.50752997,67
6822.50756001,68
6827.50752997,68
6832.50752997,72
6837.50752997,72
6842.50756001,72
6847.50752997,70
6856.50752997,70
6857.50752997,70
6862.50756001,69
6867.50752997,67
6872.50752997,68
6881.50756001,74
6885.50756001,73
6887.50756001,72
6893.50752997,70
6898.50752997,71
6903.50756001,74
6909.50752997,76
6919.50756001,60
6923.50756001,59
6929.50752997,60
6935.50752997,60
6938.50752997,61
6943.50756001,61
6948.50752997,67
6952.50752997,68
6957.50752997,68
6962.50756001,69
6967.50752997,71
6972.50756001,73
6980.50756001,75
6985.50756001,77
6989.50752997,77
6994.50752997,77
6999.50756001,76
7004.50756001,76
7010.50752997,76
7017.50752997,72
7023.50756001,75
7030.50752997,74
7031.50752997,71
7036.50752997,71
7044.50756001,72
7046.50756001,72
7052.50756001,68
7058.50752997,70
7063.50756001,72
7071.50752997,74
7075.50752997,73
7078.50752997,70
7083.50756001,70
7088.50752997,70
7097.50752997,72
7098.50752997,72
7103.50756001,75
7108.50752997,73
7116.50752997,74
7121.50756001,74
7123.50756001,74
7128.50752997,74
7137.50752997,71
7138.50756001,71
7143.50756001,69
7149.50752997,71
7154.50752997,74
7159.50756001,76
7164.50756001,76
7171.50752997,77
7175.50752997,78
7182.50756001,77
7185.50756001,71
7191.50752997,72
7196.50752997,72
7201.50756001,71
7206.50756001,71
7212.50752997,71
7217.50752997,71
7222.50756001,70
7230.50752997,71
7234.50752997,73
7237.50752997,71
7242.50756001,71
7251.50752997,73
7252.50752997,74
7261.50756001,68
7265.50756001,71
7267.50756001,71
7273.50752997,71
7279.50756001,71
7283.50756001,70
7291.50752997,72
7294.50752997,70
7299.50756001,70
7304.50756001,71
7310.50752997,71
7315.50752997,71
7320.50756001,72
7325.50756001,72
7331.50752997,71
7339.50756001,73
7341.50756001,75
7351.50752997,75
7352.50752997,76
7357.50752997,78
7362.50756001,78
7367.50756001,81
7373.50756001,81
7379.50756001,83
7387.50756001,84
7389.50752997,82
7394.50752997,77
7399.50756001,76
7404.50756001,76
7410.50752997,76
7415.50752997,76
7422.50756001,78
7430.50752997,81
7434.50752997,81
7436.50752997,81
7443.50756001,77
7446.50756001,78
7452.50752997,78
7461.50756001,66
7465.50756001,68
7467.50756001,69
7473.50752997,69
7481.50756001,73
7486.50756001,74
7488.50752997,69
7493.50752997,70
7498.50752997,70
7503.50756001,72
7510.50752997,72
7514.50752997,77
7520.50756001,80
7524.50756001,81
7533.50752997,75
7535.50752997,76
7540.50756001,75
7545.50756001,73
7555.50752997,71
7558.50752997,69
7561.50756001,69
7566.50756001,73
7572.50752997,75
7577.50752997,74
7582.50756001,75
7587.50752997,76
7594.50752997,78
7597.50752997,78
7602.50756001,77
7607.50752997,79
7612.50752997,81
7617.50752997,78
7622.50756001,78
7627.50752997,79
7632.50752997,79
7638.50752997,78
7642.50756001,76
7647.50752997,77
7655.50752997,77
7657.50752997,77
7662.50756001,76
7667.50752997,75
7672.50752997,75
7677.50752997,75
7682.50756001,75
7692.50752997,76
7695.50752997,80
7698.50752997,80
7707.50752997,67
7709.50752997,67
7714.50752997,68
7722.50756001,71
7724.50756001,74
7730.50752997,74
7735.50752997,73
7741.50756001,73
7745.50756001,73
7753.50752997,72
7760.50756001,72
7761.50756001,71
7766.50756001,70
7772.50752997,71
7781.50756001,67
7783.50756001,66
7789.50752997,65
7793.50752997,65
7799.50756001,65
7805.50756001,65
7808.50752997,65
7813.50752997,65
7818.50752997,66
7823.50756001,66
7828.50752997,66
7833.50752997,69
7838.50752997,69
7844.50756001,70
7848.50752997,72
7855.50756001,72
7858.50752997,73
7865.50756001,66
7869.50752997,65
7876.50752997,65
7880.50756001,69
7884.50756001,69
7890.50752997,67
7895.50752997,67
7900.50756001,68
7905.50756001,70
7911.50752997,70
7916.50752997,70
7925.50756001,70
7929.50752997,70
7932.50752997,65
7937.50752997,66
7943.50756001,66
7947.50752997,67
7953.50752997,62
7959.50752997,65
7962.50756001,66
7967.50752997,67
7972.50752997,63
7977.50752997,65
7982.50756001,64
7990.50752997,65
7992.50752997,66
7998.50752997,63
8002.50756001,62
8007.50756001,63
8013.50752997,66
8018.50752997,67
8023.50756001,68
8029.50752997,68
8034.50752997,67
8039.50752997,68
8044.50756001,69
8050.50752997,69
8055.50752997,68
8060.50756001,68
8070.50752997,68
8071.50752997,67
8076.50752997,67
8081.50756001,68
8086.50756001,68
8091.50756001,68
8096.50756001,69
8101.50756001,70
8106.50756001,69
8116.50752997,69
8119.50752997,69
8122.50756001,68
8131.50752997,68
8133.50752997,68
8138.50752997,68
8143.50756001,68
8148.50752997,68
8155.50752997,69
8158.50752997,69
8167.50756001,69
8168.50752997,69
8173.50752997,68
8178.50752997,67
8184.50756001,68
8190.50752997,67
8193.50752997,68
8206.50756001,73
8218.50752997,77
8223.50756001,73
8229.50752997,67
8230.50752997,67
8235.50752997,67
8240.50756001,66
8245.50756001,67
8251.50752997,68
8256.50752997,68
8261.50756001,68
8266.50756001,68
8272.50756001,68
8278.50752997,68
8283.50756001,69
8289.50752997,68
8294.50752997,69
8300.50756001,69
8309.50752997,70
8312.50752997,68
8315.50752997,67
8320.50756001,68
8325.50756001,68
8335.50752997,68
8336.50752997,68
8341.50756001,68
8346.50756001,68
8352.50752997,68
8357.50752997,68
8362.50756001,68
8367.50752997,69
8372.50752997,70
8379.50752997,71
8385.50756001,72
8390.50752997,72
8392.50752997,72
8398.50752997,68
8402.50756001,68
8407.50756001,68
8412.50756001,68
8417.50756001,68
8422.50756001,68
8427.50756001,68
8432.50756001,69
8438.50752997,68
8443.50756001,68
8449.50752997,68
8454.50752997,68
8459.50752997,69
8464.50756001,69
8470.50756001,69
8479.50752997,69
8482.50756001,69
8491.50752997,71
8492.50752997,71
8501.50756001,70
8502.50756001,69
8507.50752997,70
8512.50752997,69
8517.50752997,70
8524.50756001,70
8531.50752997,71
8533.50752997,70
8538.50752997,70
8547.50756001,70
8552.50752997,71
8556.50752997,70
8559.50752997,69
8564.50756001,69
8570.50752997,69
8575.50752997,69
8580.50756001,69
8585.50756001,69
8591.50752997,69
8596.50756001,69
8601.50756001,69
8611.50752997,70
8614.50752997,71
8617.50752997,71
8622.50756001,71
8627.50752997,71
8632.50752997,70
8640.50756001,72
8642.50756001,72
8647.50752997,72
8656.50756001,72
8657.50752997,72
8664.50756001,71
8667.50752997,70
8672.50752997,70
8677.50752997,71
8682.50756001,71
8687.50752997,71
8692.50752997,71
8699.50752997,72
8706.50756001,70
8711.50752997,71
8713.50756001,71
8722.50756001,66
8724.50756001,66
8730.50752997,67
8735.50752997,67
8740.50756001,68
8745.50756001,68
8751.50752997,68
8756.50752997,69
8761.50756001,69
8766.50756001,69
8775.50752997,69
8777.50752997,70
8782.50756001,70
8787.50752997,70
8792.50752997,70
8801.50756001,72
8802.50756001,73
8807.50752997,73
8815.50756001,73
8821.50756001,74
8823.50756001,73
8827.50756001,72
8833.50752997,71
8838.50752997,70
8846.50756001,70
8849.50752997,72
8854.50752997,72
8858.50752997,73
8863.50756001,75
8868.50752997,75
8877.50752997,74
8878.50752997,72
8883.50756001,69
8888.50752997,70
8893.50752997,70
8898.50752997,72
8907.50756001,74
8908.50752997,75
8913.50752997,75
8918.50752997,74
8925.50756001,73
8928.50752997,72
8935.50756001,72
8941.50756001,72
8943.50756001,72
8953.50752997,72
8955.50752997,73
8960.50756001,72
8965.50756001,68
8970.50752997,70
8975.50756001,69
8981.50756001,72
8986.50756001,72
8994.50752997,72
8997.50752997,73
9002.50756001,72
9007.50752997,72
9012.50752997,72
9017.50752997,74
9023.50756001,74
9027.50756001,74
9032.50752997,73
9037.50752997,72
9043.50756001,72
9047.50756001,71
9053.50752997,73
9058.50752997,73
9068.50752997,76
9073.50752997,73
9074.50752997,73
9079.50752997,68
9084.50756001,68
9090.50752997,68
9095.50752997,70
9100.50756001,73
9105.50756001,73
9114.50752997,72
9116.50752997,71
9121.50756001,69
9126.50756001,70
9132.50752997,72
9137.50752997,72
9142.50756001,72
9150.50752997,72
9152.50752997,71
9157.50752997,70
9162.50756001,71
9167.50756001,73
9173.50752997,75
9178.50752997,75
9183.50756001,75
9191.50752997,71
9193.50756001,70
9199.50752997,69
9204.50756001,70
9210.50752997,72
9219.50752997,73
9220.50752997,73
9230.50752997,73
9231.50752997,72
9236.50752997,72
9241.50756001,72
9246.50756001,73
9252.50756001,73
9257.50756001,73
9266.50756001,72
9271.50756001,70
9272.50756001,70
9278.50756001,70
9283.50756001,73
9288.50752997,72
9293.50752997,72
9298.50752997,72
9303.50756001,73
9313.50752997,76
9314.50752997,76
9321.50756001,71
9324.50756001,71
9329.50756001,72
9335.50752997,73
9340.50752997,72
9345.50756001,72
9350.50756001,72
9356.50752997,72
9361.50756001,74
9368.50756001,72
9371.50756001,71
9378.50756001,71
9382.50756001,72
9387.50756001,73
9395.50752997,73
9398.50752997,73
9407.50756001,73
9409.50756001,72
9414.50756001,72
9420.50752997,71
9425.50756001,72
9435.50752997,72
9438.50756001,77
9441.50756001,76
9446.50756001,76
9454.50752997,71
9457.50752997,70
9464.50756001,71
9467.50756001,70
9473.50752997,68
9478.50752997,69
9483.50756001,71
9488.50752997,72
9493.50752997,73
9498.50752997,73
9503.50756001,74
9509.50752997,74
9514.50752997,73
9519.50752997,73
9524.50756001,73
9530.50752997,73
9535.50752997,73
9540.50752997,72
9545.50756001,72
9555.50756001,74
9556.50752997,75
9561.50756001,74
9570.50752997,73
9572.50752997,73
9580.50752997,72
9582.50756001,71
9587.50756001,71
9593.50752997,76
9599.50756001,75
9605.50752997,74
9609.50752997,74
9614.50752997,74
9619.50752997,74
9629.50752997,73
9630.50752997,72
9635.50752997,71
9640.50752997,73
9649.50752997,74
9653.50752997,76
9656.50752997,74
9661.50756001,73
9666.50756001,73
9671.50756001,72
9677.50752997,74
9682.50756001,73
9687.50756001,72
9692.50756001,72
9698.50752997,74
9703.50756001,74
9708.50756001,73
9714.50752997,72
9722.50756001,71
9724.50756001,71
9729.50756001,73
9737.50752997,72
9740.50752997,69
9745.50756001,69
9750.50756001,71
9756.50752997,72
9761.50756001,74
9766.50756001,74
9771.50086999,73
9780.50083995,71
9785.50086999,68
9787.50086999,68
9793.50083995,68
9797.50083995,70
9802.50086999,70
9807.50086999,71
9813.50083995,70
9818.50086999,70
9823.50086999,71
9828.50086999,71
9836.50083995,72
9839.50083995,73
9846.50086999,74
9852.50083995,74
9855.50083995,73
9860.50083995,72
9865.50086999,72
9872.50083995,73
9876.50083995,72
9881.50086999,73
9886.50086999,74
9894.50086999,73
9897.50086999,73
9905.50086999,76
9907.50086999,75
9913.50083995,75
9918.50083995,74
9923.50086999,75
9928.50083995,74
9933.50083995,75
9938.50083995,75
9945.50086999,78
9948.50083995,81
9953.50083995,79
9962.50086999,74
9963.50086999,74
9968.50083995,74
9973.50086999,75
9979.50083995,74
9984.50086999,73
9990.50083995,74
9995.50083995,76
10000.5008399,76
10005.50087,75
10011.5008399,76
10019.5008399,71
10022.50087,69
10026.50087,69
10032.5008399,70
10037.5008399,74
10042.50087,73
10047.50087,73
10053.50087,73
10063.50087,73
10064.50087,73
10072.5008399,72
10075.5008399,72
10080.5008399,72
10085.50087,72
10094.5008399,71
10096.5008399,72
10101.5008399,72
10106.50087,72
10111.50087,72
10117.50087,72
10126.50087,72
10127.50087,72
10133.5008399,72
10141.50087,72
10146.50087,73
10150.50087,73
10154.5008399,72
10159.5008399,71
10164.50087,70
10169.50087,68
10175.5008399,70
10180.5008399,70
10185.50087,70
10190.50087,69
10198.5008399,71
10201.5008399,74
10207.50087,75
10211.50087,72
10217.5008399,71
10222.50087,71
10227.50087,71
10232.50087,72
10241.50087,74
10243.50087,77
10253.5008399,76
10254.5008399,76
10260.5008399,71
10264.50087,73
10269.50087,73
10275.5008399,73
10280.5008399,75
10289.50087,75
10290.50087,74
10296.5008399,74
10301.50087,74
10310.50087,74
10312.50087,73
10321.50087,73
10322.50087,73
10327.50087,73
10337.50087,73
10339.5008399,73
10343.50087,73
10348.5008399,73
10362.50087,73
10363.50087,73
10371.5008399,76
10376.5008399,74
10378.5008399,71
10387.50087,68
10389.50087,68
10398.5008399,64
10402.50087,65
10404.50087,66
10411.5008399,65
10414.5008399,65
10423.50087,63
10424.50087,63
10432.50087,70
10435.5008399,72
10444.50087,68
10446.50087,67
10450.50087,66
10456.5008399,66
10461.50087,65
10466.50087,65
10471.5008399,65
10477.5008399,65
10481.50087,65
10486.50087,65
10491.5008399,65
10496.5008399,65
10505.50087,65
10508.50087,65
10511.50087,63
10517.5008399,65
10522.50087,65
10527.50087,65
10536.5008399,65
10540.50087,65
10542.50087,65
10547.50087,62
10552.50087,62
10558.5008399,62
10566.50087,63
10568.50087,63
10574.5008399,63
10579.5008399,63
10588.50087,63
10589.50087,63
10594.5008399,64
10602.50087,64
10605.50087,64
10609.50087,64
10615.5008399,64
10620.5008399,64
10625.50087,64
10632.5008399,64
10636.5008399,64
10643.50087,64
10650.50087,65
10653.5008399,65
10657.5008399,63
10662.50087,62
10667.50087,63
10675.5008399,64
10678.5008399,64
10683.50087,65
10693.5008399,65
10694.5008399,65
10699.5008399,65
10706.50087,65
10713.5008399,65
10715.5008399,65
10723.50087,64
10728.50087,64
10730.50087,64
10736.5008399,63
10741.5008399,63
10750.50087,64
10753.5008399,64
10758.5008399,64
10762.50087,64
10767.50087,63
10772.50087,63
10778.5008399,63
10783.50087,64
10788.50087,64
10797.50087,64
10799.5008399,64
10808.50087,64
10810.50087,65
10818.5008399,64
10820.5008399,64
10825.50087,63
10830.50087,63
10836.5008399,63
10845.50087,65
10850.50087,65
10851.50087,65
10857.5008399,63
10862.50087,64
10867.50087,65
10872.50087,65
10878.5008399,65
10887.50087,65
10890.50087,65
10894.5008399,65
10899.5008399,65
10904.50087,65
10909.50087,65
10915.5008399,66
10920.5008399,65
10929.50087,65
10932.5008399,65
10936.5008399,66
10941.5008399,66
10946.50087,66
10951.50087,66
10960.50087,66
10966.50087,66
10969.50087,65
10972.50087,63
10978.5008399,64
10983.50087,66
10988.50087,65
10993.50087,66
11001.50087,66
11004.50087,66
11014.50087,67
11015.5008399,68
11021.5008399,64
11025.50087,62
11030.50087,64
11036.5008399,63
11041.5008399,65
11046.50087,66
11051.50087,66
11057.5008399,67
11066.50087,66
11069.50087,66
11076.5008399,66
11078.5008399,65
11087.50087,65
11088.50087,66
11093.50087,65
11099.5008399,66
11104.50087,66
11109.50087,65
11114.5008399,65
11120.5008399,66
11127.50087,67
11129.50087,68
11139.50087,68
11142.50087,68
11148.50087,68
11153.50087,68
11156.5008399,68
11164.50087,68
11166.50087,68
11171.50087,66
11177.50087,63
11183.50087,68
11192.50087,67
11197.5008399,66
11202.50087,65
11205.50087,65
11208.50087,65
11214.5008399,64
11219.5008399,64
11224.50087,65
11229.50087,65
11235.5008399,65
11240.5008399,63
11245.50087,64
11250.50087,64
11255.5008399,64
11260.5008399,64
11267.50087,64
11270.50087,64
11276.5008399,64
11281.5008399,65
11290.50087,67
11296.5008399,68
11297.5008399,68
11302.50087,68
11309.50087,68
11312.50087,69
11321.5008399,59
11322.50087,59
11327.50087,59
11332.5008399,59
11340.5008399,59
11346.50087,62
11347.50087,63
11354.5008399,62
11357.5008399,63
11362.50087,63
11369.50087,63
11372.50087,64
11378.5008399,64
11383.50087,64
11388.50087,64
11393.5008399,65
11398.50087,65
11404.50087,64
11408.50087,63
11413.5008399,63
11418.5008399,63
11427.50087,64
11428.50087,65
11434.5008399,65
11441.5008399,65
11444.50087,65
11449.50087,64
11455.5008399,63
11460.5008399,64
11466.50087,65
11474.5008399,65
11477.5008399,65
11481.5008399,64
11486.50087,64
11493.5008399,64
11497.5008399,64
11502.50087,64
11507.50087,63
11512.50087,64
11518.5008399,64
11526.50087,65
11528.50087,65
11533.50087,64
11538.5008399,64
11543.50087,64
11548.50087,64
11557.5008399,64
11560.5008399,64
11568.50087,64
11570.50087,65
11576.5008399,65
11581.5008399,65
11586.50087,65
11591.50087,65
11600.5008399,65
11602.50087,65
11607.50087,65
11612.50087,65
11620.5008399,65
11626.50087,65
11631.50087,65
11637.5008399,66
11639.5008399,66
11644.50087,65
11649.50087,65
11659.5008399,66
11661.5008399,66
11665.50087,64
11674.5008399,64
11676.5008399,68
11685.50087,64
11687.50087,64
11691.50087,64
11700.5008399,64
11702.50087,65
11707.50087,64
11714.5008399,63
11717.5008399,63
11722.5008399,64
11727.50087,64
11732.50087,64
11738.5008399,64
11743.50087,64
11748.50087,64
11753.50087,64
11759.5008399,64
11768.50087,65
11770.50087,65
11776.5008399,64
11779.5008399,64
11784.50087,64
11789.50087,64
11795.5008399,65
11804.50087,65
11805.50087,65
11810.50087,65
11816.5008399,64
11824.50087,65
11826.50087,65
11831.50087,65
11837.5008399,65
11842.5008399,65
11847.50087,65
11855.5008399,65
11858.5008399,64
11863.50087,64
11868.50087,65
11874.5008399,65
11878.5008399,65
11883.50087,65
11890.50087,65
11894.5008399,65
11899.5008399,65
11904.50087,65
11913.50087,64
11914.5008399,64
11919.50087,64
11924.50087,65
11929.50087,65
11935.5008399,65
11940.5008399,65
11949.50087,66
11953.50087,66
11956.5008399,66
11961.5008399,64
11966.50087,64
11971.50087,64
11980.5008399,65
11985.50087,64
11987.50087,64
11992.5008399,64
11997.5008399,64
12002.5008399,64
12007.50087,65
12012.50087,65
12018.5008399,65
12023.50087,65
12028.50087,65
12033.5008399,65
12038.5008399,65
12046.50087,65
12048.50087,65
12054.5008399,65
12061.5008399,65
12064.50087,65
12069.50087,65
12074.5008399,65
12082.5008399,65
12084.50087,65
12089.50087,65
12095.5008399,64
12100.50087,64
12105.50087,64
12110.50087,64
12116.5008399,64
12122.5008399,64
12126.50087,64
12131.50087,64
12137.5008399,65
12142.5008399,65
12151.50087,66
12153.50087,66
12158.5008399,65
12163.50087,65
12168.50087,65
12173.50087,65
12179.5008399,65
12184.50087,65
12193.5008399,65
12195.5008399,65
12204.50087,65
12206.50087,65
12210.50087,65
12216.5008399,65
12221.5008399,65
12230.50087,65
12235.5008399,65
12237.5008399,66
12242.5008399,66
12247.50087,66
12254.5008399,66
12258.5008399,66
12263.50087,66
12268.50087,65
12278.5008399,66
12283.50087,65
12284.50087,64
12289.50087,63
12295.5008399,64
12300.5008399,64
12307.50087,64
12313.50087,65
12316.5008399,65
12324.50087,65
12326.50087,65
12331.50087,65
12337.5008399,65
12342.50087,65
12347.50087,65
12356.50087,65
12358.5008399,66
12362.5008399,66
12367.50087,65
12372.50087,65
12378.50087,65
12387.50087,65
12389.50087,65
12393.50087,65
12399.5008399,65
12404.50087,65
12409.50087,64
12414.50087,64
12420.5008399,64
12425.50087,65
12433.5008399,67
12436.5008399,67
12441.5008399,66
12446.50087,66
12451.50087,66
12457.5008399,66
12462.5008399,65
12467.50087,65
12472.50087,65
12478.5008399,65
12486.50087,65
12488.50087,65
12496.5008399,65
12503.50087,65
12506.50087,65
12510.50087,65
12514.50087,66
12520.5008399,66
12527.50087,66
12530.50087,66
12535.5008399,66
12543.50087,65
12545.50087,65
12554.5008399,65
12556.50087,65
12562.5008399,66
12567.50087,66
12572.50087,66
12577.5008399,66
12586.50087,66
12587.50087,66
12592.50087,66
12598.5008399,66
12603.50087,66
12610.50087,66
12613.50087,65
12619.5008399,65
12624.50087,65
12629.50087,65
12637.5008399,65
12644.50087,65
12645.50087,66
12650.50087,66
12656.5008399,65
12661.5008399,65
12666.50087,65
12671.50087,65
12680.5008399,65
12683.50087,65
12687.50087,65
12692.50087,65
12698.5008399,65
12705.50087,65
12708.50087,65
12715.5008399,65
12721.5008399,65
12724.50087,65
12730.50087,65
12735.5008399,65
12740.5008399,65
12747.50087,65
12755.5008399,65
12759.5008399,65
12761.5008399,65
12769.50087,65
12771.50087,65
12777.5008399,66
12782.5008399,66
12789.50087,66
12793.50087,66
12798.5008399,66
12807.50087,66
12812.50087,66
12815.5008399,67
12819.50087,67
12824.50087,66
12830.50087,66
12834.5008399,65
12839.5008399,65
12844.50087,64
12849.50087,64
12859.5008399,65
12861.50087,65
12865.50087,64
12870.50087,64
12876.50087,64
12882.5008399,64
12887.50087,64
12896.5008399,65
12898.5008399,66
12903.50087,65
12908.50087,65
12913.50087,65
12919.5008399,64
12928.50087,64
12931.50087,65
12934.50087,64
12940.5008399,64
12948.50087,64
12950.50087,64
12956.5008399,64
12961.5008399,64
12968.50087,64
12971.50087,64
12976.5008399,64
12981.5008399,64
12986.50087,64
12992.50087,64
12997.5008399,65
13005.50087,66
13007.50087,66
13012.50087,65
13018.5008399,64
13023.5008399,64
13028.50087,64
13038.5008399,66
13040.5008399,66
13044.50087,66
13049.50087,66
13054.50087,65
13060.5008399,65
13068.50087,65
13070.50087,65
13076.5008399,65
13085.50087,66
13088.50087,66
13091.50087,66
13097.5008399,66
13102.5008399,66
13111.50087,67
13116.50087,68
13119.5008399,67
13122.5008399,68
13127.50087,68
13132.50087,68
13140.5008399,68
13143.5008399,69
13148.50087,70
13154.50087,74
13159.50087,70
13169.50087,70
13170.50087,70
13179.5008399,70
13184.50087,75
13186.50087,75
13195.5008399,64
13196.5008399,64
13201.5008399,66
13207.50087,68
13211.50087,67
13217.50087,67
13223.5008399,67
13228.50087,68
13233.50087,69
13243.50087,71
13244.50087,73
13249.50087,74
13254.5008399,73
13259.5008399,76
13267.50087,77
13270.50087,74
13275.5008399,74
13281.5008399,77
13288.50087,69
13290.50087,69
13296.5008399,68
13301.50087,68
13306.50087,68
13311.50087,68
13316.5008399,68
13321.5008399,68
13326.50087,68
13331.50087,70
13337.5008399,69
13343.5008399,71
13347.50087,74
13352.50087,67
13358.5008399,69
13363.5008399,69
13368.50087,72
13373.5113101,72
13382.5112801,73
13384.5113101,76
13389.5113101,77
13395.5112801,77
13400.5112801,75
13408.5113101,76
13410.5113101,75
13416.5112801,75
13425.5113101,75
13430.5113101,70
13431.5113101,69
13437.5112801,70
13442.5112801,69
13449.5113101,67
13452.5113101,68
13460.5112801,68
13463.5112801,70
13470.5113101,66
13473.5113101,66
13479.5112801,67
13484.5113101,69
13489.5113101,71
13494.5113101,73
13500.5112801,74
13506.5113101,74
13510.5113101,74
13515.5112801,74
13520.5112801,74
13525.5113101,74
13530.5113101,75
13537.5112801,73
13541.5112801,73
13546.5113101,72
13556.5112801,77
13557.5113101,77
13563.5112801,78
13568.5113101,78
13573.5113101,78
13582.5112801,81
13584.5113101,81
13589.5113101,77
13595.5112801,76
13603.5112801,73
13605.5113101,72
13610.5113101,71
13616.5112801,72
13621.5112801,71
13626.5113101,71
13631.5113101,74
13637.5112801,74
13645.5113101,71
13647.5113101,72
13652.5113101,74
13658.5112801,73
13663.5113101,74
13671.5113101,75
13673.5113101,77
13683.5113101,81
13686.5113101,81
13689.5113101,80
13694.5113101,70
13700.5112801,72
13705.5113101,71
13710.5113101,71
13716.5112801,71
13721.5112801,72
13729.5113101,73
13731.5113101,75
13737.5112801,74
13745.5113101,74
13750.5113101,77
13752.5113101,76
13758.5113101,71
13764.5113101,73
13773.5113101,72
13774.5113101,73
13783.5112801,74
13787.5113101,75
13793.5113101,68
13795.5112801,68
13801.5112801,65
13805.5113101,66
13810.5113101,71
13820.5112801,61
13823.5112801,64
13826.5113101,66
13831.5113101,67
13837.5112801,68
13846.5113101,68
13847.5113101,68
13852.5113101,67
13858.5112801,67
13863.5112801,68
13872.5113101,67
13873.5113101,67
13879.5112801,67
13888.5113101,67
13889.5113101,67
13894.5113101,66
13900.5112801,67
13905.5113101,67
13910.5113101,67
13917.5112801,67
13920.5112801,67
13925.5113101,68
13930.5113101,69
13941.5112801,68
13942.5113101,68
13947.5113101,68
13952.5113101,68
13958.5112801,69
13963.5112801,69
13968.5113101,68
13973.5113101,68
13979.5112801,68
13984.5113101,69
13989.5113101,70
13994.5113101,70
14000.5112801,70
14008.5113101,70
14010.5113101,68
14015.5112801,68
14020.5112801,68
14027.5113101,66
14030.5113101,67
14036.5112801,68
14043.5112801,69
14046.5113101,67
14051.5113101,66
14057.5112801,67
14062.5112801,66
14071.5113101,69
14072.5113101,68
14078.5112801,65
14083.5112801,65
14088.5113101,68
14093.5112801,68
14098.5112801,69
14107.5113101,72
14108.5113101,73
14113.5113101,73
14121.5112801,67
14123.5112801,66
14128.5113101,66
14133.5113101,68
14139.5112801,68
14144.5113101,70
14149.5113101,69
14154.5112801,70
14159.5112801,69
14167.5113101,69
14172.5113101,68
14174.5113101,68
14180.5112801,68
14185.5113101,67
14190.5113101,68
14199.5112801,68
14200.5112801,67
14205.5113101,66
14213.5113101,68
14216.5112801,68
14222.5112801,68
14226.5113101,68
14235.5113101,65
14239.5112801,64
14241.5112801,64
14248.5113101,63
14252.5113101,68
14257.5112801,70
14262.5112801,70
14269.5113101,69
14272.5113101,68
14277.5112801,69
14285.5113101,64
14287.5113101,63
14292.5113101,64
14302.5112801,62
14307.5113101,63
14309.5113101,63
14313.5113101,63
14319.5112801,65
14324.5113101,73
14332.5113101,62
14338.5112801,64
14340.5112801,64
14345.5113101,65
14350.5113101,65
14355.5113101,63
14361.5112801,64
14366.5113101,66
14371.5113101,66
14381.5112801,67
14382.5112801,67
14387.5113101,68
14392.5113101,67
14400.5113101,65
14403.5112801,64
14408.5113101,64
14413.5113101,64
14423.5112801,64
14425.5113101,64
14429.5113101,67
14434.5113101,66
14440.5112801,67
14445.5113101,67
14450.5113101,70
14456.5112801,67
14461.5112801,64
14468.5113101,62
14471.5113101,64
14478.5112801,64
14482.5112801,64
14487.5113101,66
14492.5113101,67
14498.5112801,68
14503.5112801,68
14508.5113101,68
14517.5112801,68
14519.5112801,68
14524.5112801,66
14529.5113101,64
14534.5113101,64
14540.5112801,64
14545.5113101,64
14550.5113101,63
14557.5112801,64
14561.5112801,62
14566.5113101,60
14571.5113101,62
14581.5112801,63
14582.5112801,64
14587.5113101,65
14592.5113101,65
14598.5112801,66
14603.5112801,66
14610.5113101,66
14613.5113101,66
14623.5112801,66
14624.5112801,66
14629.5113101,66
14634.5113101,65
14640.5112801,65
14645.5113101,66
14650.5113101,66
14657.5112801,67
14660.5112801,67
14665.5113101,65
14670.5113101,63
14675.5113101,63
14681.5112801,63
14686.5113101,63
14693.5113101,64
14701.5112801,63
14702.5112801,62
14707.5113101,62
14712.5113101,62
14718.5112801,63
14723.5113101,63
14731.5113101,64
14736.5113101,66
14739.5112801,65
14744.5112801,65
14749.5113101,65
14754.5112801,66
14763.5112801,65
14764.5112801,66
14769.5113101,66
14779.5112801,66
14781.5112801,66
14785.5113101,66
14790.5113101,65
14796.5112801,65
14801.5112801,65
14806.5113101,65
14816.5112801,66
14819.5112801,68
14826.5113101,67
14827.5113101,68
14832.5113101,68
14838.5112801,68
14843.5112801,68
14852.5113101,69
14857.5112801,65
14859.5112801,64
14864.5113101,63
14869.5113101,62
14874.5113101,62
14880.5112801,63
14885.5113101,64
14890.5113101,65
14896.5112801,65
14902.5112801,66
14908.5113101,65
14911.5113101,65
14917.5112801,65
14924.5112801,64
14927.5113101,64
14932.5113101,64
14938.5112801,63
14943.5112801,63
14948.5113101,63
14953.5113101,64
14959.5112801,64
14968.5113101,64
14972.5113101,65
14974.5113101,66
14984.5112801,66
14987.5113101,65
14995.5112801,66
14996.5112801,66
15001.5112801,66
15006.5113101,65
15016.5112801,65
15021.5112801,61
15024.5112801,61
15027.5113101,62
15033.5113101,64
15039.5112801,65
15044.5112801,65
15049.5113101,64
15054.5112801,63
15059.5112801,64
15064.5112801,64
15069.5113101,64
15074.5113101,64
15080.5113101,64
15086.5113101,64
15091.5113101,65
15096.5113101,65
15102.5112801,64
15107.5113101,64
15112.5113101,64
15118.5112801,63
15125.5113101,63
15131.5113101,63
15133.5113101,63
15139.5112801,64
15144.5112801,64
15149.5113101,64
15158.5112801,65
15160.5112801,65
15169.5113101,64
15170.5113101,64
15176.5113101,64
15182.5112801,65
15187.5113101,65
15192.5113101,65
15202.5113101,66
15207.5113101,65
15212.5113101,59
15213.5113101,59
15218.5112801,60
15223.5112801,61
15228.5113101,62
15233.5113101,62
15239.5112801,64
15244.5112801,64
15249.5113101,64
15256.5112801,64
15260.5112801,64
15265.5113101,64
15270.5113101,64
15275.5113101,65
15281.5112801,65
15286.5113101,66
15291.5113101,65
15296.5112801,65
15301.5112801,65
15310.5113101,65
15314.5113101,64
15316.5112801,63
15321.5112801,65
15326.5113101,65
15331.5113101,65
15341.5112801,65
15344.5112801,64
15351.5113101,63
15352.5113101,62
15358.5112801,63
15363.5112801,63
15368.5113101,63
15373.5113101,63
15379.5112801,63
15384.5112801,63
15392.5113101,65
15398.5112801,66
15400.5112801,65
15409.5113101,65
15415.5112801,65
15416.5113101,64
15422.5112801,63
15427.5113101,63
15432.5113101,63
15440.5112801,63
15443.5112801,63
15448.5113101,64
15457.5112801,64
15459.5112801,65
15467.5113101,64
15469.5113101,64
15474.5112801,63
15479.5112801,64
15484.5112801,64
15492.5113101,64
15496.5112801,64
15500.5112801,64
15505.5113101,63
15510.5113101,63
15518.5112801,64
15521.5112801,64
15526.5113101,64
15531.5113101,64
15537.5112801,64
15542.5113101,64
15547.5113101,65
15553.5113101,65
15558.5112801,65
15563.5112801,64
15568.5113101,64
15578.5112801,64
15579.5112801,64
15584.5112801,64
15593.5113101,66
15594.5113101,66
15600.5112801,65
15605.5113101,65
15614.5113101,65
15620.5113101,65
15621.5112801,64
15629.5113101,65
15631.5113101,65
15638.5112801,65
15642.5112801,64
15647.5113101,64
15652.5113101,64
15658.5112801,64
15663.5112801,64
15668.5113101,64
15678.5112801,64
15679.5113101,64
15685.5112801,63
15694.5113101,64
15697.5112801,64
15700.5112801,65
15705.5113101,65
15710.5113101,65
15715.5112801,65
15720.5112801,65
15725.5112801,65
15730.5113101,65
15737.5113101,65
15741.5112801,64
15747.5113101,64
15751.5113101,64
15757.5112801,64
15762.5112801,64
15771.5113101,65
15773.5113101,65
15778.5112801,66
15786.5113101,65
15790.5113101,65
15793.5113101,64
15799.5112801,65
15804.5112801,64
15810.5113101,66
15814.5113101,68
15820.5113101,66
15826.5113101,65
15831.5113101,65
15841.5112801,65
15844.5112801,64
15851.5113101,63
15853.5113101,63
15857.5112801,65
15862.5112801,65
15870.5113101,67
15872.5113101,67
15878.5113101,67
15884.5112801,64
15889.5113101,64
15894.5112801,63
15902.5112801,63
15904.5113101,64
15909.5113101,64
15917.5112801,66
15920.5112801,67
15925.5112801,66
15930.5113101,66
15936.5112801,66
15941.5112801,65
15947.5113101,66
15951.5113101,66
15957.5113101,66
15963.5112801,65
15972.5113101,65
15973.5113101,65
15979.5112801,65
15984.5112801,64
15989.5113101,64
15998.5113101,65
15999.5112801,65
16004.5112801,65
16013.5113101,65
16014.5112801,65
16022.5112801,64
16028.5113101,65
16032.5113101,65
16036.5113101,62
16041.5112801,65
16045.5112801,65
16050.5113101,64
16056.5113101,64
16061.5112801,64
16066.5113101,64
16075.5112801,66
16080.5112801,67
16082.5112801,66
16087.5113101,66
16093.5113101,65
16098.5112801,64
16103.5112801,64
16108.5113101,65
16113.5113101,65
16119.5112801,65
16124.5112801,65
16131.5113101,65
16135.5112801,65
16143.5113101,65
16147.5113101,66
16149.5113101,65
16154.5113101,65
16160.5112801,64
16165.5112801,63
16170.5113101,63
16175.5113101,64
16185.5112801,67
16186.5113101,68
16191.5113101,67
16197.5112801,65
16202.5112801,64
16207.5113101,65
16212.5113101,66
16220.5113101,66
16223.5112801,66
16228.5113101,66
16233.5113101,66
16239.5112801,66
16244.5112801,66
16249.5113101,66
16259.5112801,66
16262.5112801,65
16268.5113101,65
16274.5113101,67
16275.5113101,67
16281.5112801,66
16286.5113101,66
16291.5113101,66
16297.5112801,65
16305.5112801,65
16311.5113101,65
16312.5113101,65
16320.5112801,65
16323.5112801,66
16328.5113101,65
16333.5113101,65
16339.5112801,64
16344.5112801,64
16349.5113101,64
16354.5113101,64
16363.5112801,65
16369.5113101,65
16372.5113101,65
16375.5112801,65
16380.5112801,65
16387.5113101,65
16392.5113101,65
16395.5113101,64
16401.5112801,63
16406.5113101,64
16411.5113101,64
16417.5112801,65
16422.5112801,65
16427.5113101,65
16437.5112801,65
16440.5112801,66
16443.5112801,65
16450.5113101,66
16453.5113101,66
16462.5112801,66
16464.5112801,66
16469.5113101,65
16479.5112801,65
16481.5112801,66
16485.5112801,66
16493.5113101,66
16495.5112801,66
16500.5112801,66
16505.5112801,66
16510.5113101,66
16515.5113101,66
16521.5112801,66
16526.5113101,65
16531.5113101,65
16536.5112801,65
16541.5112801,66
16546.5113101,65
16551.5113101,65
16557.5112801,65
16566.5113101,65
16571.5113101,65
16572.5113101,65
16581.5112801,65
16582.5112801,65
16591.5113101,67
16595.5113101,66
16597.5113101,66
16603.5112801,66
16608.5113101,66
16613.5113101,66
16619.5112801,66
16624.5112801,66
16632.5113101,65
16634.5113101,65
16640.5112801,64
16645.5112801,64
16650.5113101,65
16655.5112801,65
16660.5113101,65
16667.5113101,65
16671.5113101,65
16677.5112801,65
16685.5112801,67
16687.5113101,67
16692.5113101,66
16699.5112801,66
16705.5112801,66
16710.5113101,66
16712.5113101,66
16717.5112801,65
16722.5112801,65
16731.5113101,66
16733.5113101,67
16738.5112801,66
16743.5112801,66
16748.5113101,66
16753.5113101,65
16759.5112801,65
16766.5113101,65
16771.5113101,65
16778.5112801,67
16780.5112801,66
16785.5113101,66
16790.5113101,66
16795.5113101,66
16805.5112801,66
16808.5113101,67
16814.5113101,67
16820.5112801,66
16822.5112801,66
16827.5113101,66
16832.5113101,66
16837.5113101,66
16843.5112801,66
16848.5113101,66
16856.5112801,68
16862.5112801,67
16864.5112801,67
16869.5113101,67
16874.5113101,67
16880.5112801,67
16885.5112801,67
16890.5113101,67
16896.5113101,67
16901.5113101,67
16907.5113101,67
16912.5113101,67
16918.5112801,68
16925.5112801,68
16930.5113101,68
16933.5113101,67
16939.5112801,67
16944.5112801,67
16953.5113101,67
16957.5112801,70
16960.5113101,71
16966.5112801,65
16971.5113101,65
16976.503,65
16982.50297,65
16987.503,65
16992.503,65
16997.50297,65
17003.503,65
17007.503,65
17013.503,65
17017.50297,66
17022.50297,65
17027.503,65
17032.503,65
17038.50297,65
17043.50297,65
17048.503,65
17053.503,65
17059.50297,65
17064.50297,65
17073.503,65
17076.50297,65
17080.50297,65
17085.50297,65
17090.503,64
17095.503,64
17101.50297,64
17106.503,64
17113.503,64
17116.503,63
17126.503,64
17127.503,64
17133.503,64
17137.50297,63
17142.50297,64
17147.503,64
17152.503,64
17162.50297,64
17163.50297,64
17168.503,64
17173.503,64
17182.50297,63
17185.50297,63
17188.503,63
17193.503,63
17202.50297,63
17205.50297,63
17209.503,64
17214.503,64
17220.50297,64
17225.503,64
17233.503,64
17235.503,64
17241.50297,64
17246.503,64
17251.503,64
17261.50297,64
17263.50297,64
17268.503,64
17273.503,64
17278.503,64
17284.50297,64
17289.503,63
17294.503,63
17300.50297,63
17309.503,64
17310.503,64
17315.503,64
17321.50297,64
17328.503,64
17331.503,64
17337.50297,64
17343.50297,64
17347.503,64
17352.503,64
17357.50297,64
17366.50297,65
17367.503,66
17372.503,65
17378.50297,64
17383.50297,63
17388.503,64
17393.503,64
17399.50297,64
17404.50297,64
17409.503,64
17419.50297,64
17420.50297,64
17425.50297,68
17430.503,68
17441.503,67
17448.503,67
17457.50297,77
17462.50297,74
17467.503,73
17472.503,67
17477.503,66
17478.50297,66
17487.503,67
17490.503,68
17493.503,67
17503.50297,62
17508.503,59
17509.503,59
17514.50297,61
17519.50297,61
17524.50297,60
17529.503,62
17534.503,62
17544.50297,62
17545.50297,63
17550.503,65
17555.503,65
17561.50297,67
17565.50297,76
17570.503,75
17577.503,66
17580.50297,66
17585.50297,65
17590.503,65
17595.503,64
17601.50297,64
17606.50297,65
17611.503,66
17621.50297,66
17622.50297,66
17627.503,67
17632.503,67
17638.503,66
17644.50297,66
17649.503,66
17654.503,66
17660.50297,66
17665.50297,66
17670.503,65
17675.503,65
17681.50297,65
17686.50297,66
17691.503,64
17696.50297,64
17701.50297,64
17706.50297,63
17711.503,64
17716.503,64
17722.50297,71
17727.503,75
17736.503,66
17740.50297,65
17742.50297,65
17747.503,65
17752.503,65
17758.50297,65
17763.50297,65
17768.503,65
17773.503,65
17779.50297,65
17784.50297,65
17789.503,66
17794.503,65
17800.50297,65
17805.50297,65
17814.50297,64
17816.50297,64
17821.50297,64
17826.50297,66
17831.503,71
17836.503,70
17842.50297,66
17847.503,66
17852.503,65
17857.50297,65
17862.50297,65
17867.503,65
17873.503,65
17878.50297,65
17883.50297,64
17888.503,64
17893.503,66
17899.50297,71
17906.50297,65
17909.503,64
17914.503,64
17920.50297,64
17925.50297,64
17930.503,65
17938.50297,66
17940.50297,66
17945.50297,65
17950.503,65
17955.503,65
17961.50297,64
17966.50297,64
17971.503,65
17976.503,65
17982.50297,66
17987.503,66
17992.503,66
17998.50297,68
18003.50297,68
18008.503,68
18013.503,68
18022.50297,65
18026.503,65
18029.503,65
18034.503,64
18040.50297,64
18045.50297,65
18050.503,68
18055.503,66
18061.50297,65
18066.50297,65
18071.503,65
18076.503,65
18082.503,65
18087.503,65
18092.503,65
18097.50297,65
18102.50297,65
18109.503,66
18112.503,68
18118.50297,65
18123.503,65
18128.503,65
18133.503,64
18139.50297,65
18144.50297,64
18149.503,64
18154.503,64
18159.50297,65
18164.50297,65
18173.503,66
18174.503,66
18180.50297,66
18185.50297,66
18191.503,66
18195.503,66
18203.503,64
18206.50297,63
18211.503,63
18216.503,65
18222.50297,65
18227.503,65
18232.503,65
18238.50297,65
18243.50297,65
18248.503,66
18253.503,67
18263.50297,67
18265.50297,67
18270.503,66
18276.503,66
18281.50297,65
18286.503,65
18291.503,65
18297.50297,65
18302.503,65
18311.503,66
18313.503,66
18319.50297,66
18324.50297,66
18329.503,64
18334.503,64
18340.50297,64
18345.50297,64
18350.503,65
18355.50297,68
18360.50297,69
18366.50297,84
18370.503,84
18376.503,84
18386.50297,65
18391.503,65
18396.503,64
18402.50297,63
18407.503,64
18409.503,64
18413.503,65
18419.50297,68
18424.50297,65
18429.503,63
18434.503,64
18440.50297,64
18445.50297,64
18450.503,64
18455.503,65
18461.50297,65
18466.50297,66
18471.503,66
18479.50297,66
18482.50297,66
18487.503,65
18492.503,65
18500.50297,65
18502.503,65
18508.503,65
18513.503,65
18519.50297,64
18524.50297,65
18529.503,65
18538.503,66
18539.50297,66
18544.50297,65
18549.503,65
18555.503,65
18560.50297,65
18568.503,64
18570.503,64
18576.503,64
18581.50297,64
18586.50297,65
18592.503,66
18597.50297,67
18605.50297,64
18607.503,64
18612.503,64
18617.503,64
18623.50297,65
18628.503,65
18635.503,65
18639.50297,65
18646.50297,76
18648.503,77
18658.50297,65
18661.50297,63
18664.50297,63
18669.503,63
18674.503,64
18680.50297,64
18685.50297,65
18690.503,65
18698.50297,65
18701.50297,65
18709.503,66
18713.503,66
18717.50297,64
18722.50297,63
18727.50297,63
18732.503,64
18737.50297,64
18742.50297,64
18747.503,63
18752.503,64
18757.50297,64
18762.50297,64
18769.503,64
18772.503,67
18781.50297,68
18783.50297,68
18789.503,65
18793.503,65
18799.50297,64
18804.50297,64
18811.503,64
18814.503,64
18820.50297,64
18825.50297,64
18830.503,64
18835.50297,85
18844.503,64
18849.503,63
18854.503,63
18859.503,63
18864.50297,62
18868.503,63
18875.503,64
18879.50297,64
18882.503,65
18891.503,73
18893.503,75
18899.50297,77
18904.50297,77
18909.503,82
18914.503,98
18924.50297,67
18929.503,64
18934.503,66
18940.50297,66
18944.50297,67
18950.503,63
18954.503,65
18959.50297,64
18961.50297,64
18970.503,60
18972.503,60
18976.503,61
18982.50297,61
18987.503,62
18992.503,63
18997.50297,64
19004.50297,64
19010.503,64
19013.503,63
19017.50297,62
19022.50297,61
19027.50297,61
19032.503,62
19038.50297,62
19043.50297,62
19048.503,63
19053.503,64
19061.50297,62
19064.50297,61
19069.503,62
19074.503,62
19079.50297,62
19084.50297,62
19089.503,62
19094.503,62
19100.50297,62
19105.50297,62
19110.503,62
19115.503,62
19124.50297,62
19126.50297,62
19131.503,61
19137.50297,60
19142.50297,60
19147.50297,60
19152.503,60
19161.503,60
19163.50297,61
19170.503,61
19174.503,61
19177.50297,59
19182.50297,59
19187.50297,59
19192.503,59
19198.50297,59
19203.50297,59
19208.503,59
19213.503,60
19219.50297,61
19224.50297,61
19229.503,61
19234.503,60
19240.50297,60
19245.50297,60
19254.503,60
19255.503,60
19263.503,60
19265.503,60
19270.503,60
19276.503,60
19282.50297,60
19290.503,60
19291.503,60
19299.503,59
19302.50297,59
19307.50297,59
19312.503,59
19318.50297,59
19323.50297,59
19328.503,59
19333.503,60
19341.50297,60
19345.50297,60
19350.503,60
19358.50297,60
19360.50297,59
19365.50297,59
19370.503,59
19380.503,59
19384.50297,60
19387.50297,59
19395.503,59
19396.503,59
19402.50297,60
19407.50297,59
19412.503,59
19417.50297,59
19426.50297,60
19427.503,60
19432.503,60
19438.50297,60
19443.503,60
19449.503,60
19454.503,60
19460.50297,60
19465.50297,60
19473.503,60
19475.503,60
19481.50297,60
19486.50297,60
19492.503,61
19496.503,61
19503.50297,61
19507.50297,60
19512.503,60
19517.50297,60
19524.50297,59
19527.50297,59
19532.503,59
19537.50297,60
19542.50297,60
19548.503,60
19552.503,60
19558.50297,60
19563.50297,60
19572.503,60
19578.50297,60
19581.50297,60
19584.50297,60
19589.503,60
19594.503,60
19600.50297,60
19605.50297,60
19611.503,60
19615.503,60
19625.503,59
19629.503,59
19635.503,59
19636.503,59
19642.50297,59
19647.50297,59
19652.503,59
19657.50297,59
19662.50297,60
19667.50297,60
19672.503,59
19680.50297,59
19682.50297,60
19688.503,60
19696.503,60
19697.503,60
19703.50297,60
19708.503,60
19713.503,60
19720.50297,60
19723.50297,60
19728.503,60
19733.503,60
19738.50297,60
19743.503,60
19749.503,60
19758.503,60
19759.50297,60
19768.503,60
19769.503,60
19774.503,60
19780.50297,60
19787.50297,60
19793.503,60
19799.50297,60
19801.50297,60
19806.50297,60
19811.503,60
19816.503,61
19824.50297,63
19827.50297,63
19832.503,63
19841.50297,62
19844.50297,62
19849.503,60
19852.503,59
19858.50297,61
19862.50297,61
19867.50297,57
19872.503,57
19877.50297,56
19882.50297,56
19887.50297,56
19892.503,57
19902.50297,57
19905.50297,57
19908.503,57
19913.503,55
19921.50297,56
19924.50297,56
19929.503,56
19934.503,55
19940.50297,56
19945.50297,57
19952.503,58
19957.50297,58
19961.50297,57
19970.503,58
19971.503,58
19976.503,56
19985.50297,60
19987.50297,60
19993.503,61
19997.503,60
20003.50297,60
20008.503,60
20013.503,60
20018.50297,60
20023.50297,60
20029.503,60
20033.503,61
20038.50297,61
20043.50297,61
20048.503,61
20053.503,61
20058.50297,61
20063.50297,61
20068.503,61
20073.503,61
20078.50297,61
20083.50297,61
20088.503,61
20095.503,61
20098.50297,61
20103.50297,60
20108.503,60
20118.50297,61
20122.50297,62
20125.50297,61
20129.503,60
20134.503,59
20140.50297,59
20145.50297,59
20152.503,59
20156.503,59
20161.50297,60
20170.503,62
20171.503,61
20176.503,61
20186.50297,62
20191.503,61
20192.503,61
20197.50297,61
20202.50297,60
20207.50297,59
20212.503,59
20217.50297,60
20222.50297,60
20230.503,60
20234.503,61
20237.50297,61
20243.50297,59
20247.50297,59
20252.503,59
20257.503,59
20263.50297,59
20270.503,60
20273.503,60
20278.50297,60
20283.50297,60
20288.50297,60
20293.503,60
20299.50297,60
20308.50297,60
20311.503,60
20314.503,60
20320.50297,60
20325.50297,60
20330.503,60
20335.503,60
20342.50297,60
20346.50297,60
20355.503,60
20360.50297,59
20362.50297,59
20367.50297,59
20376.503,59
20378.50297,59
20386.50297,60
20388.50297,60
20392.503,60
20397.50297,60
20402.50297,60
20407.50297,60
20412.503,60
20417.503,60
20426.503,60
20428.50297,60
20433.503,60
20438.50297,60
20443.50297,59
20449.503,59
20457.503,59
20458.50297,59
20466.50297,60
20468.50297,60
20478.50297,61
20483.50297,63
20487.50297,67
20492.503,66
20494.503,66
20503.50297,61
20505.50297,61
20510.503,62
20515.503,62
20520.50297,61
20526.50297,61
20530.503,61
20540.50297,61
20542.50297,61
20547.50297,61
20552.503,61
20557.50297,61
20562.50297,60
20567.50297,60
20572.503,60
20577.5132899,60
20582.5132899,60
20587.51332,60
20592.51332,60
20600.5132899,60
20603.5132899,60
20610.51332,60
20613.51332,63
20620.5132899,62
20624.5132899,59
20630.51332,60
20634.51332,61
20640.5132899,60
20645.5132899,60
20652.51332,60
20655.51332,60
20661.5132899,60
20666.5132899,60
20671.51332,59
20681.5132899,60
20683.5132899,61
20689.51332,60
20692.51332,59
20697.5132899,59
20702.5132899,60
20707.5132899,62
20712.51332,62
20717.5132899,61
20724.5132899,60
20727.5132899,61
20732.51332,61
20742.5132899,61
20744.5132899,61
20748.5132899,60
20753.51332,59
20758.5132899,59
20766.5132899,60
20768.5132899,60
20773.51332,60
20778.5132899,60
20786.5132899,60
20792.51332,60
20796.51332,61
20798.5132899,61
20803.5132899,60
20812.51332,60
20814.51332,60
20818.5132899,61
20823.5132899,60
20829.51332,60
20833.51332,60
20842.5132899,60
20844.5132899,60
20852.51332,60
20854.51332,59
20859.5132899,60
20864.5132899,59
20873.51332,59
20877.51332,60
20880.51332,62
20888.5132899,62
20891.51332,61
20898.5132899,61
20904.5132899,61
20908.5132899,61
20912.51332,61
20917.51332,61
20924.5132899,61
20931.51332,61
20935.51332,61
20939.5132899,61
20944.5132899,60
20949.51332,60
20954.51332,60
20963.5132899,60
20965.5132899,60
20970.51332,61
20975.51332,61
20981.51332,62
20988.5132899,61
20992.51332,61
20997.5132899,61
21002.5132899,61
21011.51332,61
21016.51332,69
21017.5132899,71
21026.5132899,68
21027.5132899,68
21034.51332,64
21037.51332,61
21043.51332,62
21049.51332,61
21054.51332,62
21060.5132899,62
21067.5132899,62
21070.51332,62
21075.51332,61
21085.5132899,61
21090.51332,65
21092.51332,63
21097.51332,62
21103.5132899,62
21108.5132899,62
21113.51332,62
21122.5132899,62
21127.5132899,62
21128.5132899,62
21133.51332,61
21138.5132899,60
21143.5132899,60
21148.5132899,61
21153.51332,61
21162.5132899,62
21163.5132899,62
21172.51332,61
21176.51332,61
21178.51332,63
21184.5132899,62
21189.51332,60
21194.51332,60
21200.5132899,60
21207.5132899,61
21214.51332,62
21219.5132899,63
21221.5132899,62
21226.5132899,62
21231.51332,61
21236.51332,60
21242.51332,60
21248.5132899,60
21253.51332,60
21259.5132899,60
21268.5132899,62
21272.51332,62
21274.51332,62
21280.5132899,61
21285.5132899,61
21290.51332,61
21295.51332,60
21302.5132899,61
21306.5132899,62
21311.51332,62
21321.51332,63
21326.5132899,68
21328.5132899,68
21333.51332,61
21337.5132899,63
21345.5132899,61
21347.51332,60
21352.51332,60
21359.5132899,61
21362.5132899,60
21371.51332,60
21373.51332,61
21377.5132899,65
21382.5132899,62
21387.5132899,61
21392.51332,62
21397.51332,61
21403.5132899,60
21408.5132899,61
21413.51332,60
21418.5132899,60
21423.5132899,61
21429.51332,65
21433.51332,68
21439.5132899,68
21444.5132899,68
21451.51332,68
21459.5132899,68
21461.5132899,68
21465.5132899,67
21470.51332,66
21475.51332,66
21480.5132899,66
21489.5132899,61
21490.51332,61
21496.51332,60
21501.5132899,64
21506.5132899,63
21511.51332,63
21516.51332,63
21522.5132899,63
21527.5132899,63
21532.51332,64
21541.5132899,68
21543.51332,68
21549.5132899,68
21554.51332,71
21561.5132899,73
21565.51332,74
21575.51332,74
21577.5132899,74
21582.5132899,68
21587.51332,70
21592.51332,70
21597.5132899,74
21602.5132899,75
21607.5132899,74
21612.51332,74
21618.5132899,73
21622.5132899,73
21631.51332,75
21634.51332,76
21637.5132899,77
21642.5132899,77
21651.51332,77
21654.51332,74
21657.5132899,74
21663.5132899,74
21667.5132899,72
21676.51332,73
21677.5132899,73
21682.5132899,70
21687.51332,70
21692.51332,70
21697.5132899,72
21702.5132899,74
21709.5132899,74
21716.51332,73
21717.5132899,72
21724.5132899,72
21727.5132899,72
21732.51332,72
21737.5132899,72
21742.5132899,73
21747.5132899,72
21755.51332,75
21757.51332,77
21763.5132899,77
21771.51332,74
21773.51332,73
21779.5132899,73
21788.5132899,78
21790.51332,81
21794.51332,77
21800.5132899,73
21805.5132899,74
21810.51332,76
21815.51332,75
21821.51332,74
21827.5132899,74
21835.51332,74
21837.51332,73
21847.5132899,73
21848.5132899,73
21857.51332,75
21858.5132899,77
21863.5132899,74
21868.5132899,71
21873.51332,69
21878.5132899,68
21883.5132899,68
21888.5132899,68
21893.51332,68
21898.5132899,68
21903.5132899,68
21908.51332,68
21913.51332,68
21919.5132899,71
21924.5132899,70
21933.51332,74
21939.5132899,79
21940.5132899,78
21947.5132899,68
21950.51332,68
21955.51332,68
21961.5132899,73
21966.5132899,73
21971.51332,72
21976.51332,75
21982.5132899,76
21987.51332,77
21992.51332,76
21997.5132899,76
22002.5132899,76
22007.5132899,77
22012.51332,77
22017.5132899,77
22022.5132899,77
22027.5132899,77
22033.51332,77
22037.5132899,76
22046.5132899,78
22049.5132899,79
22059.5132899,78
22065.5132899,78
22072.51332,79
22079.5132899,64
22084.5132899,59
22087.5132899,58
22094.51332,59
22100.51332,60
22105.5132899,59
22110.51332,59
22115.51332,59
22118.5132899,59
22122.5132899,59
22127.5132899,60
22136.51332,63
22141.5132899,65
22142.5132899,65
22147.5132899,64
22156.51332,64
22162.5132899,65
22163.5132899,65
22171.51332,67
22173.51332,67
22178.5132899,68
22183.5132899,68
22188.5132899,70
22194.51332,72
22198.5132899,72
22203.5132899,72
22210.51332,73
22213.51332,74
22219.5132899,74
22226.51332,76
22231.51332,75
22233.51332,73
22238.51332,69
22244.5132899,69
22249.51332,72
22254.51332,73
22260.51332,73
22266.5132899,74
22271.51332,73
22280.5132899,73
22285.51332,72
22288.5132899,72
22293.51332,76
22298.51332,76
22307.5132899,75
22312.51332,75
22318.51332,75
22319.5132899,75
22324.5132899,67
22329.51332,70
22336.51332,67
22340.5132899,66
22346.5132899,71
22351.51332,67
22355.51332,68
22361.5132899,72
22370.51332,72
22371.51332,72
22376.51332,70
22382.5132899,71
22387.5132899,73
22392.51332,75
22397.51332,75
22403.5132899,75
22408.5132899,75
22413.51332,76
22418.5132899,76
22423.5132899,77
22428.5132899,77
22438.5132899,77
22442.5132899,73
22449.5132899,72
22450.51332,73
22455.51332,74
22461.5132899,76
22466.5132899,76
22471.51332,76
22477.51332,77
22482.5132899,77
22487.5132899,77
22493.51332,79
22497.51332,80
22504.5132899,82
22508.5132899,82
22514.51332,82
22518.51332,79
22528.5132899,82
22531.51332,81
22534.51332,78
22540.5132899,79
22545.5132899,80
22550.51332,80
22555.51332,81
22561.5132899,79
22566.51332,77
22571.51332,77
22576.51332,77
22582.5132899,77
22587.5132899,77
22592.51332,77
22597.51332,77
22607.5132899,77
22612.51332,77
22613.51332,77
22618.5132899,77
22627.5132899,67
22632.51332,68
22636.51332,70
22638.51332,71
22644.5132899,73
22653.51332,73
22658.51332,74
22662.5132899,77
22665.5132899,77
22670.5132899,76
22675.51332,76
22683.5132899,76
22685.5132899,76
22690.5132899,76
22699.51332,76
22700.5132899,76
22705.5132899,73
22710.5132899,74
22715.51332,74
22724.5132899,76
22728.5132899,78
22735.51332,78
22737.51332,73
22741.5132899,72
22746.51332,71
22753.51332,72
22757.51332,72
22766.5132899,66
22769.5132899,68
22772.51332,70
22777.51332,71
22783.5132899,71
22788.5132899,72
22793.51332,72
22798.5132899,72
22806.5132899,72
22808.5132899,72
22813.51332,72
22819.5132899,72
22828.51332,72
22829.5132899,72
22839.5132899,61
22842.5132899,63
22846.5132899,68
22851.51332,68
22856.51332,68
22861.51332,68
22867.5132899,68
22872.51332,68
22877.5132899,68
22882.5132899,68
22887.5132899,69
22892.51332,69
22900.5132899,69
22903.5132899,68
22910.51332,70
22913.51332,71
22919.5132899,70
22924.5132899,71
22929.5132899,72
22934.51332,73
22940.5132899,74
22945.5132899,75
22950.5132899,74
22960.5132899,73
22961.5132899,73
22966.5132899,75
22971.51332,77
22981.51332,77
22982.5132899,77
22987.5132899,77
22995.51332,65
23002.5132899,66
23006.5132899,67
23008.51332,68
23017.51332,65
23018.51332,65
23026.5132899,68
23032.51332,71
23034.51332,73
23039.51332,76
23047.51332,76
23050.5132899,76
23055.51332,68
23060.51332,68
23066.5132899,68
23071.51332,68
23076.51332,69
23086.5132899,73
23087.5132899,72
23094.51332,72
23097.51332,69
23102.5132899,68
23107.5132899,68
23115.51332,68
23117.51332,68
23123.5132899,68
23133.51332,76
23143.5132899,68
23145.5132899,68
23149.5132899,69
23154.51332,69
23159.51332,67
23165.5132899,68
23170.5132899,68
23175.51332,68
23184.9195399,68
23189.9195399,68
23192.91957,69
23201.91957,67
23206.9195399,68
23208.9195399,68
23212.91957,67
23217.9195399,67
23226.9195399,64
23230.9195399,64
23234.91957,64
23238.91957,66
23243.9195399,67
23248.9195399,67
23257.91957,67
23260.9195399,67
23263.9195399,67
23268.9195399,67
23273.91957,68
23279.9195399,68
23284.9195399,68
23290.9195399,63
23294.91957,63
23299.91957,65
23305.9195399,66
23314.91957,67
23315.91957,67
23322.9195399,64
23326.9195399,64
23331.91957,66
23336.91957,66
23342.9195399,67
23347.91957,68
23352.91957,69
23357.91957,68
23363.91957,68
23369.9195399,68
23374.91957,66
23379.91957,66
23385.9195399,67
23390.9195399,66
23397.91957,66
23400.91957,67
23406.9195399,69
23415.91957,69
23416.91957,69
23421.91957,69
23427.91957,69
23432.91957,69
23437.91957,70
23443.91957,70
23451.91957,65
23454.91957,65
23464.9195399,64
23465.9195399,65
23470.91957,65
23475.91957,65
23485.2164099,68
23490.2164099,70
23495.21644,69
23500.21644,66
23505.2164099,66
23510.2164099,67
23514.21644,68
23519.21644,68
23522.21644,68
23528.2164099,69
23533.21644,69
23539.21644,68
23543.2164099,67
23548.2164099,67
23553.21644,67
23559.21644,66
23564.2164099,66
23569.2164099,66
23574.21644,66
23579.21644,66
23589.2164099,67
23591.2164099,69
23598.21644,71
23600.21644,70
23606.2164099,68
23611.2164099,67
23616.21644,66
23621.21644,68
23627.2164099,68
23632.21644,68
23637.21644,68
23643.2164099,69
23652.21644,74
23653.21644,74
23663.2164099,65
23668.2164099,65
23672.21644,65
23674.21644,64
23680.2164099,64
23688.2164099,62
23690.2164099,62
23695.21644,63
23702.2164099,64
23706.2164099,64
23711.2164099,64
23716.21644,64
23726.2164099,64
23727.2164099,64
23735.21644,64
23737.21644,64
23742.21644,61
23748.2164099,62
23753.21644,62
23758.21644,62
23767.2164099,62
23769.2164099,62
23774.21644,63
23779.21644,63
23785.2164099,64
23790.2164099,64
23795.21644,64
23800.21644,64
23806.2164099,65
23815.21644,66
23819.21644,66
23821.21644,65
23827.2164099,64
23832.21644,65
23839.21644,65
23842.21644,65
23851.21644,65
23853.21644,65
23858.21644,65
23867.2164099,65
23868.2164099,65
23873.21644,65
23878.21644,65
23888.2164099,65
23893.21644,66
23894.21644,66
23899.21644,66
23905.2164099,66
23912.21644,66
23919.21644,66
23922.2164099,66
23930.2164099,66
23932.21644,66
23936.21644,66
23946.2164099,65
23949.2164099,65
23952.21644,65
23957.21644,66
23962.21644,66
23972.21644,66
23975.21644,66
23982.21644,66
23983.2164099,66
23988.2164099,65
23993.21644,65
23998.21644,65
24008.2164099,65
24013.21644,67
24015.21644,67
24019.21644,67
24028.2164099,67
24030.2164099,67
24038.21644,66
24040.21644,66
24046.2164099,66
24051.2164099,67
24056.21644,67
24066.21644,67
24071.2164099,66
24074.21644,65
24077.21644,65
24082.21644,64
24088.2164099,65
24097.21644,65
24101.21644,65
24106.2164099,65
24108.2164099,65
24113.21644,64
24123.2164099,65
24128.2164099,66
24129.2164099,66
24134.21644,66
24139.21644,65
24149.2164099,65
24150.2164099,66
24159.21644,66
24160.21644,66
24168.2164099,65
24175.21644,66
24179.21644,65
24184.2081599,65
24187.2081599,65
24192.2082,65
24197.2082,65
24203.2081599,65
24208.2081599,65
24214.2082,65
24218.2082,65
24224.2081599,65
24232.2082,65
24238.2082,65
24241.2082,65
24245.2081599,65
24250.2081599,65
24255.2082,65
24264.2081599,65
24266.2081599,65
24271.2081599,65
24276.2082,65
24281.2082,65
24289.2082,65
24296.2082,65
24297.2082,65
24303.2081599,65
24308.2081599,66
24315.2082,67
24318.2082,67
24326.2081599,67
24333.2082,66
24338.2082,66
24342.2081599,66
24345.2081599,66
24354.2082,66
24359.2082,66
24362.2082,65
24371.2081599,62
24372.2082,62
24377.2082,63
24384.2081599,63
24388.2081599,64
24397.2082,65
24401.2082,65
24403.2082,65
24412.2082,65
24414.2082,65
24424.2081599,66
24425.2081599,66
24434.2082,65
24439.2082,67
24445.2081599,66
24446.2081599,65
24451.2081599,65
24458.2082,65
24464.2081599,65
24467.2081599,65
24472.2082,65
24481.2082,66
24485.2081599,66
24488.2082,66
24493.2082,66
24498.2082,65
24503.2081599,65
24508.2081599,65
24517.2082,65
24520.2082,66
24528.2081599,66
24529.2081599,66
24534.2082,66
24539.2082,66
24544.2081599,65
24549.2081599,65
24554.2082,65
24563.2082,66
24567.2081599,67
24569.2081599,67
24574.2082,66
24579.2082,66
24585.2081599,66
24591.2081599,66
24599.2082,65
24600.2082,65
24606.2081599,65
24615.2082,66
24620.2082,67
24621.2082,67
24628.2081599,66
24632.2082,65
24637.2082,65
24645.2081599,66
24649.2081599,65
24652.2082,65
24657.2082,65
24662.2081599,65
24667.2081599,65
24676.2082,66
24680.2082,66
24682.2082,66
24688.2081599,66
24693.2082,66
24702.2082,66
24703.2081599,66
24708.2081599,65
24713.2082,65
24718.2082,66
24723.2082,65
24733.2082,65
24734.2082,65
24744.2081599,65
24749.2081599,65
24754.2082,67
24755.2082,67
24760.2082,65
24766.2081599,64
24771.2082,64
24776.2082,64
24782.2082,64
24789.2081599,64
24795.2082,65
24801.2082,65
24807.2081599,65
24811.2081599,65
24814.2082,64
24818.2082,63
24823.2081599,63
24830.2081599,64
24833.2082,64
24838.2082,65
24844.2081599,65
24849.2081599,66
24858.2082,65
24859.2082,65
24865.2081599,65
24874.2082,65
24876.2082,65
24880.2082,65
24891.2081599,66
24893.2082,66
24901.2082,65
24902.2082,65
24912.2081599,66
24917.2082,66
24919.2082,66
24925.2081599,66
24929.2081599,66
24934.2082,66
24939.2082,65
24944.2082,65
24953.2082,65
24955.2082,65
24960.2082,65
24966.2081599,65
24972.2081599,65
24980.2082,66
24983.2081599,66
24987.2081599,65
24992.2081599,63
24997.2082,62
25002.2082,63
25011.2081599,64
25013.2082,64
25018.2082,65
25023.2082,65
25029.2081599,65
25034.2082,65
25043.2082,67
25048.2081599,68
25049.2081599,68
25054.2082,68
25060.2082,68
25065.2081599,67
25070.2081599,66
25075.2082,65
25080.2082,65
25086.2081599,66
25092.2081599,65
25096.2082,65
25106.2081599,67
25109.2082,67
25116.2082,67
25121.2082,67
25122.2082,67
25128.2081599,67
25135.2082,67
25142.2082,66
25143.2082,65
25149.2081599,65
25154.2082,65
25159.2082,65
25165.2081599,66
25174.2082,66
25175.2082,66
25180.2082,66
25186.2081599,63
25191.2081599,65
25196.2082,66
25201.2082,66
25208.2081599,66
25212.2081599,66
25217.2082,66
25227.2081599,66
25229.2081599,66
25234.2082,66
25240.2082,66
25243.2082,66
25253.2082,66
25254.2082,66
25263.2082,66
25268.2081599,66
25270.2081599,67
25279.2082,67
25280.2082,66
25290.2081599,66
25291.2081599,66
25296.2082,66
25301.2082,66
25306.2081599,65
25315.2082,65
25320.2082,68
25325.2082,68
25326.2081599,67
25331.2081599,66
25336.2082,67
25341.2082,67
25347.2081599,67
25352.2081599,67
25359.2082,67
25362.2082,67
25371.2081599,67
25373.2082,67
25378.2082,67
25387.2081599,67
25393.2082,68
25395.2082,68
25399.2082,67
25405.2081599,66
25410.2082,65
25415.2082,66
25420.2082,66
25426.2081599,66
25431.2081599,66
25436.2082,66
25446.2081599,66
25447.2081599,66
25452.2081599,66
25457.2082,66
25462.2082,66
25468.2081599,66
25477.2082,68
25478.2082,67
25483.2082,66
25489.2081599,67
25494.2082,67
25499.2082,66
25509.2081599,68
25511.2081599,68
25515.2082,66
25520.2082,67
25526.2081599,67
25531.2081599,67
25536.2082,67
25541.2082,67
25547.2081599,66
25556.2082,66
25557.2082,66
25567.2081599,66
25568.2082,66
25575.2082,66
25579.2082,66
25584.2081599,66
25589.2081599,66
25598.2082,67
25603.2082,66
25604.2082,66
25609.2081599,64
25614.2082,64
25619.2082,64
25625.2081599,65
25630.2081599,67
25639.2082,68
25641.2082,68
25646.2081599,68
25651.2081599,68
25656.2082,67
25661.2082,67
25671.2081599,68
25672.2081599,69
25677.2082,69
25682.2082,65
25688.2081599,65
25693.2081599,66
25698.2082,66
25703.2082,67
25709.2081599,67
25714.2082,67
25723.2082,67
25728.2081599,67
25730.2081599,67
25735.2082,67
25745.2081599,67
25746.2081599,67
25755.2082,66
25756.2082,66
25761.2082,66
25767.2081599,66
25772.2081599,66
25777.2082,66
25785.2081599,66
25789.2081599,67
25793.2081599,67
25801.2082,67
25805.2081599,66
25809.2081599,65
25814.2082,66
25819.2082,66
25827.2081599,66
25830.2081599,66
25838.2082,67
25844.2081599,67
25846.2081599,67
25851.2081599,67
25856.2082,66
25861.2082,66
25871.2081599,66
25872.2081599,65
25880.2082,66
25887.2081599,68
25888.2081599,67
25893.2081599,66
25898.2082,66
25906.2082,68
25909.2081599,68
25914.2082,68
25919.2082,67
25929.2081599,67
25934.2082,68
25937.2082,68
25940.2082,68
25945.2082,66
25951.2081599,64
25956.2082,65
25961.2082,65
25967.2081599,66
25975.2082,66
25980.2082,66
25982.2082,66
25988.2081599,66
25993.2082,66
26002.2081599,66
26007.2082,67
26008.2081599,67
26013.2081599,68
26018.2082,68
26028.2081599,67
26031.2082,67
26034.2082,67
26039.2082,67
26044.2082,67
26050.2081599,66
26055.2082,66
26060.2082,66
26069.2081599,66
26071.2081599,66
26076.2082,67
26081.2082,67
26087.2082,67
26092.2082,67
26100.2081599,68
26106.2081599,68
26108.2081599,68
26113.2081599,68
26118.2082,68
26128.2081599,68
26132.2081599,69
26137.2082,69
26139.2082,69
26146.2081599,68
26150.2081599,68
26155.2082,68
26160.2082,68
26166.2081599,68
26171.2081599,68
26176.2082,68
26181.2082,68
26189.2081599,68
26192.2081599,67
26197.2082,66
26202.2082,67
26208.2081599,67
26213.2081599,67
26218.2082,67
26223.2082,67
26229.2081599,66
26234.2082,67
26239.2082,67
26249.2081599,68
26253.2081599,70
26255.2082,69
26260.2082,67
26265.2081599,67
26274.2082,67
26276.2082,67
26280.2082,67
26286.2081599,67
26292.2081599,68
26296.2082,68
26301.2082,68
26309.2081599,68
26312.2081599,68
26317.2082,68
26322.2082,68
26328.2081599,68
26336.2082,68
26338.2082,68
26346.2081599,66
26348.2081599,66
26353.2081599,67
26358.2082,68
26363.2082,68
26370.2081599,68
26373.2081599,68
26378.2082,69
26388.2081599,67
26389.2081599,67
26394.2082,67
26399.2082,66
26404.2081599,67
26409.2081599,67
26414.2082,67
26419.2082,67
26424.2081599,68
26429.2081599,68
26436.2082,68
26439.2082,68
26448.2081599,68
26450.2081599,67
26455.2082,67
26460.2082,67
26465.2081599,67
26470.2081599,68
26476.2082,68
26480.2082,68
26485.2082,68
26491.2081599,68
26496.2082,68
26501.2082,68
26507.2081599,68
26512.2081599,68
26517.2082,68
26522.2082,68
26528.2081599,68
26533.2081599,68
26538.2082,68
26543.2082,68
26549.2081599,68
26555.2082,68
26562.2082,68
26566.2081599,74
26571.2081599,75
26575.2082,75
26580.2082,75
26585.2082,75
26591.2081599,75
26600.2082,76
26604.2081599,77
26608.2081599,80
26612.2081599,82
26617.2082,83
26627.2081599,61
26632.2081599,62
26637.2082,59
26642.2082,59
26644.2082,60
26649.2081599,60
26656.2082,62
26658.2082,62
26663.2082,63
26669.2081599,63
26674.2081599,63
26683.2081599,67
26685.2081599,69
26690.2081599,76
26699.2082,60
26703.2081599,61
26706.2081599,62
26710.2081599,64
26719.2082,63
26724.2081599,69
26726.2081599,68
26733.2081599,63
26738.2082,62
26741.2082,63
26750.2081599,64
26752.2081599,65
26757.2082,65
26762.2082,70
26768.2081599,73
26777.2082,68
26778.2082,68
26783.2082,68
26789.2081599,66
26794.2081599,65
26799.2082,64
26804.2082,64
26814.2081599,64
26815.2082,64
26820.2082,64
26826.2081599,64
26831.2081599,64
26836.2082,64
26841.2082,64
26847.2081599,63
26852.2081599,63
26857.2082,63
26864.2082,63
26868.2081599,63
26873.2081599,63
26879.2082,63
26883.2082,64
26888.2081599,64
26893.2081599,65
26898.2082,64
26903.2082,64
26913.2081599,64
26914.2081599,64
26919.2082,64
26924.2082,65
26930.2082,65
26936.2082,65
26941.2082,65
26946.2081599,65
26951.2081599,65
26956.2082,65
26963.2082,64
26967.2081599,63
26972.2081599,63
26977.2082,63
26986.2082,63
26987.2081599,63
26993.2081599,64
26997.2082,65
27005.2082,65
27008.2081599,65
27013.2082,63
27018.2082,63
27023.2082,63
27028.2081599,63
27037.2082,66
27040.2082,68
27046.2081599,65
27049.2081599,65
27054.2081599,65
27061.2082,64
27064.2082,65
27070.2081599,65
27075.2082,65
27083.2082,66
27090.2081599,65
27091.2081599,65
27096.2082,66
27102.2082,59
27106.2082,59
27114.2081599,63
27117.2082,64
27122.2082,65
27128.2081599,64
27133.2081599,65
27138.2082,65
27143.2082,65
27149.2081599,65
27157.2082,65
27159.2082,65
27164.2082,63
27170.2081599,64
27175.2082,64
27180.2082,64
27185.2081599,64
27190.2082,65
27196.2082,67
27201.2082,67
27210.2081599,66
27212.2081599,66
27217.2082,66
27222.2082,66
27227.2081599,66
27234.2081599,68
27237.2082,69
27242.2082,69
27248.2081599,69
27253.2081599,69
27261.2082,69
27263.2082,69
27269.2081599,69
27273.2081599,68
27278.2082,67
27283.2082,67
27293.2081599,68
27294.2081599,68
27299.2082,68
27306.2081599,69
27310.2081599,70
27315.2082,73
27320.2082,76
27326.2081599,74
27331.2082,75
27336.2082,77
27341.2082,78
27349.2081599,78
27356.2082,77
27357.2082,77
27362.2082,76
27368.2081599,77
27373.2082,76
27378.2082,77
27388.2082,70
27389.2081599,71
27394.2081599,72
27399.2082,72
27404.2082,72
27410.2081599,72
27415.2082,71
27420.2082,69
27425.2082,69
27431.2081599,69
27436.2082,68
27441.2082,69
27446.2081599,70
27451.2081599,71
27456.2082,70
27461.2082,72
27466.2082,71
27471.2081599,73
27476.2082,74
27481.2082,74
27487.2081599,74
27492.2081599,74
27497.2082,76
27502.2082,77
27508.2081599,77
27515.2082,77
27518.2082,74
27523.2082,74
27529.2081599,74
27534.2081599,74
27539.2082,74
27544.2082,74
27550.2081599,72
27555.2082,72
27560.2082,73
27565.2081599,72
27570.2081599,72
27575.2082,73
27584.2082,72
27585.2081599,73
27590.2081599,73
27598.2082,73
27600.2082,73
27609.2081599,73
27612.2081599,73
27615.2082,69
27620.2082,71
27625.2082,70
27634.2081599,71
27638.2082,70
27642.2082,69
27646.2082,70
27652.2081599,71
27657.2082,71
27662.2082,72
27671.2081599,72
27673.2082,74
27677.2082,74
27682.2082,74
27687.2081599,73
27692.2081599,74
27697.2082,74
27704.2082,75
27708.2081599,73
27713.2081599,73
27718.2082,73
27723.2082,76
27729.2081599,77
27737.2082,75
27739.2082,74
27744.2082,75
27750.2081599,75
27755.2082,75
27760.2082,75
27765.2082,73
27771.2081599,73
27776.2082,75
27784.2082,77
27786.20169,77
27792.2016499,77
27797.20169,77
27802.20169,77
27810.2016499,78
27813.2016499,78
27818.20169,78
27823.20169,74
27829.20169,76
27835.20169,76
27840.20169,75
27845.20169,75
27852.2016499,77
27856.20169,77
27861.20169,77
27866.2016499,77
27871.2016499,77
27876.20169,75
27881.20169,75
27886.20169,74
27891.20169,74
27901.2016499,77
27904.2016499,79
27907.2016499,82
27916.20169,68
27917.20169,68
27927.2016499,69
27928.2016499,69
27933.2016499,72
27938.20169,74
27943.20169,75
27949.2016499,75
27957.20169,75
27959.20169,75
27964.20169,75
27972.2016499,73
27975.20169,72
27980.20169,73
27985.20169,74
27991.2016499,73
27999.20169,73
28002.20169,71
28006.20169,73
28012.2016499,74
28021.20169,75
28026.2016499,79
28028.2016499,79
28037.20169,66
28041.20169,68
28048.2016499,68
28049.2016499,68
28054.2016499,69
28059.20169,68
28066.2016499,67
28071.2016499,69
28075.20169,68
28080.20169,68
28087.2016499,68
28094.2016499,69
28097.20169,72
28101.20169,70
28107.20169,70
28111.20169,69
28116.20169,69
28121.20169,69
28132.2016499,69
28133.2016499,69
28140.20169,67
28148.2016499,66
28152.2016499,66
28157.20169,66
28159.20169,66
28164.20169,66
28174.2016499,67
28175.2016499,67
28181.20169,67
28185.20169,67
28191.2016499,67
28200.20169,68
28201.20169,68
28211.2016499,65
28212.2016499,65
28217.20169,66
28222.20169,67
28227.20169,67
28233.2016499,67
28239.20169,68
28243.20169,68
28249.2016499,68
28254.2016499,68
28259.20169,68
28264.20169,68
28270.2016499,68
28278.20169,68
28281.20169,69
28285.20169,76
28291.2016499,71
28299.20169,71
28302.20169,71
28306.20169,70
28312.20169,68
28317.20169,68
28322.20169,68
28331.2016499,70
28333.2016499,70
28337.20169,68
28342.20169,67
28348.2016499,67
28353.2016499,67
28358.20169,67
28365.20169,67
28369.2016499,68
28374.2016499,68
28379.20169,68
28387.2016499,68
28390.2016499,70
28395.20169,68
28400.20169,66
28405.20169,67
28411.2016499,67
28416.20169,67
28424.20169,68
28427.2016499,68
28432.2016499,66
28437.20169,68
28445.2016499,68
28448.2016499,68
28453.2016499,68
28458.20169,68
28463.20169,68
28469.2016499,68
28474.2016499,68
28479.20169,68
28489.2016499,69
28493.2016499,70
28495.2016499,69
28500.20169,67
28505.20169,67
28511.2016499,67
28516.20169,67
28521.20169,67
28530.2016499,67
28532.2016499,67
28539.20169,64
28542.20169,66
28547.2016499,67
28552.2016499,65
28557.20169,65
28562.20169,65
28568.2016499,65
28573.2016499,65
28578.20169,67
28583.20169,67
28589.2016499,65
28594.2016499,65
28599.20169,65
28604.20169,65
28613.20169,65
28619.20169,67
28624.20169,69
28630.2016499,61
28632.2016499,60
28636.20169,59
28641.20169,59
28649.2016499,60
28652.2016499,60
28660.20169,63
28662.20169,64
28668.2016499,64
28677.20169,66
28679.20169,66
28683.20169,67
28693.2016499,67
28695.2016499,67
28699.20169,66
28704.20169,66
28710.2016499,66
28715.2016499,66
28724.20169,65
28725.20169,65
28731.2016499,65
28736.20169,65
28742.20169,64
28747.2016499,64
28752.2016499,65
28757.20169,65
28762.20169,65
28772.2016499,67
28777.20169,66
28778.20169,66
28785.20169,66
28789.2016499,66
28796.20169,65
28799.20169,64
28805.20169,64
28810.2016499,63
28815.2016499,63
28820.20169,64
28828.2016499,64
28831.2016499,65
28836.20169,66
28841.20169,67
28846.20169,67
28854.2016499,67
28856.20169,67
28861.20169,67
28866.20169,67
28874.2016499,67
28877.20169,66
28886.2016499,67
28888.2016499,67
28893.2016499,67
28898.20169,67
28903.20169,66
28909.2016499,67
28914.20169,67
28921.20169,67
28924.20169,67
28930.2016499,67
28935.2016499,67
28944.20169,70
28947.2016499,69
28950.2016499,68
28955.2016499,65
28960.20169,65
28965.20169,65
28972.2016499,65
28976.20169,65
28981.20169,65
28987.2016499,66
28991.2016499,66
28996.20169,67
29001.20169,67
29006.2016499,67
29014.20169,67
29016.20169,68
29024.2016499,69
29028.2016499,69
29036.20169,68
29038.20169,68
29043.20169,68
29048.2016499,68
29053.2016499,68
29059.20169,68
29063.20169,68
29069.20169,68
29075.2016499,68
29083.20169,68
29090.2016499,68
29091.2016499,68
29099.20169,68
29101.20169,69
29106.2016499,70
29111.2016499,69
29116.20169,68
29121.20169,68
29129.2016499,67
29131.2016499,67
29136.20169,67
29141.20169,67
29146.20169,67
29155.2016499,67
29157.20169,67
29162.20169,67
29170.2016499,67
29177.20169,67
29181.20169,67
29183.20169,67
29189.2016499,67
29194.2016499,67
29202.20169,67
29204.20169,67
29213.2016499,67
29215.2016499,67
29220.20169,67
29226.2016499,67
29230.2016499,67
29235.2016499,67
29242.20169,67
29245.20169,67
29253.2016499,67
29256.20169,67
29263.20169,68
29266.20169,68
29273.2016499,68
29277.20169,68
29282.20169,68
29287.2016499,68
29293.2016499,68
29297.20169,68
29302.20169,68
29307.2016499,67
29312.2016499,68
29321.20169,68
29326.2016499,68
29328.2016499,68
29333.2016499,68
29338.20169,67
29348.2016499,66
29349.2016499,66
29358.20169,66
29359.20169,66
29364.20169,66
29370.2016499,66
29375.2016499,69
29380.20169,69
29390.2016499,70
29393.2016499,69
29399.20169,62
29405.20169,62
29406.20169,62
29414.2016499,63
29418.20169,63
29422.20169,62
29428.2016499,62
29436.2016499,61
29442.20169,62
29443.20169,62
29449.2016499,62
29454.2016499,62
29459.20169,63
29464.20169,63
29472.2016499,63
29476.20169,63
29479.20169,64
29489.2016499,64
29490.2016499,65
29495.2016499,66
29500.20169,67
29505.20169,67
29511.2016499,67
29516.2016499,66
29524.20169,65
29526.2016499,65
29531.2016499,65
29536.20169,65
29544.20169,64
29546.20169,64
29552.2016499,63
29557.20169,63
29563.20169,64
29567.2016499,63
29572.20169,63
29578.20169,63
29583.20169,63
29592.2016499,63
29594.2016499,63
29599.20169,64
29604.20169,64
29610.2016499,65
29615.2016499,65
29620.20169,64
29625.20169,64
29631.2016499,64
29636.2016499,64
29641.20169,64
29646.2016499,64
29653.2016499,64
29656.2016499,63
29665.20169,63
29667.2016499,63
29672.2016499,63
29678.20169,63
29682.20169,62
29687.2016499,62
29692.20169,62
29697.2016499,62
29702.20169,63
29708.2016499,63
29713.20169,63
29718.20169,63
29723.20169,63
29728.2016499,63
29735.2016499,63
29738.20169,62
29747.20169,62
29748.2016499,62
29753.2016499,62
29760.20169,62
29763.20169,62
29773.2016499,63
29774.2016499,63
29779.20169,63
29787.2016499,63
29792.2016499,63
29795.2016499,63
29800.20169,63
29805.20169,62
29810.2016499,62
29815.2016499,62
29820.20169,62
29825.20169,63
29834.2016499,64
29836.20169,64
29841.20169,65
29848.2016499,65
29855.2016499,64
29856.2016499,64
29861.20169,63
29870.2016499,63
29871.2016499,63
29876.2016499,63
29881.20169,62
29886.20169,63
29892.2016499,63
29897.20169,63
29906.20169,63
29907.2016499,63
29912.2016499,62
29917.20169,62
29925.20169,62
29928.2016499,62
29936.2016499,62
29937.20169,62
29942.20169,63
29949.20169,67
29952.2016499,67
29957.20169,68
29967.2016499,67
29970.2016499,67
29993.2016499,68
29994.2016499,68
30000.20169,84
30004.20169,84
30010.2016499,85
30019.20169,97
30024.20169,97
30030.2016499,97
30033.2016499,98
30036.2016499,98
30041.20169,97
30049.2016499,98
30056.2016499,108
30058.2016499,107
30066.2016499,98
30070.2016499,105
30072.2016499,105
30077.2016499,105
30082.20169,109
30092.2016499,106
30095.20169,103
30098.2016499,102
30107.2016499,104
30109.2016499,105
30113.2016499,105
30118.20169,105
30128.2016499,104
30132.2016499,107
30134.2016499,107
30139.20169,106
30145.20169,107
30150.2016499,106
30155.2016499,106
30164.20169,101
30170.2016499,103
30171.2016499,103
30176.2016499,102
30185.20169,102
30187.2016499,102
30191.2016499,102
30196.2016499,101
30205.20169,89
30210.2016499,88
30212.2016499,88
30221.20169,88
30222.20169,88
30227.2016499,88
30236.20169,87
30238.20169,86
30242.20169,86
30248.20169,87
30254.20169,90
30258.2016499,89
30262.20169,89
30267.2016499,90
30276.2016499,91
30278.2016499,91
30282.20169,92
30290.20169,97
30292.2016499,98
30301.20169,96
30303.20169,95
30307.20169,95
30314.2016499,96
30317.2016499,96
30323.20169,95
30332.2016499,94
30337.2016499,92
30338.2016499,92
30344.2016499,92
30348.2016499,92
30357.2016499,86
30358.2016499,86
30363.20169,85
30368.20169,86
30373.20169,86
30383.20169,82
30386.20169,82
30389.20169,82
30399.2016499,101
30404.20169,100
30409.2016499,95
30411.2016499,99
30416.2016499,95
30421.2016499,96
30430.2016499,82
30431.2016499,81
30438.2016499,82
30441.2016499,83
30450.2016499,82
30451.2016499,82
30456.2016499,82
30461.20169,82
30466.20169,82
30475.20169,82
30491.2016499,81
30492.2016499,81
30508.2016499,87
30513.2016499,98
30521.20169,99
30522.20169,99
30536.2016499,87
30538.20169,87
30546.20169,88
30548.2016499,88
30561.20169,104
