0 0
30 0
60 0
90 0
120 0
150 0
180 0
210 0
240 0
270 0
300 0
330 0
360 0
390 0
420 0
450 0
480 0
510 0
540 0
570 0
600 0
630 0
660 0
690 0
720 0
750 0
780 0
810 0
840 0
870 0
900 0
930 0
960 0
990 0
1020 0
1050 0
1080 0
1110 0
1140 0
1170 0
1200 0
1230 0
1260 0
1290 0
1320 0
1350 0
1380 0
1410 0
1440 0
1470 0
1500 1
1530 1
1560 1
1590 1
1620 2
1650 2
1680 2
1710 2
1740 2
1770 2
1800 2
1830 2
1860 2
1890 2
1920 2
1950 2
1980 2
2010 2
2040 2
2070 2
2100 2
2130 2
2160 2
2190 2
2220 2
2250 2
2280 2
2310 2
2340 2
2370 2
2400 2
2430 2
2460 2
2490 2
2520 2
2550 2
2580 3
2610 2
2640 3
2670 3
2700 3
2730 3
2760 3
2790 3
2820 3
2850 3
2880 3
2910 3
2940 3
2970 3
3000 3
3030 3
3060 3
3090 3
3120 2
3150 2
3180 2
3210 3
3240 3
3270 2
3300 0
3330 0
3360 0
3390 0
3420 0
3450 0
3480 0
3510 0
3540 0
3570 0
3600 0
3630 0
3660 1
3690 1
3720 1
3750 1
3780 1
3810 1
3840 1
3870 1
3900 1
3930 1
3960 1
3990 1
4020 1
4050 1
4080 1
4110 1
4140 1
4170 1
4200 1
4230 0
4260 0
4290 0
4320 0
4350 0
4380 0
4410 0
4440 0
4470 0
4500 0
4530 0
4560 0
4590 0
4620 0
4650 0
4680 0
4710 0
4740 0
4770 0
4800 0
4830 1
4860 1
4890 2
4920 1
4950 2
4980 2
5010 0
5040 1
5070 2
5100 2
5130 2
5160 2
5190 2
5220 2
5250 2
5280 2
5310 2
5340 2
5370 2
5400 2
5430 2
5460 2
5490 2
5520 2
5550 2
5580 2
5610 2
5640 0
5670 0
5700 0
5730 0
5760 0
5790 0
5820 0
5850 1
5880 1
5910 2
5940 2
5970 1
6000 2
6030 2
6060 2
6090 2
6120 2
6150 2
6180 2
6210 2
6240 2
6270 2
6300 2
6330 2
6360 2
6390 2
6420 2
6450 2
6480 2
6510 2
6540 2
6570 2
6600 2
6630 1
6660 2
6690 2
6720 2
6750 1
6780 2
6810 2
6840 2
6870 2
6900 5
6930 5
6960 5
6990 5
7020 5
7050 5
7080 5
7110 5
7140 5
7170 5
7200 5
7230 5
7260 5
7290 5
7320 5
7350 5
7380 5
7410 5
7440 5
7470 5
7500 5
7530 5
7560 5
7590 5
7620 5
7650 5
7680 1
7710 1
7740 5
7770 2
7800 2
7830 2
7860 2
7890 2
7920 2
7950 2
7980 2
8010 2
8040 2
8070 2
8100 2
8130 2
8160 2
8190 2
8220 2
8250 2
8280 2
8310 2
8340 2
8370 2
8400 2
8430 2
8460 2
8490 2
8520 3
8550 2
8580 2
8610 2
8640 2
8670 3
8700 2
8730 2
8760 2
8790 2
8820 2
8850 3
8880 3
8910 3
8940 3
8970 3
9000 3
9030 3
9060 3
9090 3
9120 3
9150 3
9180 3
9210 3
9240 3
9270 3
9300 3
9330 3
9360 3
9390 3
9420 3
9450 3
9480 3
9510 3
9540 3
9570 0
9600 1
9630 1
9660 1
9690 1
9720 0
9750 0
9780 1
9810 1
9840 1
9870 1
9900 1
9930 2
9960 2
9990 2
10020 2
10050 2
10080 2
10110 2
10140 2
10170 0
10200 0
10230 0
10260 0
10290 0
10320 0
10350 0
10380 1
10410 2
10440 2
10470 2
10500 2
10530 2
10560 2
10590 2
10620 2
10650 2
10680 2
10710 2
10740 2
10770 2
10800 2
10830 2
10860 2
10890 2
10920 2
10950 2
10980 2
11010 2
11040 2
11070 2
11100 2
11130 2
11160 2
11190 2
11220 2
11250 2
11280 2
11310 2
11340 2
11370 2
11400 2
11430 2
11460 2
11490 3
11520 2
11550 2
11580 3
11610 2
11640 2
11670 0
11700 0
11730 2
11760 1
11790 1
11820 0
11850 0
11880 1
11910 1
11940 1
11970 2
12000 2
12030 2
12060 1
12090 1
12120 1
12150 2
12180 5
12210 5
12240 5
12270 5
12300 5
12330 5
12360 5
12390 5
12420 5
12450 5
12480 5
12510 5
12540 5
12570 5
12600 5
12630 5
12660 5
12690 5
12720 5
12750 5
12780 5
12810 5
12840 5
12870 5
12900 5
12930 5
12960 5
12990 5
13020 5
13050 5
13080 5
13110 5
13140 5
13170 5
13200 5
13230 5
13260 5
13290 5
13320 5
13350 5
13380 5
13410 5
13440 5
13470 5
13500 5
13530 5
13560 5
13590 5
13620 5
13650 5
13680 5
13710 5
13740 5
13770 5
13800 5
13830 5
13860 5
13890 5
13920 5
13950 5
13980 5
14010 5
14040 5
14070 5
14100 5
14130 5
14160 5
14190 5
14220 5
14250 5
14280 5
14310 5
14340 5
14370 5
14400 5
14430 5
14460 5
14490 5
14520 5
14550 5
14580 5
14610 5
14640 5
14670 5
14700 5
14730 5
14760 5
14790 5
14820 5
14850 5
14880 5
14910 5
14940 5
14970 5
15000 5
15030 5
15060 5
15090 5
15120 5
15150 0
15180 1
15210 1
15240 2
15270 1
15300 1
15330 0
15360 0
15390 0
15420 1
15450 1
15480 0
15510 0
15540 0
15570 0
15600 0
15630 0
15660 0
15690 0
15720 0
15750 0
15780 0
15810 0
15840 1
15870 0
15900 0
15930 1
15960 1
15990 1
16020 1
16050 1
16080 1
16110 2
16140 2
16170 2
16200 2
16230 2
16260 2
16290 2
16320 2
16350 2
16380 2
16410 2
16440 2
16470 2
16500 2
16530 2
16560 2
16590 2
16620 2
16650 2
16680 2
16710 2
16740 2
16770 2
16800 2
16830 2
16860 2
16890 2
16920 2
16950 2
16980 2
17010 2
17040 2
17070 2
17100 2
17130 2
17160 2
17190 0
17220 0
17250 0
17280 1
17310 1
17340 1
17370 1
17400 2
17430 2
17460 2
17490 2
17520 2
17550 2
17580 2
17610 2
17640 2
17670 2
17700 2
17730 2
17760 2
17790 2
17820 2
17850 2
17880 2
17910 2
17940 2
17970 2
18000 2
18030 2
18060 2
18090 2
18120 2
18150 2
18180 2
18210 2
18240 2
18270 2
18300 3
18330 2
18360 2
18390 3
18420 2
18450 2
18480 2
18510 2
18540 3
18570 3
18600 3
18630 3
18660 3
18690 3
18720 3
18750 3
18780 3
18810 3
18840 3
18870 3
18900 3
18930 0
18960 0
18990 1
19020 0
19050 1
19080 0
19110 0
19140 0
19170 0
19200 1
19230 0
19260 1
19290 1
19320 1
19350 1
19380 2
19410 2
19440 2
19470 1
19500 2
19530 2
19560 5
19590 5
19620 5
19650 5
19680 5
19710 5
19740 5
19770 5
19800 5
19830 5
19860 5
19890 5
19920 5
19950 5
19980 5
20010 5
20040 5
20070 5
20100 5
20130 5
20160 5
20190 5
20220 5
20250 5
20280 5
20310 5
20340 5
20370 5
20400 5
20430 5
20460 5
20490 5
20520 5
20550 5
20580 5
20610 5
20640 5
20670 5
20700 5
20730 5
20760 5
20790 5
20820 5
20850 5
20880 5
20910 5
20940 5
20970 5
21000 5
21030 5
21060 5
21090 5
21120 5
21150 5
21180 5
21210 5
21240 5
21270 5
21300 5
21330 5
21360 5
21390 5
21420 5
21450 5
21480 5
21510 5
21540 5
21570 5
21600 5
21630 5
21660 5
21690 5
21720 5
21750 5
21780 5
21810 5
21840 5
21870 5
21900 5
21930 5
21960 5
21990 5
22020 5
22050 5
22080 5
22110 5
22140 5
22170 5
22200 5
22230 5
22260 5
22290 5
22320 5
22350 5
22380 5
22410 5
22440 5
22470 5
22500 5
22530 5
22560 5
22590 5
22620 5
22650 5
22680 5
22710 5
22740 5
22770 5
22800 5
22830 5
22860 5
22890 5
22920 5
22950 5
22980 5
23010 5
23040 5
23070 5
23100 5
23130 5
23160 5
23190 5
23220 5
23250 5
23280 5
23310 5
23340 5
23370 5
23400 5
23430 5
23460 5
23490 5
23520 1
23550 1
23580 1
23610 5
23640 1
23670 5
23700 5
23730 5
23760 5
23790 5
23820 5
23850 5
23880 5
23910 5
23940 5
23970 5
24000 5
24030 5
24060 5
24090 5
24120 5
24150 5
24180 5
24210 5
24240 5
24270 5
24300 5
24330 5
24360 5
24390 1
24420 5
24450 5
24480 5
24510 5
24540 5
24570 5
24600 5
24630 5
24660 5
24690 5
24720 5
24750 5
24780 5
24810 5
24840 5
24870 5
24900 5
24930 5
24960 5
24990 5
25020 5
25050 2
25080 0
25110 1
25140 2
25170 2
25200 2
25230 2
25260 2
25290 2
25320 2
25350 2
25380 2
25410 2
25440 2
25470 2
25500 2
25530 2
25560 2
25590 2
25620 2
25650 2
25680 2
25710 2
25740 2
25770 2
25800 2
25830 0
25860 1
25890 1
25920 0
25950 0
25980 0
26010 0
26040 0
26070 0
26100 0
26130 0
26160 0
26190 0
26220 1
26250 1
26280 5
26310 5
26340 2
26370 5
26400 5
26430 5
26460 2
26490 2
26520 2
26550 2
26580 2
26610 2
26640 0
26670 1
26700 2
26730 2
26760 1
26790 2
26820 2
26850 1
26880 2
26910 2
26940 1
26970 2
27000 0
27030 1
27060 1
27090 1
27120 1
27150 1
27180 2
27210 2
27240 2
27270 2
27300 2
27330 1
27360 2
27390 2
27420 0
27450 0
27480 0
27510 0
27540 0
27570 0
27600 0
27630 0
27660 0
27690 0
27720 0
27750 0
27780 0
27810 0
27840 0
27870 0
27900 0
27930 0
27960 0
27990 0
28020 0
28050 0
28080 0
28110 0
28140 0
28170 0
28200 0
28230 0
28260 0
28290 0
28320 0
28350 0
28380 0
28410 0
28440 0
28470 0
28500 0
28530 0
