0 -1
30 -1
60 -1
90 -1
120 -1
150 -1
180 -1
210 -1
240 -1
270 -1
300 -1
330 -1
360 -1
390 -1
420 -1
450 -1
480 -1
510 -1
540 0
570 0
600 0
630 0
660 0
690 0
720 0
750 0
780 0
810 0
840 0
870 0
900 0
930 0
960 0
990 0
1020 0
1050 0
1080 0
1110 0
1140 0
1170 0
1200 0
1230 0
1260 0
1290 0
1320 0
1350 0
1380 0
1410 0
1440 0
1470 0
1500 0
1530 0
1560 0
1590 0
1620 0
1650 0
1680 0
1710 0
1740 0
1770 0
1800 0
1830 0
1860 0
1890 0
1920 0
1950 0
1980 0
2010 0
2040 0
2070 0
2100 0
2130 0
2160 0
2190 0
2220 0
2250 0
2280 0
2310 0
2340 0
2370 0
2400 0
2430 0
2460 0
2490 0
2520 0
2550 0
2580 0
2610 0
2640 0
2670 0
2700 1
2730 1
2760 1
2790 1
2820 2
2850 2
2880 2
2910 2
2940 2
2970 2
3000 2
3030 2
3060 2
3090 2
3120 2
3150 2
3180 0
3210 2
3240 2
3270 2
3300 2
3330 2
3360 2
3390 2
3420 2
3450 2
3480 2
3510 2
3540 2
3570 2
3600 2
3630 2
3660 2
3690 2
3720 2
3750 3
3780 3
3810 3
3840 3
3870 3
3900 3
3930 3
3960 3
3990 3
4020 3
4050 3
4080 3
4110 3
4140 3
4170 3
4200 3
4230 3
4260 3
4290 3
4320 3
4350 3
4380 3
4410 3
4440 3
4470 3
4500 3
4530 3
4560 3
4590 3
4620 3
4650 3
4680 3
4710 3
4740 2
4770 2
4800 2
4830 2
4860 2
4890 2
4920 2
4950 2
4980 2
5010 2
5040 2
5070 2
5100 2
5130 2
5160 2
5190 2
5220 2
5250 2
5280 2
5310 2
5340 2
5370 2
5400 2
5430 2
5460 2
5490 2
5520 2
5550 2
5580 3
5610 3
5640 3
5670 3
5700 3
5730 3
5760 3
5790 3
5820 3
5850 3
5880 3
5910 3
5940 3
5970 3
6000 3
6030 3
6060 3
6090 3
6120 3
6150 3
6180 3
6210 3
6240 3
6270 3
6300 3
6330 3
6360 3
6390 3
6420 3
6450 3
6480 3
6510 3
6540 3
6570 3
6600 3
6630 3
6660 3
6690 3
6720 3
6750 3
6780 3
6810 3
6840 3
6870 3
6900 3
6930 3
6960 3
6990 3
7020 3
7050 3
7080 3
7110 3
7140 3
7170 3
7200 3
7230 3
7260 3
7290 3
7320 3
7350 3
7380 3
7410 2
7440 2
7470 0
7500 0
7530 1
7560 2
7590 2
7620 2
7650 2
7680 2
7710 2
7740 2
7770 2
7800 2
7830 2
7860 2
7890 2
7920 5
7950 5
7980 5
8010 5
8040 5
8070 5
8100 5
8130 5
8160 5
8190 5
8220 5
8250 5
8280 5
8310 5
8340 5
8370 5
8400 5
8430 5
8460 5
8490 5
8520 5
8550 5
8580 5
8610 5
8640 5
8670 5
8700 5
8730 1
8760 2
8790 2
8820 2
8850 2
8880 2
8910 2
8940 2
8970 2
9000 2
9030 2
9060 2
9090 2
9120 2
9150 2
9180 2
9210 2
9240 2
9270 2
9300 2
9330 2
9360 2
9390 2
9420 2
9450 2
9480 2
9510 2
9540 2
9570 2
9600 2
9630 2
9660 2
9690 2
9720 2
9750 2
9780 2
9810 2
9840 2
9870 2
9900 2
9930 2
9960 2
9990 2
10020 2
10050 2
10080 2
10110 2
10140 2
10170 2
10200 3
10230 3
10260 3
10290 3
10320 3
10350 3
10380 3
10410 3
10440 3
10470 3
10500 3
10530 3
10560 3
10590 3
10620 3
10650 3
10680 3
10710 3
10740 3
10770 3
10800 3
10830 3
10860 3
10890 3
10920 3
10950 3
10980 3
11010 3
11040 3
11070 3
11100 3
11130 3
11160 3
11190 3
11220 3
11250 3
11280 3
11310 3
11340 3
11370 3
11400 3
11430 3
11460 3
11490 3
11520 3
11550 3
11580 3
11610 3
11640 3
11670 3
11700 3
11730 3
11760 3
11790 3
11820 3
11850 3
11880 3
11910 3
11940 3
11970 3
12000 3
12030 3
12060 3
12090 3
12120 3
12150 3
12180 3
12210 3
12240 3
12270 2
12300 2
12330 2
12360 2
12390 2
12420 2
12450 2
12480 2
12510 2
12540 2
12570 2
12600 2
12630 2
12660 2
12690 2
12720 2
12750 2
12780 2
12810 2
12840 5
12870 5
12900 5
12930 5
12960 5
12990 5
13020 5
13050 5
13080 5
13110 5
13140 5
13170 5
13200 5
13230 5
13260 5
13290 5
13320 5
13350 5
13380 5
13410 5
13440 5
13470 5
13500 5
13530 5
13560 5
13590 5
13620 5
13650 1
13680 2
13710 2
13740 2
13770 2
13800 2
13830 2
13860 2
13890 2
13920 2
13950 2
13980 2
14010 2
14040 2
14070 2
14100 2
14130 2
14160 2
14190 2
14220 2
14250 2
14280 2
14310 2
14340 2
14370 2
14400 2
14430 2
14460 2
14490 2
14520 2
14550 2
14580 2
14610 2
14640 2
14670 2
14700 2
14730 2
14760 2
14790 2
14820 2
14850 2
14880 2
14910 2
14940 2
14970 2
15000 1
15030 2
15060 2
15090 2
15120 2
15150 2
15180 2
15210 2
15240 2
15270 2
15300 2
15330 2
15360 2
15390 2
15420 2
15450 2
15480 2
15510 2
15540 2
15570 2
15600 2
15630 1
15660 2
15690 2
15720 2
15750 2
15780 2
15810 2
15840 2
15870 2
15900 2
15930 2
15960 2
15990 2
16020 2
16050 2
16080 2
16110 2
16140 2
16170 2
16200 2
16230 2
16260 2
16290 2
16320 2
16350 2
16380 2
16410 2
16440 2
16470 2
16500 2
16530 2
16560 2
16590 2
16620 2
16650 2
16680 2
16710 2
16740 2
16770 2
16800 2
16830 2
16860 2
16890 2
16920 2
16950 2
16980 2
17010 0
17040 1
17070 2
17100 2
17130 2
17160 2
17190 2
17220 2
17250 2
17280 0
17310 1
17340 2
17370 2
17400 2
17430 2
17460 2
17490 5
17520 5
17550 5
17580 5
17610 5
17640 5
17670 5
17700 5
17730 5
17760 5
17790 5
17820 5
17850 5
17880 5
17910 5
17940 5
17970 5
18000 5
18030 5
18060 5
18090 5
18120 5
18150 5
18180 5
18210 5
18240 5
18270 5
18300 5
18330 5
18360 1
18390 1
18420 5
18450 5
18480 5
18510 5
18540 5
18570 5
18600 5
18630 5
18660 5
18690 5
18720 5
18750 5
18780 5
18810 5
18840 5
18870 5
18900 5
18930 5
18960 5
18990 5
19020 5
19050 5
19080 0
19110 0
19140 0
19170 0
19200 0
19230 0
19260 0
19290 0
19320 0
19350 0
19380 0
19410 0
19440 0
19470 0
19500 0
19530 0
19560 0
19590 0
19620 0
19650 0
19680 0
19710 0
19740 0
19770 1
19800 1
19830 1
19860 1
19890 2
19920 2
19950 2
19980 2
20010 2
20040 2
20070 2
20100 2
20130 2
20160 2
20190 2
20220 2
20250 2
20280 2
20310 2
20340 2
20370 2
20400 2
20430 2
20460 1
20490 1
20520 1
20550 2
20580 2
20610 0
20640 0
20670 0
20700 0
20730 0
20760 0
20790 1
20820 1
20850 2
20880 2
20910 2
20940 2
20970 2
21000 2
21030 2
21060 2
21090 2
21120 2
21150 2
21180 2
21210 2
21240 2
21270 2
21300 2
21330 2
21360 2
21390 2
21420 2
21450 2
21480 2
21510 2
21540 2
21570 2
21600 2
21630 2
21660 2
21690 2
21720 2
21750 2
21780 2
21810 2
21840 2
21870 2
21900 2
21930 2
21960 2
21990 2
22020 2
22050 2
22080 2
22110 2
22140 2
22170 2
22200 2
22230 2
22260 2
22290 2
22320 2
22350 2
22380 2
22410 2
22440 2
22470 2
22500 2
22530 2
22560 2
22590 2
22620 2
22650 2
22680 2
22710 2
22740 2
22770 2
22800 2
22830 2
22860 2
22890 2
22920 2
22950 2
22980 2
23010 2
23040 2
23070 2
23100 2
23130 2
23160 5
23190 5
23220 5
23250 5
23280 5
23310 5
23340 5
23370 5
23400 5
23430 5
23460 5
23490 5
23520 5
23550 5
23580 5
23610 5
23640 5
23670 5
23700 5
23730 5
23760 1
23790 1
23820 0
23850 1
23880 1
23910 5
23940 5
23970 5
24000 5
24030 5
24060 5
24090 5
24120 5
24150 5
24180 5
24210 5
24240 5
24270 5
24300 5
24330 5
24360 5
24390 5
24420 5
24450 5
24480 5
24510 5
24540 5
24570 5
24600 5
24630 5
24660 5
24690 5
24720 5
24750 5
24780 5
24810 5
24840 5
24870 5
24900 5
24930 5
24960 5
24990 5
25020 0
25050 0
25080 5
25110 5
25140 5
25170 5
25200 5
25230 5
25260 5
25290 5
25320 5
25350 5
25380 5
25410 5
25440 5
25470 5
25500 5
25530 5
25560 5
25590 5
25620 5
25650 5
25680 5
25710 5
25740 5
25770 5
25800 5
25830 5
25860 5
25890 5
25920 5
25950 5
25980 5
26010 5
26040 5
26070 5
26100 5
26130 5
26160 5
26190 5
26220 5
26250 5
26280 5
26310 5
26340 5
26370 5
26400 5
26430 5
26460 0
26490 1
26520 2
26550 2
26580 2
26610 2
26640 2
26670 2
26700 2
26730 2
26760 2
26790 2
26820 2
26850 2
26880 2
26910 2
26940 2
26970 2
27000 2
27030 2
27060 2
27090 2
27120 2
27150 2
27180 2
27210 2
27240 2
27270 2
27300 2
27330 2
27360 2
27390 2
27420 2
27450 2
27480 2
27510 2
27540 2
27570 2
27600 2
27630 2
27660 2
27690 2
27720 2
27750 2
27780 2
27810 2
27840 2
27870 2
27900 2
27930 2
27960 2
27990 2
28020 0
28050 1
28080 0
28110 1
28140 2
28170 0
28200 0
28230 1
28260 1
28290 0
28320 0
28350 1
28380 2
28410 2
28440 2
28470 0
28500 1
28530 2
28560 2
28590 2
28620 2
28650 2
28680 2
28710 2
28740 2
28770 2
28800 2
28830 2
28860 2
28890 2
28920 2
28950 2
28980 -1
29010 -1
