0 -1
30 -1
60 -1
90 -1
120 -1
150 -1
180 -1
210 -1
240 -1
270 -1
300 -1
330 0
360 0
390 0
420 0
450 0
480 0
510 0
540 0
570 0
600 0
630 0
660 0
690 0
720 0
750 0
780 0
810 0
840 0
870 0
900 1
930 0
960 1
990 2
1020 2
1050 0
1080 1
1110 2
1140 2
1170 2
1200 2
1230 2
1260 2
1290 1
1320 2
1350 2
1380 1
1410 2
1440 2
1470 2
1500 2
1530 2
1560 2
1590 2
1620 2
1650 2
1680 2
1710 2
1740 2
1770 2
1800 2
1830 2
1860 2
1890 2
1920 2
1950 2
1980 2
2010 2
2040 2
2070 2
2100 2
2130 2
2160 2
2190 2
2220 2
2250 2
2280 2
2310 2
2340 2
2370 2
2400 2
2430 2
2460 2
2490 2
2520 2
2550 2
2580 2
2610 2
2640 2
2670 3
2700 3
2730 3
2760 3
2790 3
2820 3
2850 3
2880 3
2910 3
2940 3
2970 3
3000 3
3030 3
3060 3
3090 3
3120 3
3150 3
3180 3
3210 3
3240 3
3270 3
3300 3
3330 3
3360 3
3390 3
3420 3
3450 3
3480 3
3510 3
3540 3
3570 3
3600 3
3630 3
3660 3
3690 3
3720 3
3750 3
3780 3
3810 3
3840 3
3870 3
3900 3
3930 3
3960 3
3990 3
4020 3
4050 3
4080 3
4110 3
4140 3
4170 3
4200 3
4230 3
4260 3
4290 3
4320 3
4350 3
4380 3
4410 3
4440 3
4470 3
4500 3
4530 3
4560 3
4590 3
4620 3
4650 3
4680 3
4710 3
4740 3
4770 3
4800 3
4830 2
4860 2
4890 2
4920 2
4950 2
4980 0
5010 1
5040 2
5070 1
5100 2
5130 2
5160 2
5190 2
5220 2
5250 2
5280 2
5310 1
5340 2
5370 2
5400 2
5430 2
5460 2
5490 2
5520 2
5550 2
5580 2
5610 2
5640 2
5670 2
5700 2
5730 5
5760 5
5790 5
5820 5
5850 0
5880 5
5910 5
5940 5
5970 5
6000 5
6030 5
6060 5
6090 5
6120 5
6150 5
6180 5
6210 5
6240 5
6270 5
6300 5
6330 5
6360 5
6390 5
6420 5
6450 5
6480 5
6510 5
6540 5
6570 5
6600 2
6630 2
6660 2
6690 2
6720 2
6750 2
6780 2
6810 2
6840 2
6870 2
6900 2
6930 2
6960 2
6990 2
7020 2
7050 2
7080 2
7110 2
7140 2
7170 2
7200 2
7230 2
7260 2
7290 2
7320 2
7350 2
7380 2
7410 2
7440 2
7470 2
7500 2
7530 2
7560 2
7590 2
7620 2
7650 2
7680 2
7710 2
7740 2
7770 2
7800 2
7830 2
7860 2
7890 2
7920 2
7950 2
7980 2
8010 2
8040 2
8070 2
8100 2
8130 2
8160 2
8190 2
8220 2
8250 2
8280 2
8310 2
8340 2
8370 2
8400 2
8430 2
8460 2
8490 2
8520 2
8550 2
8580 2
8610 2
8640 2
8670 2
8700 2
8730 2
8760 2
8790 2
8820 2
8850 2
8880 2
8910 2
8940 2
8970 2
9000 2
9030 2
9060 2
9090 2
9120 2
9150 0
9180 0
9210 1
9240 1
9270 1
9300 2
9330 2
9360 2
9390 2
9420 2
9450 2
9480 2
9510 2
9540 2
9570 2
9600 2
9630 2
9660 2
9690 2
9720 2
9750 2
9780 2
9810 2
9840 2
9870 2
9900 2
9930 2
9960 2
9990 2
10020 2
10050 2
10080 2
10110 2
10140 2
10170 2
10200 2
10230 2
10260 2
10290 2
10320 2
10350 2
10380 2
10410 2
10440 2
10470 2
10500 2
10530 2
10560 2
10590 2
10620 2
10650 2
10680 2
10710 2
10740 2
10770 2
10800 2
10830 2
10860 2
10890 2
10920 2
10950 2
10980 2
11010 2
11040 2
11070 2
11100 2
11130 2
11160 2
11190 2
11220 2
11250 2
11280 2
11310 2
11340 2
11370 0
11400 2
11430 2
11460 0
11490 2
11520 2
11550 2
11580 2
11610 2
11640 5
11670 5
11700 5
11730 5
11760 5
11790 5
11820 5
11850 5
11880 5
11910 5
11940 5
11970 5
12000 5
12030 5
12060 5
12090 5
12120 5
12150 5
12180 5
12210 5
12240 5
12270 5
12300 5
12330 5
12360 5
12390 5
12420 5
12450 5
12480 5
12510 5
12540 5
12570 1
12600 1
12630 0
12660 0
12690 0
12720 5
12750 5
12780 5
12810 5
12840 5
12870 5
12900 5
12930 5
12960 5
12990 5
13020 5
13050 5
13080 5
13110 5
13140 5
13170 5
13200 5
13230 5
13260 5
13290 5
13320 5
13350 5
13380 5
13410 0
13440 0
13470 5
13500 5
13530 5
13560 5
13590 5
13620 5
13650 5
13680 5
13710 5
13740 5
13770 5
13800 0
13830 0
13860 0
13890 1
13920 1
13950 1
13980 1
14010 1
14040 1
14070 2
14100 2
14130 2
14160 1
14190 2
14220 2
14250 2
14280 2
14310 2
14340 2
14370 2
14400 2
14430 2
14460 2
14490 2
14520 2
14550 2
14580 2
14610 2
14640 2
14670 2
14700 2
14730 2
14760 2
14790 2
14820 2
14850 2
14880 2
14910 2
14940 2
14970 2
15000 2
15030 2
15060 2
15090 2
15120 2
15150 2
15180 2
15210 2
15240 2
15270 2
15300 2
15330 2
15360 2
15390 2
15420 2
15450 2
15480 2
15510 2
15540 2
15570 2
15600 2
15630 2
15660 2
15690 2
15720 2
15750 2
15780 2
15810 2
15840 2
15870 2
15900 2
15930 2
15960 2
15990 2
16020 2
16050 2
16080 1
16110 2
16140 0
16170 1
16200 1
16230 2
16260 2
16290 2
16320 2
16350 2
16380 2
16410 2
16440 2
16470 0
16500 1
16530 0
16560 1
16590 0
16620 1
16650 1
16680 2
16710 2
16740 2
16770 2
16800 2
16830 2
16860 2
16890 2
16920 2
16950 2
16980 2
17010 2
17040 2
17070 2
17100 2
17130 2
17160 2
17190 2
17220 2
17250 2
17280 2
17310 2
17340 2
17370 2
17400 2
17430 2
17460 2
17490 2
17520 2
17550 1
17580 2
17610 2
17640 2
17670 2
17700 2
17730 2
17760 2
17790 2
17820 2
17850 2
17880 2
17910 2
17940 2
17970 2
18000 2
18030 2
18060 2
18090 2
18120 2
18150 2
18180 2
18210 2
18240 2
18270 2
18300 2
18330 2
18360 2
18390 2
18420 2
18450 2
18480 2
18510 0
18540 1
18570 2
18600 2
18630 2
18660 2
18690 2
18720 2
18750 2
18780 2
18810 2
18840 2
18870 2
18900 0
18930 1
18960 2
18990 2
19020 1
19050 2
19080 2
19110 5
19140 5
19170 5
19200 5
19230 5
19260 5
19290 5
19320 0
19350 5
19380 5
19410 5
19440 0
19470 5
19500 5
19530 5
19560 5
19590 5
19620 5
19650 5
19680 5
19710 0
19740 0
19770 5
19800 5
19830 5
19860 5
19890 5
19920 5
19950 5
19980 5
20010 5
20040 5
20070 0
20100 5
20130 5
20160 5
20190 5
20220 5
20250 5
20280 5
20310 5
20340 5
20370 5
20400 0
20430 5
20460 5
20490 5
20520 5
20550 5
20580 5
20610 5
20640 5
20670 5
20700 5
20730 5
20760 5
20790 5
20820 5
20850 5
20880 5
20910 5
20940 5
20970 5
21000 5
21030 5
21060 5
21090 0
21120 0
21150 5
21180 5
21210 5
21240 5
21270 5
21300 5
21330 5
21360 5
21390 5
21420 5
21450 5
21480 5
21510 5
21540 5
21570 5
21600 2
21630 2
21660 2
21690 2
21720 2
21750 2
21780 2
21810 2
21840 2
21870 2
21900 2
21930 2
21960 2
21990 2
22020 2
22050 2
22080 2
22110 2
22140 2
22170 2
22200 2
22230 2
22260 2
22290 2
22320 2
22350 2
22380 2
22410 2
22440 2
22470 2
22500 2
22530 2
22560 2
22590 2
22620 2
22650 2
22680 2
22710 2
22740 2
22770 2
22800 2
22830 2
22860 2
22890 2
22920 2
22950 2
22980 2
23010 2
23040 2
23070 2
23100 2
23130 2
23160 2
23190 2
23220 2
23250 2
23280 2
23310 2
23340 2
23370 2
23400 2
23430 2
23460 2
23490 2
23520 2
23550 2
23580 0
23610 0
23640 0
23670 0
23700 1
23730 2
23760 2
23790 1
23820 0
23850 2
23880 2
23910 2
23940 2
23970 2
24000 2
24030 2
24060 2
24090 2
24120 2
24150 2
24180 2
24210 2
24240 2
24270 2
24300 2
24330 2
24360 2
24390 2
24420 2
24450 2
24480 2
24510 2
24540 2
24570 2
24600 2
24630 2
24660 2
24690 2
24720 2
24750 2
24780 2
24810 2
24840 2
24870 2
24900 2
24930 2
24960 2
24990 2
25020 2
25050 2
25080 2
25110 2
25140 2
25170 2
25200 2
25230 2
25260 2
25290 0
25320 2
25350 2
25380 2
25410 2
25440 2
25470 2
25500 2
25530 2
25560 1
25590 2
25620 2
25650 2
25680 2
25710 5
25740 5
25770 5
25800 5
25830 5
25860 5
25890 5
25920 5
25950 5
25980 -1
26010 5
26040 0
26070 0
26100 1
26130 5
26160 5
26190 5
26220 5
26250 5
26280 5
26310 5
26340 5
26370 5
26400 5
26430 5
26460 5
26490 5
26520 5
26550 5
26580 5
26610 5
26640 5
26670 5
26700 5
26730 0
26760 0
26790 5
26820 5
26850 5
26880 5
26910 5
26940 5
26970 5
27000 5
27030 5
27060 5
27090 5
27120 5
27150 5
27180 5
27210 5
27240 5
27270 5
27300 5
27330 5
27360 5
27390 5
27420 5
27450 5
27480 5
27510 5
27540 5
27570 0
27600 0
27630 0
27660 0
27690 0
27720 0
27750 0
27780 0
27810 0
27840 0
27870 0
27900 0
27930 0
27960 0
27990 0
28020 0
28050 0
28080 0
28110 0
28140 0
28170 0
28200 0
28230 0
28260 0
28290 0
28320 0
28350 0
28380 0
28410 0
28440 0
28470 0
28500 0
28530 0
28560 0
28590 0
28620 0
28650 0
28680 0
28710 0
28740 0
28770 0
28800 0
28830 0
28860 0
28890 0
28920 0
