0 -1
30 -1
60 -1
90 -1
120 -1
150 -1
180 -1
210 -1
240 -1
270 -1
300 -1
330 -1
360 -1
390 -1
420 -1
450 -1
480 -1
510 -1
540 -1
570 -1
600 -1
630 -1
660 -1
690 -1
720 -1
750 -1
780 -1
810 -1
840 -1
870 -1
900 -1
930 -1
960 -1
990 -1
1020 0
1050 0
1080 0
1110 0
1140 0
1170 0
1200 0
1230 0
1260 0
1290 0
1320 0
1350 0
1380 1
1410 2
1440 2
1470 2
1500 2
1530 2
1560 2
1590 2
1620 2
1650 2
1680 2
1710 2
1740 2
1770 2
1800 2
1830 2
1860 2
1890 2
1920 2
1950 2
1980 2
2010 2
2040 2
2070 2
2100 2
2130 2
2160 2
2190 2
2220 2
2250 2
2280 2
2310 2
2340 2
2370 2
2400 2
2430 2
2460 2
2490 2
2520 2
2550 2
2580 2
2610 2
2640 2
2670 2
2700 2
2730 2
2760 2
2790 2
2820 2
2850 2
2880 2
2910 2
2940 2
2970 2
3000 2
3030 2
3060 2
3090 2
3120 2
3150 2
3180 2
3210 2
3240 2
3270 2
3300 2
3330 2
3360 2
3390 2
3420 2
3450 2
3480 2
3510 2
3540 2
3570 2
3600 2
3630 2
3660 2
3690 2
3720 2
3750 2
3780 2
3810 2
3840 2
3870 2
3900 2
3930 2
3960 2
3990 2
4020 2
4050 2
4080 0
4110 2
4140 2
4170 0
4200 0
4230 1
4260 2
4290 2
4320 1
4350 2
4380 1
4410 2
4440 2
4470 2
4500 2
4530 2
4560 2
4590 2
4620 2
4650 2
4680 2
4710 2
4740 2
4770 2
4800 2
4830 2
4860 2
4890 2
4920 2
4950 2
4980 2
5010 2
5040 2
5070 2
5100 2
5130 2
5160 2
5190 2
5220 2
5250 2
5280 2
5310 2
5340 2
5370 2
5400 2
5430 2
5460 2
5490 2
5520 2
5550 2
5580 2
5610 2
5640 2
5670 2
5700 2
5730 2
5760 2
5790 2
5820 2
5850 0
5880 0
5910 0
5940 0
5970 1
6000 2
6030 2
6060 2
6090 2
6120 0
6150 2
6180 0
6210 2
6240 2
6270 2
6300 2
6330 2
6360 2
6390 2
6420 2
6450 2
6480 2
6510 2
6540 2
6570 2
6600 2
6630 2
6660 2
6690 2
6720 2
6750 2
6780 2
6810 2
6840 2
6870 2
6900 2
6930 2
6960 2
6990 2
7020 2
7050 2
7080 2
7110 2
7140 2
7170 2
7200 2
7230 2
7260 2
7290 2
7320 2
7350 0
7380 1
7410 0
7440 0
7470 0
7500 0
7530 1
7560 0
7590 1
7620 0
7650 1
7680 1
7710 1
7740 1
7770 1
7800 0
7830 1
7860 0
7890 1
7920 0
7950 2
7980 2
8010 1
8040 2
8070 2
8100 2
8130 0
8160 0
8190 1
8220 1
8250 2
8280 0
8310 0
8340 0
8370 1
8400 2
8430 2
8460 2
8490 1
8520 0
8550 1
8580 0
8610 0
8640 0
8670 0
8700 1
8730 2
8760 2
8790 2
8820 2
8850 0
8880 0
8910 1
8940 0
8970 0
9000 0
9030 0
9060 0
9090 0
9120 0
9150 0
9180 0
9210 1
9240 1
9270 0
9300 1
9330 1
9360 2
9390 1
9420 2
9450 2
9480 2
9510 2
9540 2
9570 2
9600 2
9630 2
9660 2
9690 2
9720 2
9750 2
9780 2
9810 2
9840 2
9870 2
9900 2
9930 2
9960 2
9990 2
10020 0
10050 2
10080 2
10110 2
10140 2
10170 2
10200 2
10230 2
10260 2
10290 2
10320 2
10350 2
10380 2
10410 2
10440 2
10470 2
10500 2
10530 2
10560 2
10590 2
10620 2
10650 2
10680 2
10710 2
10740 2
10770 2
10800 2
10830 2
10860 2
10890 2
10920 2
10950 2
10980 2
11010 2
11040 2
11070 2
11100 2
11130 2
11160 2
11190 2
11220 2
11250 2
11280 2
11310 2
11340 2
11370 2
11400 2
11430 2
11460 2
11490 2
11520 2
11550 2
11580 2
11610 2
11640 2
11670 2
11700 2
11730 2
11760 2
11790 2
11820 2
11850 2
11880 2
11910 2
11940 2
11970 2
12000 2
12030 2
12060 2
12090 2
12120 2
12150 2
12180 2
12210 2
12240 2
12270 2
12300 2
12330 2
12360 2
12390 2
12420 2
12450 2
12480 2
12510 2
12540 2
12570 2
12600 2
12630 2
12660 0
12690 0
12720 2
12750 2
12780 2
12810 2
12840 2
12870 2
12900 2
12930 2
12960 2
12990 2
13020 0
13050 2
13080 2
13110 2
13140 2
13170 2
13200 2
13230 2
13260 5
13290 5
13320 5
13350 5
13380 5
13410 5
13440 5
13470 5
13500 5
13530 5
13560 5
13590 5
13620 5
13650 5
13680 5
13710 5
13740 5
13770 5
13800 5
13830 5
13860 5
13890 5
13920 5
13950 5
13980 5
14010 5
14040 5
14070 5
14100 5
14130 5
14160 5
14190 5
14220 5
14250 5
14280 5
14310 5
14340 5
14370 5
14400 5
14430 5
14460 5
14490 5
14520 5
14550 5
14580 5
14610 5
14640 5
14670 5
14700 5
14730 5
14760 5
14790 5
14820 5
14850 5
14880 5
14910 5
14940 5
14970 5
15000 5
15030 5
15060 5
15090 5
15120 5
15150 5
15180 5
15210 5
15240 5
15270 5
15300 2
15330 2
15360 2
15390 2
15420 2
15450 2
15480 2
15510 2
15540 2
15570 2
15600 1
15630 2
15660 2
15690 2
15720 2
15750 2
15780 2
15810 2
15840 2
15870 2
15900 2
15930 2
15960 2
15990 2
16020 2
16050 2
16080 2
16110 2
16140 2
16170 2
16200 1
16230 2
16260 2
16290 2
16320 2
16350 2
16380 2
16410 2
16440 2
16470 2
16500 2
16530 2
16560 2
16590 2
16620 2
16650 2
16680 2
16710 2
16740 2
16770 2
16800 2
16830 2
16860 2
16890 2
16920 2
16950 2
16980 2
17010 2
17040 2
17070 2
17100 2
17130 2
17160 2
17190 2
17220 2
17250 2
17280 2
17310 2
17340 2
17370 2
17400 2
17430 2
17460 2
17490 2
17520 2
17550 2
17580 2
17610 2
17640 2
17670 2
17700 0
17730 0
17760 0
17790 2
17820 2
17850 1
17880 2
17910 2
17940 2
17970 2
18000 2
18030 2
18060 2
18090 2
18120 1
18150 2
18180 0
18210 1
18240 2
18270 2
18300 2
18330 2
18360 2
18390 2
18420 2
18450 0
18480 1
18510 2
18540 2
18570 0
18600 1
18630 2
18660 2
18690 2
18720 2
18750 2
18780 0
18810 0
18840 1
18870 0
18900 2
18930 1
18960 2
18990 2
19020 2
19050 2
19080 2
19110 2
19140 2
19170 2
19200 2
19230 2
19260 2
19290 2
19320 2
19350 2
19380 2
19410 2
19440 2
19470 2
19500 1
19530 2
19560 2
19590 0
19620 0
19650 0
19680 1
19710 1
19740 2
19770 2
19800 2
19830 2
19860 2
19890 2
19920 2
19950 2
19980 2
20010 0
20040 1
20070 2
20100 2
20130 2
20160 2
20190 2
20220 2
20250 2
20280 1
20310 2
20340 2
20370 2
20400 2
20430 2
20460 2
20490 2
20520 2
20550 2
20580 2
20610 2
20640 2
20670 2
20700 2
20730 2
20760 2
20790 2
20820 2
20850 2
20880 2
20910 2
20940 2
20970 2
21000 2
21030 2
21060 2
21090 2
21120 2
21150 2
21180 2
21210 2
21240 2
21270 2
21300 2
21330 2
21360 2
21390 2
21420 2
21450 2
21480 2
21510 2
21540 2
21570 2
21600 2
21630 2
21660 2
21690 2
21720 2
21750 2
21780 2
21810 2
21840 2
21870 2
21900 2
21930 2
21960 2
21990 2
22020 2
22050 2
22080 2
22110 2
22140 2
22170 2
22200 2
22230 2
22260 2
22290 2
22320 2
22350 2
22380 2
22410 2
22440 2
22470 2
22500 2
22530 2
22560 2
22590 2
22620 2
22650 2
22680 0
22710 0
22740 1
22770 2
22800 1
22830 2
22860 2
22890 2
22920 2
22950 5
22980 5
23010 5
23040 5
23070 5
23100 5
23130 5
23160 5
23190 5
23220 5
23250 5
23280 5
23310 5
23340 5
23370 5
23400 5
23430 5
23460 5
23490 5
23520 5
23550 5
23580 5
23610 5
23640 5
23670 5
23700 5
23730 5
23760 5
23790 5
23820 5
23850 5
23880 5
23910 5
23940 5
23970 5
24000 5
24030 5
24060 5
24090 5
24120 5
24150 5
24180 5
24210 5
24240 5
24270 5
24300 5
24330 5
24360 1
24390 1
24420 0
24450 1
24480 1
24510 1
24540 5
24570 5
24600 5
24630 5
24660 5
24690 0
24720 1
24750 1
24780 5
24810 5
24840 5
24870 5
24900 5
24930 5
24960 0
24990 0
25020 5
25050 5
25080 5
25110 5
25140 5
25170 5
25200 5
25230 5
25260 5
25290 5
25320 5
25350 5
25380 5
25410 5
25440 5
25470 5
25500 5
25530 5
25560 5
25590 5
25620 5
25650 5
25680 5
25710 5
25740 5
25770 5
25800 5
25830 5
25860 1
25890 5
25920 5
25950 0
25980 1
26010 5
26040 5
26070 5
26100 5
26130 5
26160 5
26190 5
26220 5
26250 5
26280 5
26310 5
26340 5
26370 5
26400 5
26430 5
26460 5
26490 5
26520 5
26550 5
26580 5
26610 5
26640 5
26670 5
26700 5
26730 0
26760 0
26790 1
26820 2
26850 2
26880 2
26910 1
26940 2
26970 2
27000 2
27030 2
27060 2
27090 2
27120 2
27150 2
27180 2
27210 2
27240 2
27270 2
27300 2
27330 2
27360 2
27390 2
27420 2
27450 2
27480 0
27510 1
27540 2
27570 2
27600 2
27630 2
27660 2
27690 2
27720 2
27750 2
27780 2
27810 2
27840 2
27870 2
27900 2
27930 2
27960 2
27990 2
28020 2
28050 2
28080 2
28110 2
28140 2
28170 2
28200 2
28230 2
28260 2
28290 2
28320 2
28350 2
28380 2
28410 2
28440 2
28470 2
28500 2
28530 2
28560 2
28590 2
28620 2
28650 2
28680 2
28710 2
28740 2
28770 2
28800 2
28830 2
28860 2
28890 2
28920 2
28950 2
28980 2
29010 2
29040 2
29070 2
29100 2
29130 2
29160 2
29190 2
29220 2
29250 2
29280 2
29310 2
29340 2
29370 2
29400 2
29430 2
29460 2
29490 2
29520 0
29550 1
29580 0
29610 0
29640 0
29670 -1
