0 -1
30 -1
60 -1
90 -1
120 -1
150 -1
180 -1
210 -1
240 -1
270 -1
300 -1
330 -1
360 -1
390 -1
420 -1
450 -1
480 -1
510 -1
540 -1
570 -1
600 0
630 0
660 0
690 0
720 0
750 1
780 1
810 1
840 1
870 2
900 2
930 2
960 2
990 1
1020 2
1050 2
1080 2
1110 2
1140 2
1170 2
1200 2
1230 2
1260 2
1290 2
1320 2
1350 2
1380 2
1410 2
1440 2
1470 2
1500 2
1530 2
1560 2
1590 3
1620 3
1650 3
1680 3
1710 3
1740 3
1770 3
1800 3
1830 3
1860 3
1890 3
1920 3
1950 3
1980 3
2010 3
2040 3
2070 3
2100 3
2130 3
2160 3
2190 3
2220 3
2250 3
2280 3
2310 3
2340 3
2370 3
2400 3
2430 3
2460 3
2490 3
2520 3
2550 3
2580 3
2610 3
2640 3
2670 3
2700 3
2730 3
2760 3
2790 3
2820 3
2850 3
2880 3
2910 3
2940 3
2970 3
3000 3
3030 3
3060 3
3090 3
3120 3
3150 3
3180 3
3210 3
3240 3
3270 3
3300 3
3330 3
3360 3
3390 3
3420 3
3450 3
3480 3
3510 3
3540 3
3570 3
3600 3
3630 3
3660 3
3690 3
3720 3
3750 3
3780 3
3810 3
3840 3
3870 3
3900 3
3930 3
3960 3
3990 3
4020 3
4050 3
4080 3
4110 3
4140 3
4170 3
4200 3
4230 3
4260 3
4290 3
4320 3
4350 3
4380 3
4410 3
4440 3
4470 3
4500 3
4530 3
4560 3
4590 3
4620 3
4650 3
4680 3
4710 3
4740 3
4770 3
4800 3
4830 3
4860 3
4890 3
4920 3
4950 3
4980 3
5010 3
5040 3
5070 3
5100 3
5130 3
5160 3
5190 3
5220 3
5250 3
5280 3
5310 3
5340 3
5370 3
5400 3
5430 3
5460 3
5490 3
5520 3
5550 3
5580 3
5610 3
5640 3
5670 3
5700 3
5730 3
5760 3
5790 3
5820 3
5850 2
5880 2
5910 2
5940 2
5970 2
6000 2
6030 2
6060 2
6090 2
6120 2
6150 2
6180 2
6210 2
6240 2
6270 2
6300 2
6330 2
6360 2
6390 2
6420 2
6450 2
6480 2
6510 2
6540 2
6570 2
6600 2
6630 2
6660 2
6690 2
6720 2
6750 2
6780 2
6810 2
6840 2
6870 2
6900 2
6930 2
6960 2
6990 2
7020 2
7050 2
7080 2
7110 2
7140 2
7170 2
7200 2
7230 2
7260 2
7290 2
7320 2
7350 2
7380 2
7410 2
7440 2
7470 2
7500 2
7530 2
7560 2
7590 2
7620 2
7650 2
7680 2
7710 2
7740 2
7770 2
7800 2
7830 2
7860 2
7890 2
7920 2
7950 2
7980 2
8010 2
8040 2
8070 2
8100 2
8130 2
8160 2
8190 2
8220 2
8250 2
8280 2
8310 2
8340 2
8370 2
8400 2
8430 2
8460 2
8490 2
8520 2
8550 2
8580 2
8610 2
8640 2
8670 2
8700 2
8730 2
8760 2
8790 2
8820 2
8850 2
8880 2
8910 2
8940 2
8970 2
9000 2
9030 2
9060 2
9090 2
9120 2
9150 2
9180 1
9210 1
9240 2
9270 2
9300 2
9330 2
9360 2
9390 2
9420 5
9450 5
9480 5
9510 5
9540 5
9570 5
9600 5
9630 5
9660 2
9690 5
9720 5
9750 5
9780 1
9810 5
9840 5
9870 5
9900 5
9930 5
9960 5
9990 2
10020 5
10050 5
10080 5
10110 1
10140 2
10170 5
10200 5
10230 5
10260 5
10290 5
10320 1
10350 2
10380 5
10410 5
10440 5
10470 5
10500 5
10530 5
10560 5
10590 5
10620 5
10650 5
10680 5
10710 5
10740 1
10770 5
10800 5
10830 5
10860 5
10890 5
10920 5
10950 5
10980 5
11010 5
11040 5
11070 5
11100 5
11130 5
11160 2
11190 2
11220 2
11250 5
11280 5
11310 5
11340 5
11370 2
11400 2
11430 5
11460 5
11490 5
11520 1
11550 2
11580 5
11610 5
11640 5
11670 1
11700 2
11730 5
11760 5
11790 1
11820 2
11850 5
11880 5
11910 5
11940 1
11970 2
12000 2
12030 5
12060 5
12090 5
12120 1
12150 2
12180 2
12210 2
12240 2
12270 5
12300 5
12330 1
12360 2
12390 2
12420 5
12450 5
12480 5
12510 5
12540 5
12570 5
12600 5
12630 2
12660 2
12690 5
12720 5
12750 5
12780 2
12810 2
12840 2
12870 5
12900 5
12930 5
12960 5
12990 5
13020 5
13050 5
13080 5
13110 2
13140 2
13170 2
13200 2
13230 2
13260 2
13290 2
13320 2
13350 2
13380 2
13410 2
13440 2
13470 2
13500 2
13530 2
13560 2
13590 2
13620 2
13650 2
13680 2
13710 2
13740 2
13770 2
13800 2
13830 2
13860 2
13890 2
13920 2
13950 2
13980 2
14010 2
14040 2
14070 2
14100 2
14130 2
14160 2
14190 2
14220 2
14250 2
14280 2
14310 2
14340 2
14370 2
14400 2
14430 2
14460 2
14490 2
14520 2
14550 2
14580 2
14610 2
14640 2
14670 2
14700 2
14730 2
14760 2
14790 2
14820 2
14850 2
14880 2
14910 2
14940 2
14970 2
15000 2
15030 2
15060 2
15090 2
15120 2
15150 2
15180 2
15210 2
15240 2
15270 2
15300 2
15330 2
15360 2
15390 2
15420 2
15450 2
15480 2
15510 2
15540 2
15570 2
15600 2
15630 2
15660 2
15690 2
15720 2
15750 2
15780 1
15810 1
15840 2
15870 2
15900 2
15930 2
15960 2
15990 2
16020 2
16050 2
16080 2
16110 2
16140 2
16170 2
16200 2
16230 2
16260 2
16290 2
16320 2
16350 2
16380 2
16410 2
16440 2
16470 2
16500 2
16530 2
16560 2
16590 2
16620 2
16650 2
16680 2
16710 2
16740 2
16770 2
16800 2
16830 2
16860 2
16890 2
16920 2
16950 2
16980 2
17010 2
17040 2
17070 2
17100 2
17130 2
17160 2
17190 2
17220 2
17250 2
17280 2
17310 2
17340 2
17370 2
17400 1
17430 2
17460 2
17490 2
17520 2
17550 2
17580 2
17610 2
17640 2
17670 2
17700 2
17730 2
17760 2
17790 2
17820 2
17850 2
17880 2
17910 2
17940 5
17970 5
18000 5
18030 5
18060 1
18090 5
18120 5
18150 5
18180 5
18210 5
18240 1
18270 5
18300 5
18330 1
18360 5
18390 5
18420 5
18450 1
18480 2
18510 2
18540 5
18570 1
18600 1
18630 5
18660 5
18690 5
18720 1
18750 5
18780 5
18810 5
18840 5
18870 5
18900 5
18930 5
18960 5
18990 1
19020 2
19050 5
19080 5
19110 5
19140 5
19170 5
19200 1
19230 5
19260 5
19290 1
19320 2
19350 5
19380 5
19410 1
19440 5
19470 5
19500 5
19530 5
19560 5
19590 1
19620 5
19650 5
19680 5
19710 5
19740 5
19770 2
19800 2
19830 0
19860 2
19890 2
19920 2
19950 2
19980 2
20010 2
20040 2
20070 2
20100 2
20130 2
20160 2
20190 2
20220 2
20250 2
20280 2
20310 2
20340 2
20370 2
20400 2
20430 2
20460 2
20490 2
20520 2
20550 2
20580 1
20610 2
20640 2
20670 2
20700 0
20730 0
20760 0
20790 0
20820 1
20850 1
20880 1
20910 2
20940 2
20970 2
21000 2
21030 2
21060 2
21090 2
21120 2
21150 2
21180 2
21210 2
21240 2
21270 2
21300 2
21330 2
21360 2
21390 2
21420 2
21450 2
21480 2
21510 2
21540 2
21570 2
21600 2
21630 2
21660 2
21690 2
21720 2
21750 2
21780 2
21810 2
21840 2
21870 2
21900 2
21930 2
21960 2
21990 2
22020 2
22050 2
22080 2
22110 1
22140 2
22170 2
22200 2
22230 2
22260 2
22290 2
22320 2
22350 2
22380 2
22410 2
22440 2
22470 2
22500 2
22530 2
22560 2
22590 2
22620 2
22650 2
22680 2
22710 2
22740 2
22770 2
22800 2
22830 2
22860 2
22890 2
22920 2
22950 2
22980 2
23010 2
23040 2
23070 2
23100 2
23130 2
23160 2
23190 2
23220 2
23250 2
23280 2
23310 2
23340 2
23370 2
23400 2
23430 2
23460 2
23490 2
23520 2
23550 2
23580 2
23610 2
23640 2
23670 2
23700 2
23730 2
23760 2
23790 2
23820 2
23850 2
23880 2
23910 2
23940 2
23970 1
24000 2
24030 2
24060 2
24090 2
24120 2
24150 2
24180 1
24210 2
24240 2
24270 2
24300 2
24330 2
24360 2
24390 1
24420 2
24450 5
24480 5
24510 5
24540 5
24570 5
24600 5
24630 5
24660 5
24690 5
24720 5
24750 5
24780 5
24810 5
24840 5
24870 5
24900 5
24930 5
24960 5
24990 5
25020 5
25050 5
25080 5
25110 5
25140 5
25170 5
25200 5
25230 5
25260 5
25290 5
25320 5
25350 5
25380 5
25410 5
25440 5
25470 5
25500 5
25530 5
25560 5
25590 1
25620 2
25650 5
25680 5
25710 5
25740 5
25770 5
25800 5
25830 5
25860 5
25890 5
25920 5
25950 5
25980 5
26010 5
26040 5
26070 5
26100 5
26130 5
26160 1
26190 2
26220 2
26250 2
26280 5
26310 5
26340 5
26370 5
26400 5
26430 5
26460 5
26490 5
26520 5
26550 5
26580 5
26610 5
26640 5
26670 5
26700 5
26730 5
26760 5
26790 5
26820 5
26850 2
26880 2
26910 2
26940 2
26970 2
27000 2
27030 5
27060 5
27090 5
27120 1
27150 1
27180 1
27210 2
27240 5
27270 5
27300 5
27330 5
27360 1
27390 2
27420 2
27450 1
27480 2
27510 2
27540 5
27570 1
27600 5
27630 1
27660 2
27690 2
27720 2
27750 5
27780 5
27810 5
27840 5
27870 1
27900 2
27930 2
27960 2
27990 2
28020 2
28050 2
28080 2
28110 2
28140 2
28170 2
28200 2
28230 2
28260 2
28290 2
28320 2
28350 2
28380 2
28410 2
28440 2
28470 2
28500 1
28530 2
28560 2
28590 2
28620 2
28650 2
28680 2
28710 2
28740 2
28770 2
28800 2
28830 2
28860 2
28890 2
28920 2
28950 2
28980 2
29010 2
29040 2
29070 2
29100 2
29130 2
29160 2
29190 2
29220 2
29250 2
29280 2
29310 2
29340 -1
29370 -1
29400 -1
29430 -1
29460 -1
29490 -1
29520 -1
29550 -1
29580 -1
29610 -1
