0 -1
30 -1
60 -1
90 -1
120 -1
150 -1
180 -1
210 -1
240 -1
270 -1
300 -1
330 -1
360 -1
390 -1
420 -1
450 -1
480 -1
510 -1
540 -1
570 -1
600 -1
630 -1
660 -1
690 -1
720 -1
750 -1
780 0
810 0
840 0
870 0
900 0
930 0
960 0
990 1
1020 1
1050 1
1080 2
1110 2
1140 2
1170 2
1200 2
1230 2
1260 2
1290 2
1320 2
1350 2
1380 2
1410 2
1440 2
1470 2
1500 2
1530 2
1560 2
1590 2
1620 2
1650 2
1680 2
1710 3
1740 3
1770 3
1800 3
1830 3
1860 3
1890 3
1920 3
1950 3
1980 3
2010 3
2040 3
2070 3
2100 3
2130 3
2160 3
2190 3
2220 3
2250 3
2280 3
2310 3
2340 3
2370 3
2400 3
2430 3
2460 3
2490 3
2520 3
2550 3
2580 3
2610 3
2640 3
2670 3
2700 3
2730 3
2760 3
2790 3
2820 3
2850 3
2880 3
2910 3
2940 3
2970 3
3000 3
3030 3
3060 3
3090 3
3120 3
3150 3
3180 3
3210 3
3240 3
3270 3
3300 3
3330 3
3360 3
3390 3
3420 3
3450 3
3480 3
3510 3
3540 3
3570 3
3600 3
3630 3
3660 3
3690 3
3720 3
3750 3
3780 3
3810 3
3840 3
3870 3
3900 3
3930 3
3960 3
3990 3
4020 3
4050 3
4080 3
4110 3
4140 3
4170 3
4200 3
4230 3
4260 3
4290 3
4320 3
4350 3
4380 3
4410 0
4440 2
4470 2
4500 2
4530 2
4560 2
4590 5
4620 5
4650 5
4680 5
4710 5
4740 5
4770 5
4800 5
4830 5
4860 5
4890 5
4920 5
4950 5
4980 5
5010 5
5040 5
5070 5
5100 5
5130 5
5160 5
5190 5
5220 5
5250 5
5280 5
5310 5
5340 5
5370 5
5400 5
5430 5
5460 5
5490 5
5520 5
5550 5
5580 5
5610 5
5640 5
5670 5
5700 5
5730 5
5760 5
5790 5
5820 5
5850 5
5880 5
5910 5
5940 5
5970 5
6000 5
6030 5
6060 2
6090 2
6120 2
6150 2
6180 2
6210 2
6240 2
6270 2
6300 2
6330 2
6360 2
6390 2
6420 2
6450 2
6480 2
6510 2
6540 2
6570 2
6600 2
6630 2
6660 2
6690 2
6720 2
6750 2
6780 2
6810 2
6840 2
6870 2
6900 2
6930 2
6960 2
6990 2
7020 2
7050 2
7080 2
7110 2
7140 2
7170 2
7200 3
7230 3
7260 3
7290 3
7320 3
7350 3
7380 3
7410 3
7440 3
7470 3
7500 3
7530 3
7560 3
7590 3
7620 3
7650 3
7680 3
7710 3
7740 3
7770 3
7800 3
7830 3
7860 3
7890 3
7920 3
7950 3
7980 3
8010 3
8040 3
8070 3
8100 3
8130 3
8160 3
8190 3
8220 3
8250 3
8280 3
8310 3
8340 3
8370 3
8400 3
8430 3
8460 3
8490 3
8520 3
8550 3
8580 3
8610 3
8640 3
8670 3
8700 3
8730 3
8760 3
8790 3
8820 3
8850 3
8880 3
8910 3
8940 3
8970 3
9000 3
9030 3
9060 2
9090 2
9120 5
9150 5
9180 5
9210 5
9240 5
9270 5
9300 5
9330 5
9360 5
9390 5
9420 5
9450 5
9480 5
9510 5
9540 5
9570 5
9600 5
9630 5
9660 5
9690 5
9720 5
9750 5
9780 0
9810 1
9840 1
9870 2
9900 2
9930 2
9960 2
9990 2
10020 2
10050 2
10080 2
10110 2
10140 2
10170 2
10200 2
10230 2
10260 2
10290 2
10320 2
10350 2
10380 2
10410 2
10440 2
10470 2
10500 2
10530 2
10560 2
10590 2
10620 1
10650 1
10680 1
10710 1
10740 2
10770 2
10800 2
10830 2
10860 2
10890 2
10920 2
10950 2
10980 2
11010 2
11040 2
11070 2
11100 2
11130 2
11160 2
11190 2
11220 2
11250 2
11280 2
11310 2
11340 2
11370 2
11400 2
11430 2
11460 2
11490 2
11520 2
11550 2
11580 2
11610 2
11640 2
11670 2
11700 2
11730 2
11760 2
11790 2
11820 2
11850 2
11880 2
11910 2
11940 0
11970 0
12000 1
12030 2
12060 2
12090 2
12120 2
12150 2
12180 2
12210 2
12240 5
12270 5
12300 5
12330 5
12360 5
12390 5
12420 5
12450 5
12480 5
12510 5
12540 5
12570 5
12600 5
12630 5
12660 5
12690 5
12720 0
12750 5
12780 5
12810 5
12840 5
12870 5
12900 5
12930 5
12960 5
12990 5
13020 5
13050 5
13080 5
13110 5
13140 5
13170 5
13200 5
13230 5
13260 5
13290 5
13320 5
13350 5
13380 5
13410 5
13440 5
13470 5
13500 5
13530 5
13560 5
13590 5
13620 5
13650 5
13680 5
13710 5
13740 5
13770 5
13800 5
13830 5
13860 5
13890 5
13920 5
13950 5
13980 5
14010 5
14040 5
14070 5
14100 5
14130 5
14160 5
14190 5
14220 5
14250 5
14280 5
14310 5
14340 5
14370 5
14400 5
14430 5
14460 5
14490 5
14520 5
14550 5
14580 5
14610 5
14640 1
14670 1
14700 1
14730 1
14760 1
14790 2
14820 2
14850 2
14880 2
14910 2
14940 2
14970 2
15000 2
15030 2
15060 2
15090 2
15120 2
15150 2
15180 2
15210 2
15240 2
15270 2
15300 2
15330 2
15360 2
15390 2
15420 2
15450 2
15480 2
15510 2
15540 1
15570 1
15600 2
15630 2
15660 2
15690 2
15720 2
15750 2
15780 2
15810 2
15840 2
15870 2
15900 2
15930 2
15960 2
15990 2
16020 2
16050 2
16080 2
16110 2
16140 2
16170 2
16200 2
16230 2
16260 2
16290 2
16320 2
16350 2
16380 2
16410 2
16440 2
16470 2
16500 2
16530 2
16560 2
16590 2
16620 2
16650 2
16680 2
16710 2
16740 2
16770 2
16800 2
16830 2
16860 2
16890 2
16920 2
16950 2
16980 2
17010 2
17040 2
17070 2
17100 2
17130 2
17160 2
17190 2
17220 2
17250 2
17280 2
17310 2
17340 2
17370 2
17400 2
17430 2
17460 2
17490 2
17520 2
17550 2
17580 2
17610 2
17640 2
17670 2
17700 2
17730 2
17760 2
17790 2
17820 2
17850 2
17880 2
17910 2
17940 5
17970 5
18000 5
18030 5
18060 5
18090 5
18120 5
18150 5
18180 1
18210 1
18240 1
18270 2
18300 2
18330 2
18360 2
18390 1
18420 1
18450 2
18480 2
18510 2
18540 2
18570 2
18600 2
18630 2
18660 2
18690 2
18720 2
18750 2
18780 2
18810 2
18840 0
18870 1
18900 1
18930 2
18960 2
18990 2
19020 2
19050 0
19080 1
19110 1
19140 2
19170 2
19200 2
19230 2
19260 2
19290 2
19320 2
19350 2
19380 2
19410 2
19440 2
19470 2
19500 2
19530 2
19560 2
19590 2
19620 2
19650 2
19680 2
19710 2
19740 2
19770 2
19800 2
19830 2
19860 2
19890 2
19920 2
19950 2
19980 2
20010 2
20040 2
20070 2
20100 2
20130 2
20160 2
20190 2
20220 2
20250 2
20280 2
20310 2
20340 2
20370 2
20400 2
20430 2
20460 2
20490 2
20520 2
20550 2
20580 2
20610 2
20640 2
20670 2
20700 2
20730 2
20760 2
20790 2
20820 2
20850 2
20880 1
20910 2
20940 2
20970 2
21000 2
21030 2
21060 2
21090 2
21120 2
21150 1
21180 2
21210 2
21240 1
21270 2
21300 2
21330 2
21360 2
21390 2
21420 2
21450 2
21480 1
21510 2
21540 2
21570 2
21600 2
21630 2
21660 2
21690 2
21720 2
21750 1
21780 2
21810 2
21840 2
21870 2
21900 2
21930 2
21960 2
21990 2
22020 2
22050 2
22080 2
22110 2
22140 5
22170 5
22200 5
22230 5
22260 5
22290 5
22320 5
22350 5
22380 5
22410 5
22440 5
22470 5
22500 1
22530 0
22560 1
22590 5
22620 5
22650 5
22680 5
22710 5
22740 5
22770 5
22800 5
22830 5
22860 5
22890 5
22920 5
22950 1
22980 1
23010 1
23040 1
23070 2
23100 2
23130 2
23160 2
23190 2
23220 2
23250 2
23280 2
23310 2
23340 2
23370 2
23400 2
23430 2
23460 2
23490 2
23520 2
23550 2
23580 2
23610 2
23640 2
23670 2
23700 2
23730 2
23760 2
23790 2
23820 2
23850 2
23880 2
23910 2
23940 2
23970 2
24000 2
24030 2
24060 2
24090 2
24120 2
24150 2
24180 2
24210 2
24240 2
24270 1
24300 2
24330 2
24360 2
24390 2
24420 2
24450 2
24480 2
24510 1
24540 1
24570 2
24600 2
24630 2
24660 2
24690 2
24720 2
24750 2
24780 2
24810 2
24840 2
24870 2
24900 2
24930 2
24960 2
24990 2
25020 2
25050 2
25080 2
25110 2
25140 2
25170 2
25200 2
25230 2
25260 2
25290 0
25320 1
25350 2
25380 2
25410 2
25440 2
25470 2
25500 2
25530 5
25560 5
25590 5
25620 5
25650 5
25680 5
25710 5
25740 5
25770 5
25800 5
25830 5
25860 5
25890 5
25920 5
25950 5
25980 5
26010 5
26040 5
26070 5
26100 5
26130 5
26160 5
26190 5
26220 5
26250 5
26280 5
26310 1
26340 0
26370 1
26400 1
26430 5
26460 5
26490 5
26520 5
26550 5
26580 5
26610 5
26640 5
26670 5
26700 5
26730 0
26760 1
26790 1
26820 5
26850 5
26880 5
26910 5
26940 5
26970 5
27000 5
27030 5
27060 0
27090 1
27120 2
27150 2
27180 2
27210 2
27240 2
27270 2
27300 2
27330 2
27360 2
27390 2
27420 2
27450 2
27480 2
27510 2
27540 2
27570 2
27600 2
27630 2
27660 2
27690 2
27720 2
27750 2
27780 2
27810 2
27840 2
27870 2
27900 2
27930 2
27960 2
27990 2
28020 2
28050 2
28080 2
28110 2
28140 2
28170 5
28200 5
28230 5
28260 5
28290 5
28320 5
28350 5
28380 5
28410 0
28440 1
28470 2
28500 2
28530 5
28560 5
28590 5
28620 5
28650 5
28680 5
28710 5
28740 5
28770 5
28800 5
28830 5
28860 5
28890 1
28920 2
28950 5
28980 5
29010 5
29040 5
29070 2
29100 2
29130 2
29160 2
29190 2
29220 2
29250 2
29280 2
29310 2
29340 2
29370 5
29400 -1
29430 -1
29460 -1
