0 -1
30 -1
60 -1
90 -1
120 -1
150 -1
180 -1
210 -1
240 -1
270 -1
300 -1
330 -1
360 -1
390 0
420 0
450 0
480 0
510 0
540 0
570 0
600 0
630 0
660 0
690 0
720 0
750 0
780 0
810 0
840 0
870 0
900 0
930 0
960 0
990 0
1020 0
1050 0
1080 0
1110 0
1140 0
1170 0
1200 0
1230 0
1260 0
1290 0
1320 0
1350 0
1380 0
1410 0
1440 0
1470 0
1500 0
1530 0
1560 0
1590 0
1620 0
1650 0
1680 1
1710 1
1740 1
1770 1
1800 2
1830 2
1860 2
1890 2
1920 1
1950 2
1980 2
2010 2
2040 2
2070 2
2100 2
2130 2
2160 2
2190 2
2220 2
2250 2
2280 2
2310 2
2340 2
2370 2
2400 2
2430 2
2460 2
2490 2
2520 2
2550 2
2580 2
2610 3
2640 3
2670 3
2700 2
2730 2
2760 2
2790 2
2820 2
2850 2
2880 3
2910 3
2940 3
2970 3
3000 3
3030 3
3060 3
3090 3
3120 3
3150 3
3180 3
3210 3
3240 3
3270 3
3300 3
3330 3
3360 3
3390 3
3420 3
3450 3
3480 3
3510 3
3540 3
3570 3
3600 3
3630 3
3660 2
3690 2
3720 2
3750 2
3780 2
3810 3
3840 3
3870 3
3900 3
3930 3
3960 3
3990 3
4020 3
4050 3
4080 3
4110 3
4140 3
4170 3
4200 3
4230 3
4260 3
4290 3
4320 3
4350 3
4380 0
4410 0
4440 0
4470 0
4500 0
4530 1
4560 2
4590 2
4620 2
4650 2
4680 2
4710 2
4740 2
4770 2
4800 2
4830 2
4860 2
4890 2
4920 2
4950 2
4980 2
5010 2
5040 2
5070 2
5100 2
5130 2
5160 3
5190 3
5220 3
5250 3
5280 3
5310 3
5340 3
5370 3
5400 3
5430 3
5460 3
5490 3
5520 3
5550 3
5580 3
5610 3
5640 3
5670 3
5700 3
5730 3
5760 3
5790 3
5820 3
5850 3
5880 3
5910 3
5940 3
5970 3
6000 3
6030 3
6060 3
6090 3
6120 3
6150 3
6180 3
6210 3
6240 3
6270 2
6300 2
6330 2
6360 2
6390 2
6420 3
6450 3
6480 3
6510 3
6540 0
6570 0
6600 2
6630 2
6660 2
6690 2
6720 2
6750 1
6780 2
6810 2
6840 2
6870 2
6900 2
6930 2
6960 2
6990 2
7020 2
7050 2
7080 2
7110 2
7140 2
7170 2
7200 2
7230 2
7260 2
7290 2
7320 2
7350 2
7380 2
7410 0
7440 1
7470 1
7500 2
7530 2
7560 2
7590 2
7620 2
7650 2
7680 2
7710 2
7740 2
7770 2
7800 2
7830 2
7860 2
7890 2
7920 2
7950 2
7980 2
8010 2
8040 2
8070 2
8100 2
8130 2
8160 2
8190 2
8220 2
8250 2
8280 2
8310 2
8340 2
8370 2
8400 2
8430 1
8460 1
8490 2
8520 1
8550 2
8580 2
8610 2
8640 2
8670 2
8700 2
8730 2
8760 2
8790 2
8820 2
8850 2
8880 2
8910 2
8940 2
8970 2
9000 2
9030 2
9060 2
9090 2
9120 2
9150 2
9180 2
9210 0
9240 0
9270 0
9300 0
9330 0
9360 0
9390 0
9420 0
9450 0
9480 0
9510 0
9540 1
9570 1
9600 2
9630 2
9660 2
9690 2
9720 2
9750 2
9780 2
9810 2
9840 2
9870 2
9900 2
9930 2
9960 2
9990 2
10020 2
10050 2
10080 2
10110 2
10140 2
10170 2
10200 2
10230 2
10260 2
10290 2
10320 2
10350 0
10380 0
10410 0
10440 0
10470 0
10500 0
10530 0
10560 0
10590 0
10620 0
10650 0
10680 0
10710 0
10740 0
10770 0
10800 0
10830 0
10860 0
10890 0
10920 0
10950 0
10980 0
11010 0
11040 0
11070 0
11100 0
11130 0
11160 0
11190 0
11220 0
11250 0
11280 0
11310 0
11340 0
11370 0
11400 0
11430 0
11460 0
11490 0
11520 0
11550 0
11580 1
11610 1
11640 0
11670 0
11700 0
11730 0
11760 1
11790 1
11820 1
11850 1
11880 0
11910 1
11940 1
11970 1
12000 0
12030 0
12060 0
12090 0
12120 1
12150 1
12180 2
12210 2
12240 2
12270 2
12300 2
12330 2
12360 2
12390 2
12420 2
12450 2
12480 2
12510 2
12540 2
12570 2
12600 2
12630 2
12660 2
12690 2
12720 2
12750 2
12780 2
12810 2
12840 2
12870 2
12900 2
12930 2
12960 2
12990 2
13020 2
13050 2
13080 2
13110 2
13140 2
13170 2
13200 2
13230 2
13260 2
13290 2
13320 2
13350 2
13380 2
13410 2
13440 2
13470 2
13500 2
13530 2
13560 2
13590 2
13620 2
13650 2
13680 3
13710 3
13740 3
13770 3
13800 3
13830 3
13860 3
13890 3
13920 3
13950 3
13980 3
14010 3
14040 3
14070 3
14100 3
14130 3
14160 3
14190 2
14220 2
14250 2
14280 2
14310 2
14340 2
14370 2
14400 2
14430 2
14460 2
14490 2
14520 2
14550 3
14580 3
14610 3
14640 2
14670 2
14700 2
14730 2
14760 2
14790 2
14820 2
14850 3
14880 3
14910 3
14940 3
14970 3
15000 3
15030 3
15060 3
15090 0
15120 1
15150 1
15180 1
15210 0
15240 0
15270 1
15300 2
15330 2
15360 2
15390 2
15420 2
15450 2
15480 2
15510 2
15540 2
15570 2
15600 2
15630 2
15660 2
15690 2
15720 2
15750 2
15780 2
15810 5
15840 5
15870 5
15900 5
15930 5
15960 5
15990 5
16020 5
16050 5
16080 5
16110 5
16140 5
16170 5
16200 5
16230 5
16260 5
16290 5
16320 5
16350 5
16380 5
16410 5
16440 5
16470 5
16500 5
16530 5
16560 5
16590 5
16620 5
16650 5
16680 5
16710 5
16740 5
16770 5
16800 5
16830 5
16860 5
16890 5
16920 5
16950 5
16980 5
17010 5
17040 5
17070 5
17100 5
17130 5
17160 5
17190 5
17220 5
17250 5
17280 5
17310 5
17340 5
17370 5
17400 5
17430 5
17460 5
17490 5
17520 5
17550 5
17580 5
17610 5
17640 5
17670 5
17700 5
17730 5
17760 5
17790 5
17820 5
17850 5
17880 5
17910 5
17940 5
17970 5
18000 5
18030 5
18060 5
18090 5
18120 5
18150 5
18180 5
18210 5
18240 5
18270 5
18300 5
18330 5
18360 5
18390 5
18420 5
18450 5
18480 5
18510 5
18540 5
18570 5
18600 5
18630 5
18660 5
18690 5
18720 5
18750 5
18780 5
18810 5
18840 5
18870 5
18900 5
18930 5
18960 5
18990 5
19020 5
19050 5
19080 5
19110 5
19140 5
19170 5
19200 5
19230 5
19260 5
19290 5
19320 5
19350 5
19380 5
19410 5
19440 5
19470 5
19500 5
19530 5
19560 5
19590 5
19620 5
19650 5
19680 5
19710 2
19740 2
19770 2
19800 2
19830 2
19860 2
19890 2
19920 2
19950 2
19980 2
20010 2
20040 2
20070 2
20100 2
20130 2
20160 2
20190 2
20220 2
20250 2
20280 2
20310 2
20340 2
20370 2
20400 2
20430 2
20460 2
20490 2
20520 2
20550 2
20580 2
20610 2
20640 2
20670 2
20700 2
20730 2
20760 2
20790 2
20820 2
20850 2
20880 2
20910 2
20940 2
20970 2
21000 2
21030 2
21060 2
21090 2
21120 2
21150 2
21180 2
21210 2
21240 2
21270 2
21300 2
21330 2
21360 2
21390 2
21420 2
21450 2
21480 2
21510 2
21540 0
21570 1
21600 2
21630 2
21660 2
21690 2
21720 2
21750 2
21780 2
21810 2
21840 2
21870 2
21900 2
21930 2
21960 2
21990 2
22020 2
22050 2
22080 2
22110 2
22140 2
22170 2
22200 2
22230 2
22260 2
22290 2
22320 2
22350 2
22380 2
22410 2
22440 3
22470 3
22500 3
22530 3
22560 3
22590 3
22620 3
22650 3
22680 3
22710 1
22740 2
22770 2
22800 2
22830 2
22860 2
22890 2
22920 2
22950 2
22980 2
23010 2
23040 2
23070 2
23100 2
23130 2
23160 2
23190 2
23220 2
23250 2
23280 2
23310 2
23340 2
23370 2
23400 2
23430 2
23460 2
23490 2
23520 2
23550 2
23580 2
23610 2
23640 2
23670 2
23700 2
23730 2
23760 2
23790 2
23820 2
23850 2
23880 2
23910 2
23940 2
23970 2
24000 2
24030 2
24060 2
24090 2
24120 2
24150 2
24180 2
24210 2
24240 2
24270 2
24300 2
24330 2
24360 0
24390 1
24420 2
24450 2
24480 2
24510 2
24540 2
24570 2
24600 2
24630 2
24660 2
24690 2
24720 2
24750 2
24780 2
24810 1
24840 2
24870 1
24900 2
24930 5
24960 5
24990 5
25020 0
25050 5
25080 5
25110 5
25140 5
25170 5
25200 5
25230 5
25260 0
25290 1
25320 2
25350 2
25380 2
25410 2
25440 2
25470 2
25500 2
25530 2
25560 2
25590 2
25620 2
25650 2
25680 2
25710 2
25740 2
25770 2
25800 2
25830 2
25860 2
25890 2
25920 2
25950 2
25980 2
26010 2
26040 2
26070 2
26100 2
26130 2
26160 2
26190 2
26220 2
26250 2
26280 2
26310 2
26340 2
26370 2
26400 2
26430 2
26460 2
26490 2
26520 2
26550 2
26580 2
26610 2
26640 0
26670 2
26700 2
26730 2
26760 2
26790 2
26820 1
26850 2
26880 2
26910 2
26940 2
26970 0
27000 1
27030 0
27060 1
27090 2
27120 2
27150 2
27180 2
27210 2
27240 2
27270 2
27300 2
27330 2
27360 2
27390 2
27420 2
27450 2
27480 2
27510 2
27540 2
27570 1
27600 2
27630 2
27660 2
27690 2
27720 1
27750 1
27780 2
27810 2
27840 2
27870 2
27900 1
27930 2
27960 2
27990 2
28020 5
28050 5
28080 5
28110 5
28140 5
28170 5
28200 5
28230 5
28260 5
28290 5
28320 5
28350 5
28380 5
28410 5
28440 5
28470 5
28500 0
28530 5
28560 5
28590 5
28620 5
28650 5
28680 5
28710 5
28740 5
28770 5
28800 5
28830 -1
28860 -1
28890 -1
28920 -1
28950 -1
28980 -1
29010 -1
29040 -1
