0 -1
30 -1
60 -1
90 -1
120 -1
150 -1
180 -1
210 -1
240 -1
270 -1
300 -1
330 -1
360 -1
390 -1
420 -1
450 -1
480 -1
510 0
540 0
570 0
600 0
630 0
660 0
690 0
720 0
750 0
780 0
810 0
840 0
870 0
900 0
930 0
960 0
990 0
1020 0
1050 0
1080 1
1110 1
1140 1
1170 1
1200 2
1230 2
1260 2
1290 0
1320 1
1350 2
1380 2
1410 2
1440 2
1470 2
1500 2
1530 2
1560 2
1590 2
1620 2
1650 2
1680 2
1710 2
1740 2
1770 2
1800 2
1830 2
1860 2
1890 2
1920 2
1950 2
1980 2
2010 2
2040 2
2070 2
2100 2
2130 2
2160 2
2190 2
2220 2
2250 2
2280 2
2310 2
2340 2
2370 2
2400 2
2430 2
2460 2
2490 2
2520 2
2550 2
2580 2
2610 2
2640 2
2670 2
2700 3
2730 3
2760 3
2790 3
2820 3
2850 3
2880 3
2910 3
2940 3
2970 3
3000 3
3030 3
3060 3
3090 3
3120 3
3150 3
3180 3
3210 3
3240 3
3270 3
3300 3
3330 3
3360 3
3390 3
3420 3
3450 3
3480 3
3510 3
3540 3
3570 3
3600 3
3630 3
3660 3
3690 3
3720 3
3750 3
3780 3
3810 2
3840 1
3870 2
3900 2
3930 2
3960 2
3990 2
4020 2
4050 2
4080 2
4110 2
4140 2
4170 2
4200 2
4230 2
4260 2
4290 2
4320 3
4350 3
4380 3
4410 3
4440 3
4470 3
4500 3
4530 3
4560 3
4590 3
4620 3
4650 3
4680 2
4710 2
4740 2
4770 1
4800 2
4830 2
4860 2
4890 2
4920 2
4950 2
4980 1
5010 2
5040 2
5070 2
5100 2
5130 2
5160 2
5190 2
5220 2
5250 2
5280 2
5310 2
5340 2
5370 2
5400 2
5430 2
5460 2
5490 1
5520 2
5550 2
5580 2
5610 2
5640 2
5670 2
5700 2
5730 2
5760 2
5790 2
5820 2
5850 2
5880 2
5910 2
5940 2
5970 2
6000 2
6030 1
6060 2
6090 2
6120 1
6150 2
6180 2
6210 2
6240 2
6270 2
6300 2
6330 2
6360 2
6390 2
6420 2
6450 2
6480 2
6510 2
6540 2
6570 2
6600 3
6630 3
6660 3
6690 3
6720 3
6750 3
6780 3
6810 3
6840 3
6870 3
6900 3
6930 3
6960 3
6990 3
7020 3
7050 3
7080 3
7110 3
7140 3
7170 3
7200 3
7230 3
7260 3
7290 3
7320 3
7350 3
7380 3
7410 3
7440 3
7470 3
7500 3
7530 3
7560 3
7590 3
7620 3
7650 3
7680 3
7710 3
7740 2
7770 2
7800 2
7830 2
7860 2
7890 2
7920 2
7950 2
7980 2
8010 2
8040 2
8070 2
8100 2
8130 2
8160 2
8190 2
8220 2
8250 2
8280 2
8310 2
8340 2
8370 2
8400 2
8430 2
8460 5
8490 5
8520 5
8550 5
8580 5
8610 5
8640 5
8670 5
8700 5
8730 5
8760 5
8790 5
8820 5
8850 5
8880 5
8910 5
8940 5
8970 5
9000 5
9030 5
9060 5
9090 5
9120 5
9150 5
9180 5
9210 5
9240 5
9270 5
9300 5
9330 5
9360 5
9390 5
9420 5
9450 5
9480 0
9510 1
9540 1
9570 2
9600 2
9630 2
9660 2
9690 2
9720 2
9750 2
9780 2
9810 2
9840 2
9870 2
9900 2
9930 2
9960 2
9990 2
10020 2
10050 2
10080 2
10110 2
10140 2
10170 2
10200 2
10230 2
10260 2
10290 2
10320 2
10350 2
10380 2
10410 2
10440 2
10470 1
10500 2
10530 2
10560 2
10590 2
10620 2
10650 2
10680 2
10710 2
10740 2
10770 2
10800 2
10830 2
10860 2
10890 2
10920 2
10950 2
10980 2
11010 2
11040 2
11070 1
11100 1
11130 2
11160 2
11190 2
11220 2
11250 2
11280 2
11310 2
11340 2
11370 2
11400 2
11430 2
11460 2
11490 2
11520 2
11550 2
11580 2
11610 2
11640 2
11670 2
11700 2
11730 2
11760 2
11790 2
11820 2
11850 2
11880 2
11910 2
11940 2
11970 2
12000 2
12030 2
12060 2
12090 2
12120 1
12150 1
12180 2
12210 2
12240 2
12270 2
12300 2
12330 2
12360 2
12390 2
12420 1
12450 1
12480 2
12510 2
12540 2
12570 5
12600 5
12630 5
12660 5
12690 5
12720 5
12750 5
12780 5
12810 5
12840 5
12870 5
12900 5
12930 5
12960 5
12990 5
13020 5
13050 5
13080 5
13110 5
13140 5
13170 5
13200 5
13230 5
13260 5
13290 5
13320 5
13350 5
13380 5
13410 5
13440 5
13470 5
13500 5
13530 5
13560 5
13590 5
13620 5
13650 5
13680 5
13710 5
13740 5
13770 5
13800 5
13830 5
13860 5
13890 5
13920 5
13950 5
13980 5
14010 5
14040 5
14070 5
14100 5
14130 5
14160 5
14190 5
14220 5
14250 5
14280 5
14310 5
14340 5
14370 5
14400 5
14430 5
14460 5
14490 5
14520 5
14550 5
14580 5
14610 5
14640 5
14670 5
14700 5
14730 5
14760 5
14790 5
14820 5
14850 5
14880 0
14910 5
14940 5
14970 5
15000 5
15030 5
15060 5
15090 5
15120 5
15150 5
15180 1
15210 2
15240 2
15270 2
15300 2
15330 2
15360 2
15390 2
15420 2
15450 2
15480 2
15510 2
15540 2
15570 2
15600 2
15630 2
15660 2
15690 2
15720 2
15750 2
15780 2
15810 2
15840 2
15870 2
15900 2
15930 2
15960 2
15990 2
16020 2
16050 2
16080 2
16110 2
16140 2
16170 2
16200 2
16230 2
16260 2
16290 2
16320 2
16350 2
16380 2
16410 2
16440 2
16470 2
16500 2
16530 2
16560 2
16590 2
16620 2
16650 2
16680 2
16710 2
16740 2
16770 2
16800 2
16830 2
16860 2
16890 2
16920 2
16950 2
16980 2
17010 2
17040 2
17070 2
17100 2
17130 2
17160 2
17190 2
17220 2
17250 2
17280 2
17310 2
17340 2
17370 2
17400 2
17430 2
17460 2
17490 2
17520 2
17550 2
17580 2
17610 2
17640 2
17670 2
17700 2
17730 2
17760 1
17790 2
17820 2
17850 2
17880 2
17910 2
17940 2
17970 2
18000 1
18030 1
18060 2
18090 2
18120 2
18150 2
18180 2
18210 2
18240 2
18270 2
18300 2
18330 2
18360 2
18390 2
18420 2
18450 2
18480 5
18510 5
18540 5
18570 5
18600 5
18630 5
18660 5
18690 5
18720 5
18750 5
18780 5
18810 5
18840 5
18870 5
18900 5
18930 5
18960 5
18990 5
19020 5
19050 5
19080 5
19110 5
19140 5
19170 5
19200 5
19230 5
19260 5
19290 5
19320 5
19350 2
19380 2
19410 2
19440 1
19470 1
19500 2
19530 2
19560 2
19590 2
19620 2
19650 2
19680 2
19710 2
19740 2
19770 2
19800 2
19830 2
19860 2
19890 2
19920 2
19950 2
19980 2
20010 2
20040 2
20070 2
20100 2
20130 2
20160 2
20190 2
20220 2
20250 2
20280 2
20310 2
20340 2
20370 2
20400 0
20430 0
20460 1
20490 1
20520 2
20550 2
20580 2
20610 2
20640 2
20670 2
20700 2
20730 2
20760 2
20790 2
20820 2
20850 2
20880 2
20910 2
20940 2
20970 2
21000 2
21030 2
21060 2
21090 2
21120 2
21150 2
21180 2
21210 2
21240 2
21270 2
21300 2
21330 2
21360 2
21390 2
21420 2
21450 2
21480 2
21510 2
21540 2
21570 2
21600 2
21630 2
21660 2
21690 2
21720 1
21750 2
21780 2
21810 2
21840 2
21870 2
21900 5
21930 5
21960 5
21990 5
22020 5
22050 5
22080 5
22110 5
22140 5
22170 5
22200 5
22230 5
22260 5
22290 5
22320 5
22350 5
22380 5
22410 5
22440 5
22470 5
22500 5
22530 5
22560 5
22590 5
22620 5
22650 5
22680 5
22710 5
22740 5
22770 5
22800 5
22830 5
22860 5
22890 5
22920 5
22950 5
22980 5
23010 5
23040 5
23070 5
23100 5
23130 5
23160 5
23190 5
23220 5
23250 5
23280 5
23310 5
23340 5
23370 5
23400 5
23430 5
23460 5
23490 5
23520 5
23550 5
23580 5
23610 5
23640 5
23670 5
23700 5
23730 5
23760 5
23790 5
23820 5
23850 5
23880 5
23910 5
23940 5
23970 5
24000 5
24030 5
24060 5
24090 5
24120 5
24150 5
24180 5
24210 5
24240 5
24270 5
24300 5
24330 5
24360 5
24390 5
24420 5
24450 5
24480 5
24510 5
24540 5
24570 5
24600 5
24630 5
24660 5
24690 5
24720 5
24750 5
24780 5
24810 5
24840 5
24870 5
24900 5
24930 1
24960 2
24990 2
25020 2
25050 2
25080 2
25110 2
25140 2
25170 2
25200 2
25230 2
25260 2
25290 2
25320 2
25350 1
25380 2
25410 2
25440 2
25470 2
25500 2
25530 2
25560 2
25590 2
25620 2
25650 2
25680 2
25710 2
25740 2
25770 2
25800 2
25830 2
25860 2
25890 2
25920 2
25950 1
25980 2
26010 2
26040 2
26070 2
26100 2
26130 2
26160 2
26190 2
26220 2
26250 2
26280 2
26310 2
26340 2
26370 2
26400 2
26430 2
26460 2
26490 2
26520 2
26550 2
26580 2
26610 2
26640 2
26670 2
26700 2
26730 2
26760 2
26790 2
26820 2
26850 2
26880 2
26910 2
26940 2
26970 1
27000 1
27030 2
27060 2
27090 2
27120 2
27150 2
27180 2
27210 2
27240 2
27270 2
27300 2
27330 2
27360 2
27390 2
27420 2
27450 2
27480 2
27510 2
27540 2
27570 2
27600 2
27630 2
27660 2
27690 2
27720 2
27750 2
27780 1
27810 2
27840 2
27870 2
27900 2
27930 5
27960 5
27990 5
28020 5
28050 5
28080 5
28110 5
28140 5
28170 5
28200 5
28230 5
28260 5
28290 5
28320 5
28350 5
28380 5
28410 5
28440 5
28470 5
28500 5
28530 5
28560 5
28590 5
28620 5
28650 5
28680 5
28710 5
28740 5
28770 5
28800 5
28830 5
28860 5
28890 0
28920 5
28950 5
28980 5
29010 5
29040 5
29070 5
29100 5
29130 5
29160 5
29190 5
29220 5
29250 -1
29280 -1
