0 0
30 0
60 0
90 0
120 0
150 0
180 0
210 0
240 0
270 0
300 0
330 0
360 0
390 0
420 0
450 0
480 0
510 0
540 0
570 0
600 0
630 1
660 0
690 1
720 1
750 1
780 1
810 1
840 2
870 1
900 1
930 1
960 1
990 2
1020 2
1050 2
1080 2
1110 2
1140 2
1170 2
1200 2
1230 2
1260 2
1290 2
1320 2
1350 2
1380 2
1410 2
1440 2
1470 2
1500 2
1530 2
1560 2
1590 2
1620 2
1650 3
1680 3
1710 3
1740 3
1770 3
1800 3
1830 3
1860 3
1890 3
1920 3
1950 3
1980 3
2010 3
2040 3
2070 3
2100 3
2130 3
2160 2
2190 0
2220 2
2250 2
2280 2
2310 2
2340 2
2370 2
2400 2
2430 2
2460 2
2490 3
2520 3
2550 3
2580 3
2610 3
2640 3
2670 3
2700 3
2730 3
2760 3
2790 3
2820 3
2850 3
2880 3
2910 3
2940 3
2970 3
3000 3
3030 3
3060 3
3090 3
3120 3
3150 3
3180 3
3210 3
3240 3
3270 3
3300 3
3330 3
3360 3
3390 3
3420 3
3450 3
3480 3
3510 3
3540 3
3570 3
3600 3
3630 3
3660 3
3690 3
3720 3
3750 3
3780 3
3810 3
3840 3
3870 3
3900 3
3930 3
3960 3
3990 3
4020 3
4050 3
4080 3
4110 3
4140 3
4170 3
4200 3
4230 3
4260 3
4290 3
4320 3
4350 3
4380 3
4410 3
4440 3
4470 3
4500 3
4530 3
4560 3
4590 3
4620 3
4650 3
4680 3
4710 3
4740 3
4770 3
4800 3
4830 3
4860 3
4890 3
4920 3
4950 3
4980 3
5010 3
5040 3
5070 3
5100 3
5130 3
5160 3
5190 3
5220 3
5250 3
5280 3
5310 3
5340 3
5370 3
5400 3
5430 3
5460 3
5490 3
5520 3
5550 3
5580 3
5610 3
5640 3
5670 3
5700 2
5730 2
5760 2
5790 3
5820 3
5850 3
5880 3
5910 3
5940 3
5970 3
6000 3
6030 3
6060 3
6090 3
6120 3
6150 3
6180 3
6210 3
6240 3
6270 3
6300 3
6330 3
6360 3
6390 3
6420 3
6450 3
6480 3
6510 3
6540 3
6570 3
6600 3
6630 3
6660 3
6690 3
6720 3
6750 3
6780 3
6810 3
6840 3
6870 3
6900 3
6930 3
6960 3
6990 3
7020 3
7050 3
7080 3
7110 3
7140 3
7170 3
7200 3
7230 3
7260 3
7290 3
7320 3
7350 3
7380 0
7410 2
7440 0
7470 2
7500 2
7530 2
7560 2
7590 2
7620 2
7650 2
7680 0
7710 2
7740 2
7770 2
7800 2
7830 2
7860 2
7890 2
7920 2
7950 2
7980 5
8010 5
8040 5
8070 5
8100 5
8130 5
8160 5
8190 5
8220 5
8250 5
8280 5
8310 5
8340 5
8370 5
8400 5
8430 5
8460 5
8490 5
8520 5
8550 5
8580 5
8610 5
8640 5
8670 5
8700 5
8730 5
8760 5
8790 5
8820 5
8850 5
8880 5
8910 5
8940 5
8970 5
9000 5
9030 2
9060 2
9090 2
9120 2
9150 2
9180 2
9210 2
9240 2
9270 2
9300 2
9330 2
9360 0
9390 1
9420 2
9450 2
9480 2
9510 2
9540 2
9570 2
9600 2
9630 2
9660 2
9690 2
9720 2
9750 2
9780 2
9810 2
9840 2
9870 2
9900 2
9930 2
9960 2
9990 2
10020 2
10050 2
10080 2
10110 2
10140 2
10170 2
10200 2
10230 2
10260 2
10290 2
10320 2
10350 2
10380 2
10410 2
10440 2
10470 2
10500 2
10530 2
10560 2
10590 2
10620 2
10650 2
10680 2
10710 2
10740 2
10770 2
10800 2
10830 2
10860 2
10890 2
10920 2
10950 2
10980 2
11010 2
11040 2
11070 1
11100 2
11130 2
11160 2
11190 2
11220 2
11250 2
11280 2
11310 2
11340 2
11370 2
11400 2
11430 2
11460 2
11490 2
11520 2
11550 2
11580 2
11610 2
11640 2
11670 2
11700 2
11730 2
11760 2
11790 2
11820 2
11850 2
11880 2
11910 2
11940 2
11970 2
12000 2
12030 2
12060 2
12090 2
12120 2
12150 2
12180 2
12210 2
12240 2
12270 2
12300 2
12330 2
12360 2
12390 2
12420 2
12450 2
12480 2
12510 2
12540 2
12570 2
12600 2
12630 2
12660 2
12690 2
12720 2
12750 2
12780 2
12810 2
12840 2
12870 2
12900 2
12930 2
12960 2
12990 2
13020 2
13050 2
13080 2
13110 2
13140 0
13170 0
13200 0
13230 0
13260 0
13290 2
13320 2
13350 2
13380 2
13410 2
13440 0
13470 0
13500 0
13530 0
13560 1
13590 1
13620 2
13650 0
13680 0
13710 0
13740 0
13770 0
13800 0
13830 0
13860 0
13890 0
13920 0
13950 0
13980 0
14010 0
14040 0
14070 0
14100 0
14130 0
14160 0
14190 0
14220 0
14250 0
14280 0
14310 0
14340 0
14370 0
14400 0
14430 0
14460 0
14490 0
14520 0
14550 0
14580 0
14610 0
14640 0
14670 0
14700 0
14730 0
14760 0
14790 0
14820 0
14850 0
14880 0
14910 0
14940 0
14970 0
15000 0
15030 0
15060 0
15090 0
15120 0
15150 0
15180 0
15210 0
15240 0
15270 0
