0 -1
30 -1
60 -1
90 -1
120 -1
150 -1
180 -1
210 -1
240 0
270 0
300 0
330 0
360 0
390 0
420 0
450 0
480 0
510 0
540 0
570 0
600 0
630 0
660 0
690 0
720 0
750 0
780 0
810 0
840 0
870 0
900 0
930 1
960 1
990 2
1020 1
1050 1
1080 2
1110 2
1140 2
1170 0
1200 2
1230 3
1260 0
1290 0
1320 0
1350 1
1380 0
1410 0
1440 0
1470 0
1500 1
1530 1
1560 2
1590 2
1620 2
1650 2
1680 2
1710 2
1740 2
1770 2
1800 2
1830 2
1860 2
1890 2
1920 2
1950 2
1980 2
2010 2
2040 2
2070 2
2100 2
2130 2
2160 2
2190 3
2220 3
2250 3
2280 3
2310 3
2340 3
2370 0
2400 0
2430 0
2460 0
2490 1
2520 0
2550 0
2580 1
2610 2
2640 2
2670 0
2700 1
2730 0
2760 0
2790 0
2820 2
2850 1
2880 2
2910 2
2940 2
2970 0
3000 1
3030 2
3060 1
3090 2
3120 0
3150 0
3180 0
3210 1
3240 0
3270 0
3300 1
3330 0
3360 0
3390 0
3420 0
3450 1
3480 2
3510 2
3540 2
3570 2
3600 2
3630 2
3660 2
3690 1
3720 2
3750 2
3780 2
3810 0
3840 1
3870 2
3900 2
3930 2
3960 2
3990 2
4020 2
4050 2
4080 2
4110 2
4140 2
4170 2
4200 2
4230 2
4260 2
4290 0
4320 1
4350 2
4380 0
4410 1
4440 1
4470 2
4500 0
4530 0
4560 0
4590 0
4620 1
4650 2
4680 0
4710 1
4740 2
4770 0
4800 1
4830 0
4860 0
4890 1
4920 1
4950 1
4980 0
5010 1
5040 2
5070 0
5100 1
5130 2
5160 2
5190 2
5220 2
5250 2
5280 2
5310 2
5340 2
5370 2
5400 2
5430 2
5460 2
5490 2
5520 2
5550 2
5580 2
5610 2
5640 2
5670 2
5700 2
5730 2
5760 2
5790 2
5820 2
5850 2
5880 2
5910 2
5940 2
5970 1
6000 2
6030 2
6060 2
6090 2
6120 2
6150 2
6180 2
6210 2
6240 2
6270 2
6300 2
6330 2
6360 2
6390 2
6420 2
6450 5
6480 5
6510 5
6540 5
6570 5
6600 5
6630 5
6660 5
6690 5
6720 5
6750 5
6780 5
6810 5
6840 5
6870 5
6900 5
6930 5
6960 5
6990 5
7020 0
7050 1
7080 1
7110 1
7140 1
7170 0
7200 0
7230 1
7260 2
7290 2
7320 2
7350 2
7380 2
7410 2
7440 2
7470 2
7500 2
7530 2
7560 2
7590 2
7620 2
7650 2
7680 2
7710 2
7740 2
7770 2
7800 2
7830 2
7860 2
7890 2
7920 2
7950 2
7980 2
8010 2
8040 2
8070 2
8100 2
8130 2
8160 2
8190 2
8220 2
8250 2
8280 2
8310 3
8340 3
8370 2
8400 2
8430 3
8460 3
8490 3
8520 3
8550 3
8580 3
8610 3
8640 3
8670 3
8700 3
8730 3
8760 3
8790 3
8820 3
8850 3
8880 3
8910 3
8940 3
8970 3
9000 3
9030 3
9060 3
9090 3
9120 3
9150 3
9180 3
9210 3
9240 3
9270 3
9300 3
9330 3
9360 3
9390 3
9420 3
9450 3
9480 3
9510 3
9540 3
9570 3
9600 3
9630 3
9660 3
9690 3
9720 3
9750 3
9780 3
9810 2
9840 0
9870 1
9900 2
9930 2
9960 2
9990 2
10020 2
10050 2
10080 2
10110 2
10140 2
10170 2
10200 2
10230 2
10260 2
10290 2
10320 2
10350 2
10380 2
10410 2
10440 2
10470 1
10500 2
10530 2
10560 2
10590 2
10620 2
10650 2
10680 2
10710 2
10740 0
10770 1
10800 2
10830 2
10860 2
10890 2
10920 2
10950 2
10980 2
11010 2
11040 2
11070 2
11100 2
11130 2
11160 2
11190 2
11220 2
11250 2
11280 2
11310 2
11340 0
11370 0
11400 0
11430 1
11460 0
11490 1
11520 1
11550 1
11580 1
11610 2
11640 2
11670 2
11700 2
11730 2
11760 2
11790 2
11820 2
11850 1
11880 2
11910 2
11940 2
11970 2
12000 2
12030 2
12060 2
12090 2
12120 2
12150 2
12180 2
12210 2
12240 2
12270 2
12300 2
12330 2
12360 2
12390 2
12420 2
12450 2
12480 2
12510 2
12540 2
12570 2
12600 2
12630 1
12660 2
12690 2
12720 2
12750 2
12780 2
12810 2
12840 2
12870 2
12900 2
12930 2
12960 2
12990 2
13020 2
13050 2
13080 2
13110 2
13140 5
13170 5
13200 5
13230 5
13260 5
13290 5
13320 5
13350 5
13380 5
13410 5
13440 5
13470 5
13500 5
13530 5
13560 5
13590 5
13620 5
13650 5
13680 5
13710 5
13740 5
13770 5
13800 5
13830 5
13860 5
13890 5
13920 5
13950 5
13980 5
14010 5
14040 5
14070 5
14100 5
14130 5
14160 5
14190 5
14220 5
14250 5
14280 5
14310 5
14340 5
14370 5
14400 5
14430 5
14460 5
14490 5
14520 5
14550 5
14580 5
14610 5
14640 5
14670 5
14700 5
14730 5
14760 5
14790 5
14820 5
14850 5
14880 5
14910 5
14940 5
14970 5
15000 2
15030 2
15060 2
15090 2
15120 2
15150 2
15180 2
15210 2
15240 2
15270 2
15300 2
15330 2
15360 2
15390 2
15420 2
15450 2
15480 2
15510 2
15540 2
15570 2
15600 2
15630 2
15660 2
15690 2
15720 2
15750 2
15780 2
15810 2
15840 2
15870 2
15900 2
15930 2
15960 2
15990 2
16020 2
16050 2
16080 2
16110 2
16140 3
16170 3
16200 3
16230 3
16260 3
16290 3
16320 3
16350 3
16380 3
16410 3
16440 3
16470 3
16500 3
16530 3
16560 3
16590 3
16620 3
16650 3
16680 3
16710 3
16740 3
16770 3
16800 3
16830 3
16860 3
16890 3
16920 3
16950 3
16980 3
17010 3
17040 3
17070 3
17100 3
17130 3
17160 3
17190 3
17220 3
17250 0
17280 2
17310 2
17340 2
17370 1
17400 1
17430 2
17460 2
17490 2
17520 2
17550 2
17580 2
17610 2
17640 2
17670 2
17700 2
17730 2
17760 2
17790 2
17820 1
17850 2
17880 2
17910 1
17940 2
17970 2
18000 2
18030 0
18060 1
18090 1
18120 2
18150 2
18180 2
18210 1
18240 1
18270 2
18300 1
18330 2
18360 2
18390 2
18420 2
18450 2
18480 2
18510 2
18540 2
18570 2
18600 2
18630 2
18660 2
18690 2
18720 2
18750 2
18780 2
18810 2
18840 2
18870 2
18900 2
18930 2
18960 2
18990 2
19020 2
19050 2
19080 2
19110 2
19140 2
19170 2
19200 2
19230 2
19260 2
19290 2
19320 2
19350 2
19380 2
19410 2
19440 2
19470 2
19500 2
19530 2
19560 2
19590 2
19620 2
19650 2
19680 2
19710 2
19740 2
19770 2
19800 2
19830 2
19860 2
19890 2
19920 2
19950 2
19980 2
20010 2
20040 0
20070 1
20100 1
20130 1
20160 2
20190 2
20220 2
20250 1
20280 2
20310 2
20340 2
20370 0
20400 0
20430 0
20460 0
20490 0
20520 0
20550 0
20580 1
20610 1
20640 2
20670 1
20700 2
20730 2
20760 2
20790 2
20820 2
20850 2
20880 2
20910 2
20940 2
20970 2
21000 1
21030 1
21060 2
21090 2
21120 1
21150 0
21180 1
21210 0
21240 1
21270 2
21300 2
21330 2
21360 0
21390 0
21420 0
21450 0
21480 0
21510 0
21540 0
21570 0
21600 1
21630 2
21660 2
21690 2
21720 2
21750 2
21780 2
21810 2
21840 2
21870 2
21900 2
21930 2
21960 2
21990 2
22020 2
22050 2
22080 2
22110 2
22140 2
22170 2
22200 2
22230 2
22260 5
22290 5
22320 5
22350 5
22380 5
22410 5
22440 5
22470 5
22500 5
22530 5
22560 5
22590 5
22620 5
22650 5
22680 5
22710 5
22740 5
22770 5
22800 5
22830 5
22860 5
22890 5
22920 5
22950 5
22980 5
23010 5
23040 5
23070 5
23100 5
23130 5
23160 5
23190 5
23220 5
23250 5
23280 5
23310 5
23340 5
23370 5
23400 5
23430 5
23460 5
23490 1
23520 1
23550 2
23580 2
23610 2
23640 2
23670 2
23700 2
23730 2
23760 2
23790 2
23820 2
23850 2
23880 2
23910 2
23940 2
23970 2
24000 2
24030 2
24060 2
24090 2
24120 2
24150 2
24180 2
24210 2
24240 2
24270 2
24300 2
24330 2
24360 2
24390 2
24420 2
24450 2
24480 2
24510 2
24540 2
24570 2
24600 2
24630 2
24660 2
24690 2
24720 2
24750 2
24780 2
24810 2
24840 2
24870 2
24900 2
24930 2
24960 2
24990 2
25020 2
25050 2
25080 2
25110 2
25140 2
25170 2
25200 2
25230 2
25260 2
25290 2
25320 2
25350 2
25380 2
25410 2
25440 2
25470 2
25500 2
25530 2
25560 2
25590 3
25620 3
25650 3
25680 3
25710 2
25740 2
25770 2
25800 2
25830 2
25860 2
25890 2
25920 2
25950 2
25980 2
26010 2
26040 2
26070 2
26100 2
26130 2
26160 2
26190 2
26220 2
26250 2
26280 2
26310 2
26340 2
26370 2
26400 2
26430 2
26460 2
26490 2
26520 0
26550 1
26580 2
26610 2
26640 2
26670 2
26700 2
26730 2
26760 2
26790 2
26820 2
26850 2
26880 2
26910 2
26940 2
26970 2
27000 1
27030 0
27060 0
27090 1
27120 1
27150 2
27180 1
27210 2
27240 2
27270 2
27300 2
27330 2
27360 2
27390 2
27420 2
27450 2
27480 2
27510 2
27540 2
27570 2
27600 5
27630 5
27660 5
27690 5
27720 5
27750 5
27780 5
27810 5
27840 5
27870 5
27900 5
27930 5
27960 5
27990 5
28020 5
28050 5
28080 5
28110 5
28140 5
28170 5
28200 5
28230 5
28260 5
28290 5
28320 5
28350 5
28380 5
28410 5
28440 5
28470 5
28500 5
28530 5
28560 5
28590 5
28620 5
28650 5
28680 5
28710 5
28740 5
28770 5
28800 5
28830 0
28860 0
28890 0
28920 0
28950 0
28980 0
29010 0
29040 0
29070 -1
