0 0
30 0
60 0
90 0
120 0
150 0
180 0
210 0
240 0
270 0
300 0
330 0
360 0
390 0
420 0
450 0
480 0
510 0
540 0
570 0
600 0
630 0
660 0
690 0
720 0
750 0
780 1
810 1
840 1
870 1
900 1
930 1
960 1
990 1
1020 1
1050 1
1080 1
1110 2
1140 2
1170 2
1200 2
1230 2
1260 2
1290 2
1320 2
1350 2
1380 2
1410 2
1440 2
1470 2
1500 2
1530 2
1560 2
1590 2
1620 2
1650 2
1680 2
1710 2
1740 2
1770 2
1800 2
1830 2
1860 2
1890 2
1920 2
1950 2
1980 2
2010 2
2040 2
2070 2
2100 2
2130 2
2160 2
2190 2
2220 2
2250 2
2280 2
2310 2
2340 2
2370 2
2400 2
2430 2
2460 2
2490 2
2520 2
2550 2
2580 2
2610 2
2640 2
2670 2
2700 2
2730 2
2760 2
2790 2
2820 2
2850 2
2880 2
2910 2
2940 2
2970 2
3000 2
3030 2
3060 2
3090 2
3120 2
3150 2
3180 2
3210 2
3240 2
3270 2
3300 2
3330 2
3360 2
3390 3
3420 3
3450 3
3480 3
3510 3
3540 3
3570 3
3600 3
3630 3
3660 2
3690 3
3720 3
3750 3
3780 3
3810 3
3840 3
3870 3
3900 2
3930 2
3960 2
3990 2
4020 2
4050 2
4080 3
4110 3
4140 3
4170 3
4200 3
4230 3
4260 2
4290 2
4320 2
4350 2
4380 2
4410 5
4440 5
4470 5
4500 5
4530 5
4560 5
4590 5
4620 5
4650 5
4680 5
4710 5
4740 5
4770 5
4800 5
4830 5
4860 5
4890 5
4920 5
4950 5
4980 5
5010 5
5040 5
5070 5
5100 5
5130 2
5160 2
5190 5
5220 5
5250 5
5280 2
5310 2
5340 2
5370 2
5400 2
5430 2
5460 2
5490 2
5520 2
5550 2
5580 2
5610 2
5640 2
5670 2
5700 0
5730 1
5760 2
5790 2
5820 2
5850 2
5880 2
5910 2
5940 2
5970 2
6000 2
6030 2
6060 2
6090 2
6120 2
6150 2
6180 2
6210 2
6240 2
6270 2
6300 2
6330 2
6360 2
6390 2
6420 2
6450 2
6480 2
6510 2
6540 2
6570 2
6600 2
6630 2
6660 2
6690 2
6720 2
6750 2
6780 2
6810 2
6840 2
6870 2
6900 2
6930 2
6960 2
6990 2
7020 2
7050 2
7080 2
7110 2
7140 2
7170 2
7200 2
7230 2
7260 2
7290 2
7320 2
7350 2
7380 2
7410 2
7440 2
7470 2
7500 2
7530 2
7560 2
7590 2
7620 2
7650 2
7680 2
7710 2
7740 2
7770 2
7800 2
7830 2
7860 2
7890 2
7920 2
7950 2
7980 2
8010 2
8040 2
8070 2
8100 2
8130 2
8160 2
8190 2
8220 2
8250 2
8280 2
8310 2
8340 2
8370 2
8400 2
8430 2
8460 2
8490 2
8520 2
8550 2
8580 3
8610 3
8640 3
8670 3
8700 3
8730 3
8760 3
8790 3
8820 3
8850 3
8880 3
8910 3
8940 2
8970 2
9000 5
9030 5
9060 5
9090 5
9120 2
9150 2
9180 2
9210 5
9240 5
9270 5
9300 5
9330 5
9360 5
9390 5
9420 5
9450 5
9480 5
9510 5
9540 5
9570 5
9600 5
9630 5
9660 5
9690 5
9720 5
9750 5
9780 5
9810 5
9840 5
9870 5
9900 5
9930 5
9960 5
9990 5
10020 5
10050 5
10080 5
10110 5
10140 5
10170 5
10200 5
10230 5
10260 5
10290 5
10320 2
10350 2
10380 2
10410 2
10440 2
10470 2
10500 2
10530 2
10560 2
10590 2
10620 2
10650 2
10680 2
10710 2
10740 2
10770 2
10800 2
10830 2
10860 2
10890 2
10920 2
10950 2
10980 2
11010 2
11040 2
11070 2
11100 2
11130 2
11160 2
11190 2
11220 2
11250 2
11280 2
11310 2
11340 2
11370 2
11400 2
11430 2
11460 2
11490 2
11520 2
11550 2
11580 2
11610 2
11640 2
11670 2
11700 2
11730 2
11760 2
11790 2
11820 0
11850 0
11880 0
11910 0
11940 1
11970 1
12000 1
12030 1
12060 0
12090 0
12120 1
12150 2
12180 2
12210 2
12240 2
12270 2
12300 2
12330 2
12360 2
12390 2
12420 2
12450 2
12480 2
12510 2
12540 0
12570 0
12600 1
12630 0
12660 0
12690 0
12720 0
12750 0
12780 0
12810 0
12840 0
12870 0
12900 0
12930 0
12960 0
12990 0
13020 0
13050 0
13080 0
13110 0
13140 0
13170 0
13200 0
13230 0
13260 0
13290 0
13320 0
13350 0
13380 0
13410 0
13440 1
13470 1
13500 1
13530 1
13560 1
13590 1
13620 1
13650 1
13680 2
13710 2
13740 2
13770 2
13800 2
13830 2
13860 2
13890 2
13920 2
13950 2
13980 2
14010 2
14040 2
14070 2
14100 1
14130 1
14160 1
14190 1
14220 2
14250 1
14280 1
14310 2
14340 2
14370 2
14400 2
14430 2
14460 2
14490 2
14520 0
14550 0
14580 0
14610 1
14640 1
14670 2
14700 2
14730 2
14760 2
14790 2
14820 2
14850 2
14880 2
14910 2
14940 2
14970 2
15000 2
15030 2
15060 2
15090 2
15120 2
15150 2
15180 2
15210 2
15240 2
15270 2
15300 2
15330 0
15360 1
15390 1
15420 2
15450 2
15480 1
15510 1
15540 1
15570 2
15600 2
15630 2
15660 2
15690 2
15720 2
15750 2
15780 2
15810 2
15840 5
15870 5
15900 5
15930 5
15960 5
15990 5
16020 5
16050 5
16080 5
16110 5
16140 5
16170 5
16200 5
16230 5
16260 5
16290 5
16320 5
16350 5
16380 5
16410 5
16440 5
16470 5
16500 5
16530 5
16560 5
16590 5
16620 5
16650 5
16680 5
16710 5
16740 5
16770 5
16800 5
16830 5
16860 5
16890 5
16920 5
16950 5
16980 5
17010 5
17040 5
17070 5
17100 5
17130 5
17160 5
17190 5
17220 5
17250 5
17280 5
17310 5
17340 5
17370 5
17400 5
17430 5
17460 5
17490 5
17520 5
17550 5
17580 5
17610 5
17640 5
17670 5
17700 5
17730 5
17760 5
17790 5
17820 5
17850 5
17880 5
17910 5
17940 5
17970 5
18000 5
18030 5
18060 5
18090 5
18120 5
18150 5
18180 5
18210 5
18240 5
18270 5
18300 5
18330 5
18360 5
18390 5
18420 5
18450 5
18480 5
18510 1
18540 2
18570 2
18600 2
18630 2
18660 2
18690 2
18720 2
18750 2
18780 2
18810 2
18840 2
18870 2
18900 2
18930 2
18960 2
18990 2
19020 2
19050 2
19080 2
19110 2
19140 2
19170 2
19200 2
19230 2
19260 2
19290 2
19320 2
19350 2
19380 2
19410 2
19440 2
19470 2
19500 2
19530 2
19560 2
19590 2
19620 2
19650 2
19680 2
19710 2
19740 2
19770 2
19800 2
19830 2
19860 2
19890 2
19920 3
19950 3
19980 2
20010 2
20040 2
20070 3
20100 3
20130 3
20160 3
20190 3
20220 3
20250 3
20280 3
20310 3
20340 3
20370 3
20400 3
20430 3
20460 3
20490 3
20520 3
20550 3
20580 3
20610 3
20640 1
20670 2
20700 2
20730 0
20760 1
20790 2
20820 2
20850 2
20880 2
20910 2
20940 2
20970 2
21000 2
21030 2
21060 2
21090 2
21120 2
21150 2
21180 2
21210 2
21240 2
21270 2
21300 2
21330 2
21360 2
21390 2
21420 2
21450 2
21480 2
21510 1
21540 0
21570 1
21600 1
21630 1
21660 2
21690 2
21720 2
21750 2
21780 2
21810 2
21840 2
21870 2
21900 2
21930 2
21960 2
21990 2
22020 2
22050 2
22080 2
22110 2
22140 2
22170 2
22200 2
22230 2
22260 2
22290 2
22320 2
22350 2
22380 2
22410 2
22440 5
22470 5
22500 5
22530 5
22560 5
22590 5
22620 5
22650 5
22680 5
22710 5
22740 5
22770 5
22800 5
22830 5
22860 5
22890 5
22920 5
22950 5
22980 5
23010 5
23040 5
23070 5
23100 5
23130 5
23160 5
23190 5
23220 5
23250 5
23280 5
23310 5
23340 5
23370 5
23400 5
23430 5
23460 5
23490 5
23520 5
23550 5
23580 5
23610 5
23640 5
23670 5
23700 5
23730 5
23760 5
23790 5
23820 5
23850 5
23880 5
23910 5
23940 5
23970 5
24000 5
24030 5
24060 5
24090 5
24120 5
24150 5
24180 5
24210 5
24240 5
24270 5
24300 5
24330 5
24360 5
24390 5
24420 5
24450 5
24480 5
24510 5
24540 5
24570 5
24600 5
24630 5
24660 5
24690 5
24720 5
24750 1
24780 5
24810 5
24840 2
24870 2
24900 2
24930 2
24960 2
24990 2
25020 2
25050 2
25080 2
25110 2
25140 2
25170 2
25200 2
25230 2
25260 2
25290 2
25320 2
25350 2
25380 2
25410 2
25440 2
25470 2
25500 2
25530 2
25560 2
25590 2
25620 2
25650 2
25680 2
25710 2
25740 2
25770 2
25800 2
25830 2
25860 2
25890 2
25920 2
25950 2
25980 2
26010 2
26040 2
26070 2
26100 2
26130 2
26160 2
26190 2
26220 2
26250 2
26280 2
26310 2
26340 2
26370 2
26400 2
26430 2
26460 2
26490 2
26520 2
26550 2
26580 2
26610 2
26640 2
26670 2
26700 2
26730 2
26760 2
26790 0
26820 1
26850 1
26880 0
26910 1
26940 2
26970 1
27000 1
27030 2
27060 2
27090 1
27120 2
27150 1
27180 1
27210 5
27240 5
27270 5
27300 5
27330 5
27360 5
27390 5
27420 5
27450 5
27480 5
27510 5
27540 5
27570 5
27600 5
27630 5
27660 5
27690 5
27720 5
27750 5
27780 5
27810 5
27840 5
27870 5
27900 5
27930 5
27960 5
27990 5
28020 5
28050 5
28080 5
28110 5
28140 5
28170 5
28200 5
28230 5
28260 5
28290 5
28320 5
28350 5
28380 5
28410 5
28440 5
28470 5
28500 5
28530 5
28560 5
28590 5
28620 5
28650 5
28680 5
28710 5
28740 5
28770 5
28800 5
28830 5
28860 5
28890 5
28920 5
28950 5
28980 5
29010 1
29040 1
29070 1
29100 1
29130 1
29160 1
29190 5
29220 5
29250 5
29280 5
29310 5
29340 5
29370 5
