0 -1
30 -1
60 -1
90 -1
120 -1
150 -1
180 -1
210 -1
240 -1
270 -1
300 -1
330 -1
360 -1
390 0
420 0
450 0
480 0
510 0
540 0
570 0
600 0
630 0
660 0
690 0
720 0
750 0
780 0
810 0
840 0
870 0
900 0
930 0
960 0
990 0
1020 0
1050 0
1080 0
1110 0
1140 0
1170 0
1200 0
1230 0
1260 0
1290 0
1320 0
1350 0
1380 0
1410 1
1440 1
1470 1
1500 1
1530 2
1560 2
1590 2
1620 2
1650 2
1680 2
1710 2
1740 2
1770 2
1800 2
1830 2
1860 2
1890 2
1920 2
1950 2
1980 2
2010 2
2040 2
2070 3
2100 3
2130 3
2160 3
2190 3
2220 3
2250 3
2280 3
2310 3
2340 3
2370 3
2400 3
2430 3
2460 3
2490 3
2520 3
2550 3
2580 3
2610 3
2640 3
2670 3
2700 3
2730 3
2760 3
2790 3
2820 3
2850 3
2880 3
2910 3
2940 3
2970 3
3000 3
3030 3
3060 3
3090 3
3120 3
3150 3
3180 3
3210 3
3240 3
3270 3
3300 3
3330 3
3360 3
3390 3
3420 3
3450 3
3480 3
3510 3
3540 3
3570 3
3600 3
3630 3
3660 3
3690 0
3720 0
3750 0
3780 0
3810 1
3840 2
3870 2
3900 2
3930 2
3960 2
3990 3
4020 3
4050 3
4080 3
4110 3
4140 3
4170 3
4200 3
4230 3
4260 3
4290 3
4320 3
4350 0
4380 2
4410 2
4440 5
4470 5
4500 5
4530 5
4560 5
4590 5
4620 5
4650 5
4680 5
4710 5
4740 5
4770 5
4800 5
4830 5
4860 5
4890 5
4920 5
4950 5
4980 5
5010 5
5040 5
5070 5
5100 5
5130 5
5160 5
5190 5
5220 5
5250 5
5280 5
5310 5
5340 5
5370 5
5400 5
5430 5
5460 5
5490 5
5520 5
5550 5
5580 5
5610 5
5640 5
5670 5
5700 5
5730 5
5760 5
5790 5
5820 5
5850 5
5880 5
5910 5
5940 5
5970 5
6000 5
6030 5
6060 5
6090 5
6120 5
6150 5
6180 5
6210 2
6240 2
6270 2
6300 2
6330 2
6360 2
6390 2
6420 2
6450 2
6480 2
6510 2
6540 2
6570 2
6600 2
6630 2
6660 2
6690 2
6720 2
6750 2
6780 2
6810 2
6840 2
6870 2
6900 2
6930 2
6960 2
6990 2
7020 2
7050 2
7080 2
7110 2
7140 2
7170 2
7200 2
7230 2
7260 3
7290 3
7320 3
7350 3
7380 3
7410 3
7440 3
7470 3
7500 3
7530 3
7560 3
7590 3
7620 3
7650 3
7680 3
7710 3
7740 3
7770 3
7800 3
7830 3
7860 3
7890 3
7920 3
7950 3
7980 3
8010 3
8040 3
8070 3
8100 3
8130 3
8160 3
8190 3
8220 3
8250 3
8280 3
8310 3
8340 3
8370 3
8400 3
8430 3
8460 3
8490 3
8520 3
8550 3
8580 3
8610 3
8640 3
8670 3
8700 3
8730 3
8760 3
8790 3
8820 3
8850 3
8880 3
8910 3
8940 3
8970 3
9000 3
9030 3
9060 3
9090 3
9120 3
9150 3
9180 3
9210 3
9240 3
9270 3
9300 3
9330 3
9360 3
9390 3
9420 3
9450 3
9480 3
9510 3
9540 0
9570 1
9600 1
9630 2
9660 2
9690 2
9720 2
9750 2
9780 2
9810 2
9840 2
9870 2
9900 2
9930 2
9960 2
9990 1
10020 2
10050 2
10080 1
10110 1
10140 1
10170 2
10200 1
10230 1
10260 5
10290 5
10320 5
10350 5
10380 5
10410 5
10440 5
10470 5
10500 5
10530 5
10560 5
10590 5
10620 5
10650 5
10680 5
10710 5
10740 5
10770 5
10800 5
10830 5
10860 5
10890 5
10920 5
10950 5
10980 5
11010 5
11040 5
11070 5
11100 5
11130 5
11160 5
11190 5
11220 5
11250 5
11280 5
11310 5
11340 5
11370 5
11400 5
11430 5
11460 5
11490 5
11520 5
11550 5
11580 5
11610 5
11640 5
11670 5
11700 5
11730 5
11760 5
11790 5
11820 5
11850 5
11880 5
11910 0
11940 1
11970 1
12000 2
12030 2
12060 2
12090 2
12120 2
12150 2
12180 2
12210 2
12240 2
12270 2
12300 0
12330 0
12360 0
12390 1
12420 2
12450 2
12480 2
12510 2
12540 2
12570 2
12600 2
12630 2
12660 2
12690 2
12720 2
12750 2
12780 1
12810 2
12840 2
12870 2
12900 2
12930 2
12960 2
12990 2
13020 2
13050 2
13080 2
13110 2
13140 2
13170 2
13200 2
13230 2
13260 2
13290 2
13320 2
13350 2
13380 2
13410 2
13440 2
13470 2
13500 2
13530 2
13560 2
13590 2
13620 2
13650 2
13680 2
13710 2
13740 2
13770 2
13800 3
13830 3
13860 3
13890 3
13920 3
13950 3
13980 3
14010 3
14040 3
14070 3
14100 3
14130 3
14160 3
14190 3
14220 0
14250 0
14280 1
14310 1
14340 2
14370 2
14400 2
14430 2
14460 2
14490 2
14520 2
14550 2
14580 2
14610 2
14640 2
14670 2
14700 2
14730 2
14760 2
14790 2
14820 2
14850 2
14880 2
14910 2
14940 2
14970 2
15000 2
15030 2
15060 2
15090 2
15120 2
15150 2
15180 0
15210 0
15240 1
15270 1
15300 2
15330 2
15360 2
15390 1
15420 2
15450 2
15480 2
15510 2
15540 2
15570 2
15600 2
15630 2
15660 2
15690 0
15720 0
15750 1
15780 1
15810 1
15840 0
15870 1
15900 1
15930 1
15960 1
15990 0
16020 0
16050 0
16080 0
16110 0
16140 0
16170 0
16200 0
16230 0
16260 0
16290 0
16320 0
16350 0
16380 0
16410 0
16440 0
16470 0
16500 0
16530 0
16560 0
16590 0
16620 0
16650 0
16680 0
16710 0
16740 0
16770 0
16800 0
16830 0
16860 0
16890 0
16920 0
16950 0
16980 0
