0 0
30 0
60 0
90 0
120 0
150 0
180 0
210 0
240 0
270 0
300 0
330 0
360 0
390 0
420 0
450 0
480 0
510 0
540 0
570 0
600 0
630 0
660 1
690 1
720 1
750 1
780 1
810 1
840 1
870 2
900 0
930 1
960 1
990 2
1020 2
1050 2
1080 1
1110 2
1140 2
1170 2
1200 2
1230 2
1260 2
1290 2
1320 2
1350 2
1380 2
1410 2
1440 2
1470 2
1500 3
1530 3
1560 3
1590 3
1620 3
1650 3
1680 3
1710 3
1740 3
1770 3
1800 3
1830 3
1860 3
1890 3
1920 3
1950 3
1980 3
2010 3
2040 3
2070 3
2100 3
2130 3
2160 3
2190 3
2220 3
2250 3
2280 3
2310 3
2340 3
2370 3
2400 3
2430 3
2460 3
2490 3
2520 3
2550 3
2580 3
2610 3
2640 3
2670 3
2700 3
2730 3
2760 3
2790 3
2820 3
2850 3
2880 3
2910 3
2940 3
2970 3
3000 3
3030 3
3060 3
3090 3
3120 3
3150 3
3180 3
3210 3
3240 3
3270 3
3300 3
3330 3
3360 3
3390 3
3420 3
3450 3
3480 3
3510 3
3540 3
3570 3
3600 3
3630 3
3660 3
3690 3
3720 3
3750 3
3780 3
3810 3
3840 3
3870 3
3900 3
3930 3
3960 3
3990 3
4020 3
4050 3
4080 3
4110 3
4140 3
4170 3
4200 3
4230 3
4260 3
4290 3
4320 3
4350 3
4380 3
4410 3
4440 3
4470 1
4500 2
4530 2
4560 0
4590 2
4620 2
4650 2
4680 2
4710 2
4740 2
4770 2
4800 2
4830 2
4860 2
4890 2
4920 2
4950 3
4980 3
5010 3
5040 3
5070 3
5100 3
5130 3
5160 3
5190 3
5220 3
5250 2
5280 3
5310 3
5340 3
5370 3
5400 3
5430 3
5460 3
5490 3
5520 3
5550 3
5580 3
5610 3
5640 3
5670 3
5700 3
5730 3
5760 3
5790 3
5820 3
5850 3
5880 3
5910 3
5940 3
5970 3
6000 3
6030 3
6060 3
6090 3
6120 3
6150 3
6180 3
6210 3
6240 3
6270 3
6300 3
6330 3
6360 3
6390 3
6420 3
6450 3
6480 2
6510 2
6540 2
6570 2
6600 2
6630 2
6660 2
6690 3
6720 3
6750 3
6780 0
6810 2
6840 2
6870 1
6900 2
6930 2
6960 0
6990 0
7020 2
7050 2
7080 1
7110 2
7140 2
7170 2
7200 2
7230 2
7260 2
7290 2
7320 2
7350 1
7380 2
7410 2
7440 2
7470 1
7500 1
7530 1
7560 2
7590 2
7620 1
7650 2
7680 2
7710 2
7740 1
7770 2
7800 2
7830 2
7860 2
7890 2
7920 2
7950 2
7980 2
8010 2
8040 2
8070 2
8100 2
8130 2
8160 2
8190 2
8220 2
8250 2
8280 2
8310 2
8340 2
8370 2
8400 2
8430 2
8460 1
8490 2
8520 2
8550 1
8580 1
8610 2
8640 2
8670 2
8700 2
8730 2
8760 2
8790 2
8820 2
8850 2
8880 2
8910 2
8940 1
8970 1
9000 2
9030 2
9060 2
9090 1
9120 2
9150 2
9180 2
9210 2
9240 2
9270 1
9300 2
9330 2
9360 2
9390 2
9420 1
9450 1
9480 2
9510 1
9540 1
9570 1
9600 2
9630 1
9660 1
9690 1
9720 2
9750 2
9780 2
9810 1
9840 1
9870 2
9900 1
9930 2
9960 2
9990 2
10020 2
10050 2
10080 0
10110 0
10140 1
10170 1
10200 1
10230 2
10260 2
10290 0
10320 1
10350 2
10380 2
10410 2
10440 1
10470 2
10500 1
10530 2
10560 2
10590 2
10620 0
10650 1
10680 2
10710 1
10740 2
10770 1
10800 2
10830 2
10860 1
10890 1
10920 2
10950 2
10980 1
11010 2
11040 2
11070 2
11100 2
11130 2
11160 2
11190 2
11220 1
11250 2
11280 2
11310 2
11340 2
11370 2
11400 2
11430 0
11460 2
11490 2
11520 1
11550 2
11580 2
11610 2
11640 2
11670 2
11700 2
11730 1
11760 1
11790 2
11820 1
11850 2
11880 2
11910 2
11940 2
11970 2
12000 2
12030 1
12060 1
12090 2
12120 1
12150 2
12180 2
12210 2
12240 2
12270 1
12300 2
12330 2
12360 2
12390 2
12420 1
12450 2
12480 2
12510 2
12540 2
12570 2
12600 2
12630 2
12660 2
12690 2
12720 2
12750 2
12780 2
12810 2
12840 2
12870 2
12900 2
12930 2
12960 2
12990 2
13020 2
13050 2
13080 2
13110 2
13140 2
13170 2
13200 0
13230 2
13260 2
13290 2
13320 2
13350 2
13380 2
13410 2
13440 2
13470 2
13500 2
13530 2
13560 2
13590 2
13620 2
13650 2
13680 2
13710 2
13740 2
13770 2
13800 2
13830 2
13860 2
13890 2
13920 2
