0 0
30 0
60 0
90 0
120 0
150 0
180 0
210 0
240 0
270 0
300 0
330 0
360 0
390 0
420 0
450 0
480 0
510 0
540 0
570 4
600 4
630 4
660 0
690 0
720 0
750 0
780 0
810 0
840 0
870 0
900 0
930 0
960 0
990 0
1020 0
1050 0
1080 0
1110 0
1140 0
1170 0
1200 0
1230 1
1260 1
1290 1
1320 1
1350 1
1380 1
1410 1
1440 1
1470 1
1500 2
1530 2
1560 2
1590 2
1620 2
1650 2
1680 2
1710 2
1740 2
1770 2
1800 2
1830 2
1860 2
1890 1
1920 2
1950 2
1980 2
2010 2
2040 2
2070 2
2100 2
2130 2
2160 2
2190 2
2220 3
2250 3
2280 4
2310 4
2340 4
2370 4
2400 4
2430 4
2460 4
2490 4
2520 4
2550 4
2580 4
2610 4
2640 4
2670 3
2700 4
2730 4
2760 4
2790 4
2820 4
2850 4
2880 4
2910 4
2940 4
2970 4
3000 4
3030 4
3060 4
3090 4
3120 4
3150 4
3180 4
3210 4
3240 4
3270 4
3300 4
3330 4
3360 4
3390 4
3420 4
3450 4
3480 3
3510 4
3540 4
3570 4
3600 4
3630 4
3660 4
3690 4
3720 4
3750 4
3780 4
3810 4
3840 4
3870 4
3900 4
3930 4
3960 4
3990 4
4020 4
4050 4
4080 4
4110 4
4140 4
4170 4
4200 4
4230 4
4260 4
4290 4
4320 4
4350 4
4380 4
4410 4
4440 4
4470 4
4500 4
4530 0
4560 1
4590 1
4620 2
4650 2
4680 2
4710 5
4740 5
4770 5
4800 5
4830 5
4860 5
4890 5
4920 5
4950 5
4980 5
5010 5
5040 5
5070 5
5100 2
5130 2
5160 5
5190 5
5220 5
5250 5
5280 5
5310 5
5340 5
5370 5
5400 5
5430 5
5460 5
5490 5
5520 5
5550 5
5580 5
5610 5
5640 5
5670 5
5700 5
5730 1
5760 2
5790 2
5820 2
5850 2
5880 2
5910 2
5940 2
5970 2
6000 2
6030 2
6060 2
6090 1
6120 1
6150 2
6180 2
6210 2
6240 2
6270 2
6300 2
6330 2
6360 2
6390 2
6420 2
6450 3
6480 2
6510 3
6540 3
6570 3
6600 3
6630 3
6660 3
6690 3
6720 3
6750 3
6780 3
6810 2
6840 2
6870 2
6900 3
6930 3
6960 4
6990 4
7020 4
7050 4
7080 4
7110 4
7140 4
7170 4
7200 4
7230 4
7260 4
7290 4
7320 4
7350 3
7380 3
7410 4
7440 4
7470 4
7500 4
7530 4
7560 4
7590 4
7620 4
7650 4
7680 4
7710 4
7740 4
7770 4
7800 4
7830 3
7860 4
7890 4
7920 4
7950 4
7980 4
8010 4
8040 4
8070 4
8100 4
8130 4
8160 4
8190 4
8220 4
8250 4
8280 4
8310 1
8340 2
8370 2
8400 2
8430 2
8460 2
8490 2
8520 2
8550 2
8580 2
8610 2
8640 2
8670 3
8700 3
8730 3
8760 4
8790 4
8820 4
8850 4
8880 4
8910 4
8940 4
8970 4
9000 4
9030 4
9060 4
9090 4
9120 3
9150 3
9180 2
9210 2
9240 2
9270 2
9300 2
9330 2
9360 2
9390 2
9420 2
9450 2
9480 2
9510 5
9540 5
9570 5
9600 5
9630 5
9660 5
9690 5
9720 5
9750 5
9780 5
9810 5
9840 5
9870 5
9900 5
9930 5
9960 5
9990 5
10020 5
10050 5
10080 5
10110 5
10140 5
10170 1
10200 1
10230 5
10260 5
10290 5
10320 5
10350 5
10380 5
10410 5
10440 5
10470 5
10500 5
10530 5
10560 5
10590 5
10620 5
10650 5
10680 5
10710 5
10740 5
10770 5
10800 5
10830 5
10860 5
10890 5
10920 5
10950 5
10980 5
11010 5
11040 5
11070 1
11100 2
11130 2
11160 5
11190 5
11220 5
11250 5
11280 5
11310 5
11340 5
11370 5
11400 1
11430 1
11460 2
11490 2
11520 2
11550 2
11580 2
11610 2
11640 2
11670 2
11700 2
11730 2
11760 2
11790 2
11820 2
11850 2
11880 2
11910 2
11940 2
11970 2
12000 2
12030 2
12060 2
12090 2
12120 2
12150 2
12180 2
12210 2
12240 2
12270 2
12300 2
12330 2
12360 2
12390 2
12420 2
12450 2
12480 2
12510 2
12540 2
12570 2
12600 2
12630 2
12660 2
12690 2
12720 2
12750 2
12780 2
12810 2
12840 2
12870 2
12900 2
12930 2
12960 2
12990 2
13020 2
13050 2
13080 2
13110 2
13140 2
13170 2
13200 2
13230 2
13260 2
13290 3
13320 3
13350 3
13380 3
13410 3
13440 3
13470 3
13500 3
13530 3
13560 4
13590 4
13620 4
13650 4
13680 4
13710 4
13740 4
13770 4
13800 4
13830 4
13860 4
13890 4
13920 4
13950 4
13980 4
14010 4
14040 4
14070 4
14100 4
14130 4
14160 4
14190 4
14220 4
14250 4
14280 4
14310 4
14340 4
14370 4
14400 4
14430 4
14460 4
14490 4
14520 4
14550 4
14580 4
14610 4
14640 4
14670 4
14700 4
14730 4
14760 4
14790 4
14820 4
14850 4
14880 4
14910 4
14940 4
14970 4
15000 4
15030 4
15060 4
15090 4
15120 4
15150 4
15180 4
15210 4
15240 4
15270 4
15300 4
15330 4
15360 2
15390 2
15420 2
15450 1
15480 2
15510 2
15540 2
15570 2
15600 2
15630 2
15660 2
15690 2
15720 2
15750 2
15780 5
15810 5
15840 5
15870 5
15900 5
15930 5
15960 5
15990 5
16020 5
16050 5
16080 5
16110 5
16140 1
16170 1
16200 1
16230 1
16260 5
16290 5
16320 5
16350 5
16380 5
16410 1
16440 1
16470 2
16500 2
16530 2
16560 2
16590 2
16620 2
16650 2
16680 2
16710 2
16740 2
16770 2
16800 2
16830 2
16860 2
16890 2
16920 2
16950 2
16980 2
17010 2
17040 2
17070 2
17100 2
17130 2
17160 2
17190 2
17220 2
17250 2
17280 2
17310 2
17340 2
17370 2
17400 2
17430 2
17460 2
17490 2
17520 2
17550 2
17580 2
17610 2
17640 2
17670 2
17700 1
17730 1
17760 1
17790 2
17820 2
17850 2
17880 2
17910 2
17940 2
17970 1
18000 2
18030 1
18060 2
18090 2
18120 2
18150 2
18180 1
18210 2
18240 2
18270 2
18300 2
18330 2
18360 2
18390 2
18420 2
18450 2
18480 2
18510 2
18540 2
18570 2
18600 2
18630 2
18660 2
18690 2
18720 2
18750 2
18780 2
18810 2
18840 2
18870 2
18900 2
18930 2
18960 2
18990 2
19020 5
19050 5
19080 5
19110 5
19140 5
19170 5
19200 5
19230 5
19260 5
19290 5
19320 5
19350 5
19380 5
19410 5
19440 5
19470 5
19500 5
19530 5
19560 5
19590 5
19620 5
19650 5
19680 5
19710 5
19740 5
19770 5
19800 5
19830 5
19860 5
19890 5
19920 5
19950 5
19980 5
20010 5
20040 5
20070 5
20100 5
20130 5
20160 5
20190 5
20220 5
20250 5
20280 5
20310 5
20340 5
20370 5
20400 5
20430 5
20460 5
20490 5
20520 5
20550 5
20580 5
20610 5
20640 5
20670 5
20700 5
20730 5
20760 5
20790 5
20820 5
20850 5
20880 5
20910 5
20940 5
20970 5
21000 5
21030 5
21060 5
21090 5
21120 -1
21150 1
21180 1
21210 1
21240 1
21270 1
21300 1
21330 1
21360 5
21390 5
21420 5
21450 5
21480 5
21510 5
21540 5
21570 5
21600 5
21630 5
21660 5
21690 5
21720 5
21750 5
21780 5
21810 5
21840 5
21870 5
21900 5
21930 5
21960 5
21990 5
22020 5
22050 5
22080 5
22110 5
22140 5
22170 5
22200 2
22230 2
22260 2
22290 2
22320 2
22350 2
22380 2
22410 2
22440 2
22470 2
22500 2
22530 2
22560 2
22590 2
22620 2
22650 2
22680 2
22710 2
22740 2
22770 2
22800 2
22830 2
22860 2
22890 2
22920 2
22950 2
22980 2
23010 2
23040 2
23070 2
23100 2
23130 2
23160 2
23190 2
23220 2
23250 2
23280 2
23310 2
23340 2
23370 2
23400 2
23430 2
23460 2
23490 2
23520 1
23550 1
23580 2
23610 2
23640 2
23670 2
23700 2
23730 2
23760 2
23790 2
23820 2
23850 2
23880 2
23910 2
23940 2
23970 2
24000 2
24030 2
24060 2
24090 2
24120 2
24150 2
24180 2
24210 2
24240 2
24270 2
24300 2
24330 2
24360 2
24390 2
24420 2
24450 2
24480 2
24510 2
24540 2
24570 2
24600 2
24630 1
24660 1
24690 2
24720 2
24750 2
24780 2
24810 2
24840 2
24870 2
24900 2
24930 2
24960 2
24990 2
25020 2
25050 2
25080 2
25110 2
25140 5
25170 5
25200 5
25230 5
25260 5
25290 5
25320 5
25350 5
25380 5
25410 5
25440 5
25470 5
25500 5
25530 5
25560 5
25590 5
25620 5
25650 5
25680 5
25710 -1
25740 1
25770 5
25800 5
25830 5
25860 5
25890 5
25920 5
25950 5
25980 5
26010 5
26040 5
26070 5
26100 5
26130 5
26160 5
26190 5
26220 5
26250 5
26280 0
26310 1
26340 1
26370 1
26400 1
26430 1
26460 5
26490 5
26520 5
26550 5
26580 5
26610 5
26640 5
26670 5
26700 5
26730 5
26760 5
26790 5
26820 5
26850 5
26880 5
26910 5
26940 5
26970 5
27000 5
27030 5
27060 5
27090 5
27120 5
27150 5
27180 5
27210 5
27240 5
27270 5
27300 2
27330 2
27360 1
27390 2
27420 2
27450 2
27480 2
27510 2
27540 2
27570 2
27600 2
27630 2
27660 2
27690 2
27720 2
27750 2
27780 2
27810 2
27840 2
27870 2
27900 2
27930 2
27960 2
27990 2
28020 2
28050 2
28080 2
28110 2
28140 2
28170 2
28200 2
28230 2
28260 2
28290 2
28320 2
28350 2
28380 2
28410 2
28440 2
28470 2
28500 2
28530 2
28560 2
28590 2
28620 2
28650 2
28680 2
28710 2
28740 2
28770 2
28800 2
28830 2
28860 2
28890 2
28920 2
28950 2
28980 2
29010 2
29040 2
29070 2
29100 2
29130 2
29160 2
29190 2
29220 2
29250 2
29280 2
29310 2
