0 -1
30 -1
60 -1
90 -1
120 -1
150 -1
180 -1
210 -1
240 -1
270 -1
300 -1
330 0
360 0
390 0
420 0
450 0
480 0
510 0
540 0
570 0
600 0
630 1
660 1
690 1
720 1
750 1
780 1
810 1
840 1
870 1
900 1
930 0
960 0
990 1
1020 0
1050 0
1080 1
1110 2
1140 2
1170 2
1200 2
1230 2
1260 2
1290 2
1320 2
1350 2
1380 2
1410 2
1440 2
1470 2
1500 2
1530 2
1560 2
1590 2
1620 2
1650 2
1680 2
1710 2
1740 2
1770 2
1800 2
1830 2
1860 2
1890 2
1920 2
1950 2
1980 2
2010 2
2040 2
2070 2
2100 2
2130 2
2160 2
2190 2
2220 2
2250 2
2280 2
2310 2
2340 2
2370 2
2400 2
2430 2
2460 3
2490 3
2520 3
2550 3
2580 3
2610 3
2640 3
2670 3
2700 3
2730 3
2760 3
2790 3
2820 3
2850 3
2880 3
2910 3
2940 3
2970 3
3000 3
3030 3
3060 3
3090 3
3120 3
3150 3
3180 3
3210 3
3240 3
3270 3
3300 3
3330 3
3360 3
3390 3
3420 3
3450 3
3480 3
3510 3
3540 3
3570 3
3600 3
3630 3
3660 2
3690 3
3720 3
3750 2
3780 2
3810 3
3840 2
3870 3
3900 3
3930 3
3960 3
3990 3
4020 3
4050 3
4080 3
4110 3
4140 3
4170 3
4200 3
4230 3
4260 3
4290 2
4320 2
4350 2
4380 2
4410 1
4440 2
4470 2
4500 2
4530 2
4560 2
4590 2
4620 2
4650 2
4680 2
4710 2
4740 2
4770 2
4800 2
4830 2
4860 2
4890 2
4920 2
4950 2
4980 2
5010 2
5040 2
5070 2
5100 2
5130 2
5160 2
5190 2
5220 2
5250 2
5280 2
5310 2
5340 2
5370 2
5400 2
5430 2
5460 2
5490 2
5520 2
5550 2
5580 2
5610 2
5640 2
5670 2
5700 2
5730 2
5760 2
5790 0
5820 1
5850 2
5880 2
5910 2
5940 2
5970 2
6000 2
6030 2
6060 2
6090 2
6120 2
6150 2
6180 2
6210 2
6240 2
6270 2
6300 2
6330 2
6360 2
6390 2
6420 2
6450 2
6480 2
6510 2
6540 2
6570 2
6600 2
6630 2
6660 2
6690 2
6720 2
6750 2
6780 2
6810 2
6840 2
6870 2
6900 2
6930 2
6960 2
6990 2
7020 2
7050 2
7080 3
7110 3
7140 3
7170 3
7200 3
7230 3
7260 3
7290 3
7320 3
7350 3
7380 3
7410 3
7440 3
7470 3
7500 3
7530 3
7560 3
7590 3
7620 3
7650 2
7680 2
7710 2
7740 3
7770 3
7800 3
7830 3
7860 3
7890 3
7920 3
7950 3
7980 3
8010 3
8040 3
8070 3
8100 3
8130 3
8160 3
8190 3
8220 3
8250 3
8280 3
8310 3
8340 3
8370 3
8400 3
8430 3
8460 3
8490 3
8520 3
8550 3
8580 3
8610 3
8640 3
8670 3
8700 3
8730 3
8760 0
8790 0
8820 1
8850 2
8880 0
8910 2
8940 2
8970 0
9000 0
9030 0
9060 0
9090 1
9120 1
9150 2
9180 2
9210 2
9240 2
9270 2
9300 2
9330 2
9360 2
9390 2
9420 2
9450 2
9480 2
9510 2
9540 2
9570 2
9600 2
9630 2
9660 2
9690 2
9720 2
9750 2
9780 2
9810 2
9840 2
9870 2
9900 2
9930 2
9960 2
9990 2
10020 2
10050 2
10080 2
10110 2
10140 2
10170 2
10200 2
10230 2
10260 2
10290 2
10320 2
10350 2
10380 2
10410 0
10440 0
10470 0
10500 0
10530 0
10560 0
10590 0
10620 0
10650 0
10680 0
10710 0
10740 0
10770 0
10800 0
10830 0
10860 0
10890 0
10920 0
10950 0
10980 0
11010 0
11040 0
11070 0
11100 0
11130 0
11160 0
11190 0
11220 0
11250 0
11280 0
11310 0
11340 0
11370 0
11400 0
11430 0
11460 0
11490 0
11520 0
11550 0
11580 0
11610 0
11640 0
11670 0
11700 0
11730 0
11760 0
11790 0
11820 0
11850 0
11880 0
11910 0
11940 0
11970 0
12000 0
12030 0
12060 0
12090 0
12120 0
12150 0
12180 0
12210 0
12240 0
12270 0
12300 0
12330 0
12360 0
12390 0
12420 0
12450 0
12480 0
12510 0
12540 0
12570 0
12600 0
12630 1
12660 1
12690 1
12720 1
12750 1
12780 2
12810 1
12840 1
12870 0
12900 0
12930 0
12960 0
12990 0
13020 1
13050 1
13080 1
13110 1
13140 1
13170 1
13200 1
13230 1
13260 1
13290 0
13320 0
13350 1
13380 1
13410 2
13440 1
13470 2
13500 2
13530 1
13560 2
13590 2
13620 0
13650 1
13680 1
13710 2
13740 2
13770 2
13800 2
13830 2
13860 2
13890 2
13920 2
13950 2
13980 2
14010 2
14040 2
14070 2
14100 2
14130 2
14160 2
14190 2
14220 2
14250 0
14280 1
14310 2
14340 2
14370 2
14400 2
14430 2
14460 2
14490 2
14520 2
14550 2
14580 1
14610 2
14640 2
14670 2
14700 2
14730 2
14760 2
14790 2
14820 2
14850 5
14880 5
14910 5
14940 5
14970 5
15000 5
15030 5
15060 5
15090 5
15120 5
15150 5
15180 5
15210 5
15240 5
15270 5
15300 5
15330 5
15360 5
15390 5
15420 5
15450 5
15480 5
15510 5
15540 5
15570 5
15600 5
15630 5
15660 5
15690 5
15720 5
15750 5
15780 5
15810 5
15840 5
15870 5
15900 5
15930 5
15960 5
15990 5
16020 5
16050 5
16080 5
16110 5
16140 5
16170 5
16200 5
16230 5
16260 5
16290 5
16320 5
16350 5
16380 5
16410 5
16440 5
16470 5
16500 5
16530 5
16560 5
16590 5
16620 5
16650 5
16680 5
16710 5
16740 5
16770 5
16800 5
16830 5
16860 5
16890 5
16920 1
16950 2
16980 2
17010 2
17040 2
17070 2
17100 2
17130 2
17160 2
17190 2
17220 2
17250 2
17280 2
17310 2
17340 2
17370 0
17400 1
17430 2
17460 2
17490 2
17520 2
17550 2
17580 2
17610 2
17640 2
17670 2
17700 2
17730 2
17760 2
17790 2
17820 2
17850 2
17880 2
17910 2
17940 2
17970 2
18000 2
18030 2
18060 2
18090 2
18120 2
18150 2
18180 2
18210 2
18240 2
18270 2
18300 2
18330 2
18360 2
18390 2
18420 3
18450 3
18480 3
18510 3
18540 3
18570 3
18600 3
18630 3
18660 3
18690 3
18720 3
18750 3
18780 3
18810 3
18840 3
18870 3
18900 3
18930 3
18960 3
18990 3
19020 3
19050 3
19080 3
19110 3
19140 3
19170 3
19200 3
19230 3
19260 3
19290 3
19320 3
19350 3
19380 3
19410 3
19440 3
19470 3
19500 3
19530 3
19560 3
19590 3
19620 3
19650 3
19680 3
19710 3
19740 3
19770 3
19800 3
19830 2
19860 2
19890 2
19920 2
19950 2
19980 2
20010 2
20040 2
20070 2
20100 2
20130 2
20160 2
20190 2
20220 2
20250 2
20280 2
20310 2
20340 2
20370 2
20400 2
20430 2
20460 2
20490 2
20520 2
20550 2
20580 2
20610 2
20640 2
20670 2
20700 2
20730 2
20760 2
20790 2
20820 2
20850 2
20880 2
20910 2
20940 2
20970 2
21000 2
21030 2
21060 2
21090 2
21120 2
21150 0
21180 2
21210 2
21240 2
21270 2
21300 2
21330 2
21360 2
21390 2
21420 2
21450 2
21480 2
21510 2
21540 2
21570 2
21600 2
21630 2
21660 2
21690 2
21720 2
21750 2
21780 5
21810 5
21840 5
21870 5
21900 5
21930 5
21960 5
21990 5
22020 5
22050 5
22080 5
22110 5
22140 5
22170 5
22200 5
22230 5
22260 5
22290 5
22320 5
22350 5
22380 5
22410 5
22440 5
22470 5
22500 5
22530 5
22560 5
22590 5
22620 5
22650 -1
22680 -1
22710 -1
22740 -1
