0 -1
30 -1
60 -1
90 -1
120 -1
150 -1
180 -1
210 -1
240 -1
270 -1
300 -1
330 -1
360 -1
390 -1
420 -1
450 -1
480 -1
510 -1
540 -1
570 -1
600 -1
630 -1
660 0
690 0
720 0
750 0
780 0
810 0
840 0
870 0
900 0
930 0
960 0
990 0
1020 0
1050 0
1080 0
1110 1
1140 1
1170 1
1200 1
1230 2
1260 2
1290 2
1320 2
1350 1
1380 2
1410 2
1440 2
1470 2
1500 2
1530 2
1560 2
1590 2
1620 2
1650 2
1680 2
1710 2
1740 2
1770 2
1800 2
1830 2
1860 2
1890 2
1920 2
1950 2
1980 2
2010 2
2040 3
2070 3
2100 3
2130 3
2160 3
2190 3
2220 3
2250 3
2280 3
2310 3
2340 3
2370 3
2400 3
2430 3
2460 3
2490 3
2520 3
2550 3
2580 3
2610 3
2640 3
2670 0
2700 2
2730 2
2760 2
2790 2
2820 2
2850 2
2880 2
2910 3
2940 3
2970 3
3000 3
3030 3
3060 3
3090 3
3120 3
3150 3
3180 3
3210 3
3240 3
3270 3
3300 3
3330 3
3360 3
3390 3
3420 3
3450 3
3480 3
3510 3
3540 3
3570 3
3600 3
3630 3
3660 3
3690 3
3720 3
3750 3
3780 3
3810 3
3840 3
3870 3
3900 3
3930 3
3960 3
3990 3
4020 3
4050 3
4080 3
4110 3
4140 3
4170 3
4200 3
4230 0
4260 1
4290 2
4320 2
4350 2
4380 2
4410 2
4440 2
4470 2
4500 2
4530 2
4560 2
4590 2
4620 2
4650 2
4680 2
4710 2
4740 2
4770 2
4800 2
4830 2
4860 2
4890 2
4920 2
4950 2
4980 2
5010 2
5040 2
5070 2
5100 2
5130 2
5160 2
5190 2
5220 2
5250 2
5280 2
5310 2
5340 2
5370 1
5400 2
5430 2
5460 2
5490 2
5520 2
5550 2
5580 2
5610 2
5640 2
5670 2
5700 2
5730 2
5760 2
5790 2
5820 2
5850 1
5880 0
5910 2
5940 0
5970 2
6000 2
6030 2
6060 2
6090 2
6120 2
6150 2
6180 2
6210 2
6240 2
6270 2
6300 2
6330 2
6360 2
6390 2
6420 2
6450 2
6480 2
6510 2
6540 3
6570 3
6600 0
6630 0
6660 0
6690 0
6720 0
6750 2
6780 2
6810 2
6840 0
6870 0
6900 0
6930 0
6960 1
6990 2
7020 1
7050 1
7080 1
7110 2
7140 2
7170 2
7200 0
7230 1
7260 2
7290 2
7320 2
7350 2
7380 2
7410 2
7440 2
7470 2
7500 2
7530 2
7560 2
7590 2
7620 2
7650 2
7680 2
7710 2
7740 2
7770 2
7800 2
7830 2
7860 2
7890 2
7920 2
7950 3
7980 2
8010 2
8040 3
8070 3
8100 3
8130 3
8160 3
8190 3
8220 3
8250 3
8280 3
8310 3
8340 3
8370 3
8400 3
8430 3
8460 3
8490 3
8520 3
8550 3
8580 3
8610 3
8640 3
8670 3
8700 3
8730 3
8760 3
8790 3
8820 3
8850 3
8880 3
8910 3
8940 3
8970 3
9000 3
9030 3
9060 3
9090 3
9120 3
9150 3
9180 3
9210 3
9240 3
9270 3
9300 3
9330 3
9360 3
9390 3
9420 3
9450 3
9480 3
9510 3
9540 3
9570 3
9600 3
9630 3
9660 3
9690 3
9720 3
9750 3
9780 3
9810 2
9840 0
9870 2
9900 2
9930 2
9960 2
9990 1
10020 2
10050 1
10080 2
10110 2
10140 2
10170 2
10200 2
10230 2
10260 2
10290 2
10320 2
10350 2
10380 2
10410 2
10440 2
10470 2
10500 2
10530 2
10560 2
10590 2
10620 2
10650 2
10680 2
10710 2
10740 5
10770 5
10800 5
10830 5
10860 5
10890 5
10920 5
10950 5
10980 5
11010 5
11040 5
11070 -1
11100 1
11130 5
11160 5
11190 5
11220 5
11250 2
11280 2
11310 2
11340 2
11370 2
11400 2
11430 2
11460 2
11490 1
11520 2
11550 2
11580 2
11610 2
11640 2
11670 2
11700 2
11730 2
11760 2
11790 2
11820 2
11850 2
11880 2
11910 2
11940 2
11970 2
12000 2
12030 2
12060 2
12090 2
12120 2
12150 2
12180 2
12210 2
12240 2
12270 2
12300 2
12330 2
12360 2
12390 2
12420 2
12450 2
12480 2
12510 2
12540 2
12570 2
12600 2
12630 2
12660 2
12690 2
12720 2
12750 2
12780 2
12810 2
12840 2
12870 2
12900 2
12930 2
12960 2
12990 2
13020 2
13050 2
13080 2
13110 2
13140 2
13170 2
13200 2
13230 2
13260 2
13290 2
13320 2
13350 2
13380 2
13410 2
13440 2
13470 2
13500 2
13530 2
13560 2
13590 2
13620 2
13650 2
13680 2
13710 2
13740 2
13770 2
13800 2
13830 2
13860 2
13890 2
13920 2
13950 2
13980 2
14010 2
14040 0
14070 0
14100 0
14130 0
14160 1
14190 1
14220 2
14250 2
14280 2
14310 2
14340 2
14370 2
14400 2
14430 2
14460 2
14490 2
14520 2
14550 2
14580 2
14610 2
14640 2
14670 2
14700 2
14730 2
14760 2
14790 2
14820 2
14850 2
14880 2
14910 2
14940 2
14970 2
15000 2
15030 2
15060 2
15090 2
15120 0
15150 2
15180 2
15210 2
15240 2
15270 2
15300 2
15330 2
15360 2
15390 2
15420 2
15450 2
15480 2
15510 2
15540 2
15570 2
15600 2
15630 2
15660 2
15690 2
15720 2
15750 2
15780 2
15810 2
15840 2
15870 2
15900 2
15930 0
15960 1
15990 0
16020 1
16050 1
16080 2
16110 2
16140 1
16170 2
16200 2
16230 2
16260 2
16290 5
16320 5
16350 5
16380 5
16410 5
16440 5
16470 5
16500 5
16530 5
16560 5
16590 5
16620 5
16650 5
16680 5
16710 5
16740 5
16770 1
16800 1
16830 1
16860 1
16890 1
16920 1
16950 5
16980 1
17010 5
17040 5
17070 5
17100 5
17130 5
17160 5
17190 5
17220 5
17250 5
17280 5
17310 5
17340 5
17370 5
17400 5
17430 5
17460 5
17490 5
17520 1
17550 5
17580 5
17610 5
17640 5
17670 5
17700 5
17730 5
17760 5
17790 5
17820 5
17850 5
17880 5
17910 0
17940 5
17970 5
18000 5
18030 1
18060 5
18090 5
18120 5
18150 5
18180 5
18210 5
18240 5
18270 5
18300 5
18330 5
18360 5
18390 5
18420 5
18450 5
18480 5
18510 5
18540 5
18570 5
18600 5
18630 5
18660 5
18690 5
18720 5
18750 1
18780 1
18810 2
18840 2
18870 2
18900 2
18930 2
18960 2
18990 5
19020 5
19050 5
19080 5
19110 5
19140 1
19170 1
19200 2
19230 2
19260 2
19290 2
19320 2
19350 2
19380 2
19410 2
19440 2
19470 2
19500 2
19530 2
19560 2
19590 2
19620 2
19650 2
19680 2
19710 2
19740 2
19770 2
19800 2
19830 2
19860 2
19890 2
19920 2
19950 2
19980 2
20010 2
20040 2
20070 2
20100 2
20130 2
20160 2
20190 2
20220 2
20250 2
20280 2
20310 2
20340 2
20370 2
20400 2
20430 2
20460 2
20490 2
20520 2
20550 2
20580 2
20610 2
20640 2
20670 2
20700 2
20730 2
20760 2
20790 2
20820 2
20850 2
20880 2
20910 2
20940 2
20970 2
21000 2
21030 2
21060 2
21090 2
21120 2
21150 2
21180 2
21210 2
21240 2
21270 2
21300 2
21330 2
21360 2
21390 2
21420 2
21450 2
21480 3
21510 2
21540 2
21570 2
21600 2
21630 2
21660 2
21690 3
21720 0
21750 0
21780 0
21810 0
21840 1
21870 1
21900 1
21930 1
21960 1
21990 2
22020 2
22050 2
22080 2
22110 2
22140 2
22170 2
22200 2
22230 2
22260 2
22290 2
22320 2
22350 2
22380 2
22410 2
22440 2
22470 2
22500 2
22530 2
22560 2
22590 2
22620 2
22650 2
22680 2
22710 2
22740 2
22770 2
22800 2
22830 2
22860 2
22890 2
22920 2
22950 2
22980 2
23010 2
23040 2
23070 2
23100 2
23130 2
23160 2
23190 2
23220 2
23250 2
23280 2
23310 2
23340 2
23370 2
23400 2
23430 1
23460 2
23490 2
23520 2
23550 2
23580 2
23610 2
23640 2
23670 2
23700 1
23730 2
23760 2
23790 2
23820 2
23850 0
23880 5
23910 5
23940 5
23970 5
24000 5
24030 5
24060 5
24090 5
24120 5
24150 5
24180 5
24210 5
24240 5
24270 5
24300 5
24330 5
24360 5
24390 5
24420 5
24450 5
24480 5
24510 5
24540 5
24570 5
24600 5
24630 5
24660 5
24690 5
24720 5
24750 5
24780 5
24810 5
24840 5
24870 5
24900 5
24930 1
24960 2
24990 2
25020 2
25050 0
25080 1
25110 1
25140 1
25170 2
25200 2
25230 2
25260 2
25290 2
25320 2
25350 2
25380 2
25410 2
25440 2
25470 2
25500 2
25530 2
25560 2
25590 2
25620 2
25650 2
25680 2
25710 2
25740 2
25770 2
25800 2
25830 2
25860 2
25890 2
25920 2
25950 2
25980 2
26010 2
26040 2
26070 2
26100 2
26130 2
26160 1
26190 2
26220 2
26250 2
26280 2
26310 2
26340 2
26370 2
26400 2
26430 2
26460 2
26490 2
26520 2
26550 2
26580 2
26610 0
26640 0
26670 1
26700 0
26730 0
26760 0
26790 0
26820 0
26850 0
26880 0
26910 0
26940 0
26970 0
27000 0
27030 0
27060 0
27090 0
27120 0
27150 0
27180 0
27210 0
27240 0
27270 0
27300 0
27330 0
27360 0
27390 0
27420 0
27450 0
27480 0
27510 0
27540 0
27570 0
27600 0
27630 0
27660 0
27690 1
27720 1
27750 2
27780 2
27810 1
27840 2
27870 2
27900 2
27930 2
27960 2
27990 2
28020 2
28050 2
28080 2
28110 2
28140 2
28170 2
28200 2
28230 5
28260 5
28290 5
28320 5
28350 5
28380 5
28410 5
28440 5
28470 5
28500 5
28530 5
28560 5
28590 5
28620 5
28650 5
28680 5
28710 5
28740 5
28770 5
28800 5
28830 5
