0 -1
30 -1
60 -1
90 -1
120 -1
150 -1
180 -1
210 -1
240 -1
270 -1
300 -1
330 -1
360 -1
390 -1
420 -1
450 -1
480 -1
510 -1
540 -1
570 -1
600 -1
630 -1
660 -1
690 -1
720 -1
750 -1
780 -1
810 0
840 0
870 0
900 0
930 0
960 0
990 0
1020 0
1050 0
1080 0
1110 0
1140 0
1170 0
1200 0
1230 0
1260 0
1290 0
1320 0
1350 0
1380 2
1410 2
1440 2
1470 2
1500 0
1530 1
1560 1
1590 2
1620 2
1650 2
1680 1
1710 1
1740 2
1770 2
1800 2
1830 2
1860 2
1890 2
1920 2
1950 2
1980 2
2010 2
2040 2
2070 2
2100 2
2130 2
2160 1
2190 2
2220 2
2250 2
2280 2
2310 2
2340 2
2370 1
2400 2
2430 2
2460 2
2490 2
2520 2
2550 2
2580 2
2610 2
2640 2
2670 2
2700 2
2730 1
2760 2
2790 2
2820 2
2850 2
2880 2
2910 2
2940 1
2970 2
3000 2
3030 2
3060 2
3090 2
3120 2
3150 2
3180 2
3210 2
3240 3
3270 3
3300 3
3330 3
3360 3
3390 3
3420 3
3450 3
3480 3
3510 3
3540 3
3570 3
3600 3
3630 3
3660 3
3690 3
3720 3
3750 3
3780 3
3810 3
3840 3
3870 3
3900 3
3930 2
3960 3
3990 3
4020 3
4050 3
4080 3
4110 3
4140 3
4170 3
4200 3
4230 3
4260 3
4290 3
4320 3
4350 3
4380 3
4410 3
4440 3
4470 3
4500 3
4530 3
4560 3
4590 3
4620 3
4650 3
4680 3
4710 3
4740 3
4770 3
4800 3
4830 3
4860 3
4890 3
4920 3
4950 3
4980 3
5010 3
5040 3
5070 3
5100 3
5130 3
5160 2
5190 2
5220 2
5250 2
5280 2
5310 2
5340 2
5370 2
5400 2
5430 2
5460 2
5490 2
5520 2
5550 2
5580 2
5610 2
5640 2
5670 2
5700 2
5730 2
5760 2
5790 2
5820 2
5850 2
5880 2
5910 2
5940 2
5970 0
6000 2
6030 2
6060 5
6090 5
6120 5
6150 1
6180 2
6210 2
6240 2
6270 2
6300 2
6330 2
6360 2
6390 2
6420 2
6450 2
6480 2
6510 2
6540 2
6570 2
6600 2
6630 2
6660 2
6690 2
6720 2
6750 2
6780 2
6810 2
6840 2
6870 2
6900 2
6930 2
6960 2
6990 2
7020 2
7050 2
7080 0
7110 1
7140 0
7170 0
7200 0
7230 1
7260 1
7290 2
7320 2
7350 2
7380 2
7410 2
7440 0
7470 0
7500 0
7530 0
7560 0
7590 0
7620 0
7650 0
7680 0
7710 0
7740 0
7770 1
7800 1
7830 1
7860 1
7890 1
7920 2
7950 2
7980 2
8010 1
8040 2
8070 2
8100 2
8130 2
8160 2
8190 2
8220 2
8250 2
8280 2
8310 2
8340 2
8370 2
8400 2
8430 2
8460 2
8490 2
8520 2
8550 2
8580 2
8610 2
8640 2
8670 2
8700 2
8730 2
8760 2
8790 2
8820 2
8850 2
8880 2
8910 2
8940 2
8970 2
9000 2
9030 2
9060 2
9090 2
9120 2
9150 2
9180 2
9210 2
9240 2
9270 2
9300 3
9330 3
9360 3
9390 3
9420 3
9450 3
9480 3
9510 3
9540 3
9570 3
9600 3
9630 3
9660 3
9690 3
9720 3
9750 3
9780 3
9810 3
9840 3
9870 3
9900 3
9930 3
9960 3
9990 3
10020 3
10050 3
10080 3
10110 3
10140 3
10170 3
10200 3
10230 3
10260 3
10290 3
10320 3
10350 3
10380 3
10410 3
10440 3
10470 3
10500 3
10530 3
10560 3
10590 2
10620 2
10650 2
10680 2
10710 2
10740 2
10770 2
10800 2
10830 2
10860 2
10890 2
10920 2
10950 2
10980 2
11010 2
11040 2
11070 5
11100 5
11130 5
11160 5
11190 5
11220 5
11250 5
11280 5
11310 5
11340 5
11370 5
11400 5
11430 5
11460 5
11490 5
11520 5
11550 5
11580 5
11610 5
11640 5
11670 5
11700 5
11730 5
11760 1
11790 0
11820 1
11850 2
11880 2
11910 2
11940 2
11970 2
12000 2
12030 2
12060 2
12090 2
12120 1
12150 1
12180 2
12210 2
12240 2
12270 2
12300 2
12330 1
12360 1
12390 2
12420 2
12450 1
12480 2
12510 2
12540 2
12570 2
12600 2
12630 2
12660 2
12690 2
12720 2
12750 2
12780 2
12810 2
12840 2
12870 2
12900 2
12930 2
12960 2
12990 2
13020 2
13050 2
13080 1
13110 2
13140 2
13170 2
13200 2
13230 2
13260 2
13290 1
13320 2
13350 2
13380 0
13410 1
13440 2
13470 2
13500 2
13530 2
13560 2
13590 2
13620 2
13650 2
13680 2
13710 2
13740 2
13770 2
13800 2
13830 2
13860 2
13890 2
13920 2
13950 2
13980 1
14010 2
14040 2
14070 2
14100 2
14130 2
14160 2
14190 2
14220 2
14250 2
14280 2
14310 2
14340 2
14370 2
14400 2
14430 2
14460 2
14490 2
14520 2
14550 2
14580 2
14610 2
14640 2
14670 2
14700 2
14730 2
14760 2
14790 2
14820 2
14850 2
14880 2
14910 2
14940 2
14970 2
15000 2
15030 0
15060 2
15090 2
15120 2
15150 2
15180 2
15210 0
15240 0
15270 1
15300 1
15330 2
15360 2
15390 2
15420 2
15450 2
15480 2
15510 2
15540 1
15570 2
15600 2
15630 2
15660 2
15690 5
15720 5
15750 5
15780 5
15810 5
15840 5
15870 5
15900 5
15930 5
15960 5
15990 5
16020 5
16050 5
16080 5
16110 5
16140 5
16170 5
16200 5
16230 5
16260 5
16290 5
16320 5
16350 5
16380 5
16410 5
16440 5
16470 5
16500 5
16530 5
16560 5
16590 5
16620 5
16650 5
16680 5
16710 5
16740 5
16770 5
16800 5
16830 5
16860 5
16890 5
16920 5
16950 5
16980 5
17010 5
17040 5
17070 5
17100 5
17130 5
17160 5
17190 5
17220 5
17250 5
17280 5
17310 5
17340 5
17370 5
17400 5
17430 5
17460 5
17490 5
17520 5
17550 5
17580 5
17610 5
17640 5
17670 5
17700 5
17730 5
17760 5
17790 5
17820 5
17850 0
17880 1
17910 1
17940 1
17970 2
18000 2
18030 2
18060 2
18090 2
18120 2
18150 2
18180 2
18210 1
18240 2
18270 2
18300 2
18330 2
18360 2
18390 2
18420 2
18450 2
18480 2
18510 2
18540 2
18570 2
18600 2
18630 2
18660 2
18690 2
18720 2
18750 1
18780 2
18810 2
18840 2
18870 2
18900 2
18930 2
18960 2
18990 2
19020 2
19050 2
19080 2
19110 2
19140 2
19170 2
19200 2
19230 2
19260 2
19290 2
19320 2
19350 2
19380 2
19410 2
19440 2
19470 2
19500 2
19530 3
19560 3
19590 3
19620 3
19650 3
19680 3
19710 3
19740 3
19770 3
19800 3
19830 3
19860 3
19890 3
19920 3
19950 3
19980 3
20010 3
20040 3
20070 3
20100 3
20130 0
20160 2
20190 2
20220 2
20250 2
20280 2
20310 2
20340 2
20370 2
20400 2
20430 2
20460 2
20490 2
20520 2
20550 2
20580 3
20610 3
20640 3
20670 3
20700 3
20730 3
20760 3
20790 3
20820 3
20850 3
20880 3
20910 3
20940 3
20970 3
21000 3
21030 3
21060 3
21090 3
21120 3
21150 3
21180 3
21210 3
21240 3
21270 3
21300 3
21330 3
21360 3
21390 3
21420 3
21450 3
21480 3
21510 3
21540 3
21570 3
21600 3
21630 3
21660 3
21690 3
21720 3
21750 3
21780 3
21810 3
21840 3
21870 3
21900 3
21930 3
21960 3
21990 3
22020 3
22050 3
22080 3
22110 3
22140 3
22170 3
22200 3
22230 2
22260 2
22290 2
22320 2
22350 2
22380 0
22410 2
22440 2
22470 2
22500 2
22530 2
22560 2
22590 2
22620 5
22650 5
22680 5
22710 5
22740 5
22770 5
22800 5
22830 5
22860 5
22890 5
22920 5
22950 5
22980 5
23010 5
23040 5
23070 5
23100 5
23130 5
23160 5
23190 5
23220 5
23250 5
23280 5
23310 5
23340 5
23370 5
23400 5
23430 5
23460 5
23490 5
23520 5
23550 5
23580 5
23610 5
23640 5
23670 5
23700 5
23730 5
23760 5
23790 5
23820 5
23850 5
23880 5
23910 1
23940 1
23970 1
24000 2
24030 2
24060 2
24090 2
24120 2
24150 2
24180 1
24210 2
24240 2
24270 2
24300 2
24330 2
24360 2
24390 2
24420 2
24450 2
24480 2
24510 2
24540 2
24570 2
24600 2
24630 2
24660 2
24690 2
24720 2
24750 2
24780 2
24810 2
24840 1
24870 1
24900 2
24930 2
24960 2
24990 2
25020 2
25050 2
25080 2
25110 2
25140 2
25170 2
25200 2
25230 2
25260 2
25290 2
25320 2
25350 2
25380 2
25410 2
25440 2
25470 2
25500 2
25530 2
25560 2
25590 2
25620 2
25650 2
25680 2
25710 2
25740 2
25770 0
25800 1
25830 1
25860 2
25890 2
25920 2
25950 2
25980 2
26010 2
26040 2
26070 0
26100 0
26130 0
26160 1
26190 2
26220 2
26250 0
26280 0
26310 0
26340 0
26370 1
26400 1
26430 2
26460 2
26490 2
26520 2
26550 2
26580 2
26610 2
26640 2
26670 2
26700 2
26730 2
26760 2
26790 2
26820 2
26850 2
26880 2
26910 2
26940 2
26970 2
27000 2
27030 2
27060 2
27090 2
27120 2
27150 2
27180 2
27210 2
27240 2
27270 2
27300 2
27330 2
27360 2
27390 2
27420 2
27450 2
27480 2
27510 2
27540 2
27570 2
27600 2
27630 2
27660 2
27690 1
27720 2
27750 2
27780 2
27810 2
27840 2
27870 2
27900 2
27930 2
27960 2
27990 2
28020 2
28050 2
28080 2
28110 2
28140 2
28170 2
28200 2
28230 2
28260 2
28290 2
28320 2
28350 2
28380 2
28410 2
28440 2
28470 2
28500 2
28530 2
28560 2
28590 2
28620 2
28650 2
28680 2
28710 2
28740 2
28770 2
28800 2
28830 2
28860 2
28890 2
28920 2
28950 2
28980 2
29010 2
29040 2
29070 2
29100 2
29130 2
29160 2
29190 2
29220 2
29250 2
29280 2
29310 2
29340 2
29370 2
29400 2
29430 0
