0 0
30 0
60 0
90 0
120 0
150 0
180 0
210 0
240 0
270 0
300 0
330 0
360 1
390 1
420 1
450 1
480 1
510 2
540 2
570 2
600 2
630 2
660 2
690 2
720 2
750 2
780 2
810 2
840 2
870 2
900 2
930 2
960 2
990 2
1020 2
1050 2
1080 3
1110 3
1140 3
1170 3
1200 3
1230 3
1260 3
1290 3
1320 3
1350 3
1380 3
1410 3
1440 3
1470 3
1500 3
1530 3
1560 3
1590 3
1620 3
1650 3
1680 3
1710 3
1740 3
1770 3
1800 3
1830 3
1860 3
1890 3
1920 3
1950 3
1980 3
2010 3
2040 3
2070 3
2100 3
2130 3
2160 3
2190 3
2220 3
2250 3
2280 3
2310 3
2340 3
2370 3
2400 3
2430 3
2460 3
2490 3
2520 3
2550 3
2580 3
2610 3
2640 3
2670 3
2700 3
2730 3
2760 3
2790 3
2820 3
2850 3
2880 3
2910 3
2940 3
2970 3
3000 3
3030 3
3060 3
3090 3
3120 3
3150 3
3180 3
3210 3
3240 3
3270 0
3300 2
3330 2
3360 2
3390 2
3420 2
3450 2
3480 2
3510 2
3540 2
3570 2
3600 2
3630 2
3660 2
3690 2
3720 2
3750 2
3780 2
3810 2
3840 2
3870 2
3900 2
3930 5
3960 5
3990 5
4020 5
4050 5
4080 5
4110 5
4140 5
4170 5
4200 5
4230 5
4260 1
4290 5
4320 5
4350 5
4380 5
4410 5
4440 5
4470 5
4500 5
4530 5
4560 5
4590 5
4620 5
4650 5
4680 5
4710 5
4740 5
4770 5
4800 5
4830 5
4860 5
4890 5
4920 5
4950 5
4980 5
5010 5
5040 5
5070 5
5100 5
5130 5
5160 5
5190 5
5220 5
5250 5
5280 5
5310 5
5340 5
5370 5
5400 5
5430 5
5460 5
5490 5
5520 5
5550 5
5580 5
5610 5
5640 5
5670 5
5700 5
5730 5
5760 5
5790 5
5820 5
5850 5
5880 5
5910 5
5940 5
5970 5
6000 5
6030 5
6060 5
6090 5
6120 5
6150 5
6180 5
6210 5
6240 5
6270 5
6300 5
6330 5
6360 5
6390 5
6420 5
6450 5
6480 5
6510 5
6540 5
6570 5
6600 5
6630 5
6660 5
6690 5
6720 5
6750 5
6780 0
6810 1
6840 1
6870 2
6900 2
6930 2
6960 2
6990 2
7020 2
7050 2
7080 2
7110 2
7140 2
7170 2
7200 2
7230 2
7260 2
7290 2
7320 2
7350 2
7380 2
7410 2
7440 2
7470 2
7500 2
7530 2
7560 2
7590 2
7620 2
7650 2
7680 2
7710 2
7740 2
7770 2
7800 2
7830 2
7860 2
7890 2
7920 2
7950 3
7980 3
8010 3
8040 3
8070 3
8100 3
8130 3
8160 3
8190 3
8220 3
8250 3
8280 3
8310 3
8340 3
8370 3
8400 3
8430 3
8460 3
8490 3
8520 3
8550 3
8580 3
8610 3
8640 2
8670 2
8700 2
8730 2
8760 2
8790 2
8820 2
8850 2
8880 2
8910 2
8940 2
8970 2
9000 2
9030 2
9060 2
9090 2
9120 2
9150 2
9180 2
9210 2
9240 2
9270 2
9300 2
9330 2
9360 2
9390 2
9420 2
9450 2
9480 2
9510 2
9540 2
9570 2
9600 2
9630 2
9660 2
9690 2
9720 2
9750 2
9780 2
9810 2
9840 2
9870 2
9900 2
9930 2
9960 2
9990 2
10020 2
10050 2
10080 2
10110 3
10140 3
10170 3
10200 3
10230 3
10260 3
10290 3
10320 3
10350 3
10380 3
10410 3
10440 3
10470 3
10500 3
10530 3
10560 3
10590 3
10620 3
10650 3
10680 3
10710 3
10740 3
10770 3
10800 3
10830 3
10860 3
10890 3
10920 3
10950 3
10980 3
11010 3
11040 3
11070 3
11100 3
11130 3
11160 3
11190 3
11220 3
11250 3
11280 3
11310 3
11340 3
11370 3
11400 2
11430 2
11460 2
11490 2
11520 2
11550 2
11580 2
11610 2
11640 2
11670 1
11700 1
11730 2
11760 2
11790 2
11820 2
11850 1
11880 1
11910 1
11940 5
11970 5
12000 5
12030 5
12060 5
12090 5
12120 5
12150 5
12180 5
12210 5
12240 5
12270 5
12300 5
12330 5
12360 5
12390 5
12420 5
12450 0
12480 5
12510 5
12540 5
12570 5
12600 5
12630 5
12660 5
12690 5
12720 5
12750 5
12780 5
12810 5
12840 5
12870 5
12900 5
12930 5
12960 5
12990 5
13020 5
13050 5
13080 5
13110 5
13140 5
13170 5
13200 1
13230 0
13260 1
13290 5
13320 5
13350 5
13380 5
13410 5
13440 5
13470 5
13500 5
13530 5
13560 5
13590 5
13620 5
13650 5
13680 5
13710 5
13740 5
13770 5
13800 0
13830 5
13860 5
13890 5
13920 5
13950 5
13980 5
14010 5
14040 5
14070 5
14100 1
14130 0
14160 1
14190 1
14220 1
