0 -1
30 -1
60 -1
90 -1
120 -1
150 -1
180 -1
210 -1
240 -1
270 -1
300 -1
330 -1
360 0
390 0
420 0
450 0
480 0
510 0
540 0
570 0
600 0
630 0
660 0
690 0
720 0
750 0
780 0
810 0
840 0
870 0
900 0
930 0
960 0
990 0
1020 0
1050 0
1080 0
1110 0
1140 0
1170 0
1200 0
1230 0
1260 0
1290 0
1320 0
1350 0
1380 0
1410 1
1440 1
1470 1
1500 1
1530 1
1560 2
1590 2
1620 2
1650 2
1680 2
1710 2
1740 2
1770 2
1800 2
1830 2
1860 2
1890 2
1920 2
1950 1
1980 2
2010 2
2040 2
2070 2
2100 2
2130 2
2160 2
2190 2
2220 2
2250 0
2280 0
2310 0
2340 1
2370 1
2400 2
2430 2
2460 2
2490 2
2520 2
2550 2
2580 2
2610 2
2640 2
2670 2
2700 2
2730 2
2760 2
2790 2
2820 2
2850 2
2880 2
2910 2
2940 2
2970 2
3000 3
3030 3
3060 3
3090 3
3120 3
3150 3
3180 3
3210 3
3240 3
3270 2
3300 2
3330 2
3360 2
3390 2
3420 2
3450 2
3480 2
3510 2
3540 2
3570 3
3600 3
3630 2
3660 2
3690 2
3720 2
3750 2
3780 2
3810 2
3840 2
3870 3
3900 3
3930 3
3960 3
3990 3
4020 3
4050 3
4080 3
4110 3
4140 2
4170 3
4200 3
4230 3
4260 3
4290 3
4320 3
4350 3
4380 3
4410 3
4440 3
4470 3
4500 3
4530 3
4560 3
4590 3
4620 3
4650 3
4680 3
4710 2
4740 2
4770 2
4800 3
4830 2
4860 3
4890 2
4920 3
4950 2
4980 2
5010 2
5040 2
5070 2
5100 2
5130 2
5160 2
5190 2
5220 2
5250 2
5280 2
5310 2
5340 2
5370 2
5400 2
5430 2
5460 2
5490 2
5520 2
5550 2
5580 5
5610 5
5640 5
5670 5
5700 5
5730 5
5760 5
5790 5
5820 5
5850 5
5880 5
5910 5
5940 5
5970 5
6000 5
6030 5
6060 5
6090 5
6120 5
6150 5
6180 5
6210 5
6240 5
6270 5
6300 5
6330 5
6360 5
6390 5
6420 5
6450 5
6480 5
6510 5
6540 5
6570 5
6600 5
6630 5
6660 5
6690 5
6720 5
6750 5
6780 5
6810 5
6840 5
6870 5
6900 5
6930 5
6960 5
6990 5
7020 5
7050 5
7080 5
7110 5
7140 5
7170 5
7200 5
7230 5
7260 5
7290 5
7320 5
7350 5
7380 5
7410 5
7440 5
7470 5
7500 5
7530 5
7560 5
7590 5
7620 2
7650 2
7680 2
7710 2
7740 2
7770 2
7800 2
7830 2
7860 2
7890 2
7920 2
7950 2
7980 2
8010 2
8040 2
8070 0
8100 1
8130 1
8160 1
8190 2
8220 2
8250 2
8280 2
8310 2
8340 2
8370 2
8400 2
8430 2
8460 2
8490 2
8520 2
8550 2
8580 2
8610 2
8640 2
8670 2
8700 2
8730 2
8760 2
8790 2
8820 3
8850 3
8880 3
8910 3
8940 3
8970 3
9000 3
9030 3
9060 3
9090 3
9120 3
9150 3
9180 3
9210 3
9240 3
9270 3
9300 3
9330 3
9360 3
9390 2
9420 2
9450 2
9480 2
9510 2
9540 2
9570 2
9600 3
9630 3
9660 3
9690 3
9720 3
9750 3
9780 3
9810 3
9840 3
9870 3
9900 3
9930 3
9960 2
9990 2
10020 3
10050 3
10080 3
10110 3
10140 3
10170 3
10200 3
10230 3
10260 3
10290 3
10320 3
10350 3
10380 3
10410 3
10440 3
10470 3
10500 3
10530 3
10560 3
10590 3
10620 3
10650 3
10680 3
10710 3
10740 2
10770 2
10800 2
10830 2
10860 2
10890 2
10920 2
10950 2
10980 2
11010 2
11040 2
11070 2
11100 2
11130 2
11160 2
11190 2
11220 2
11250 2
11280 2
11310 2
11340 2
11370 2
11400 2
11430 2
11460 2
11490 2
11520 2
11550 2
11580 5
11610 5
11640 5
11670 5
11700 5
11730 5
11760 5
11790 5
11820 5
11850 5
11880 5
11910 5
11940 5
11970 5
12000 5
12030 5
12060 5
12090 5
12120 5
12150 5
12180 5
12210 5
12240 5
12270 5
12300 5
12330 5
12360 5
12390 5
12420 5
12450 5
12480 5
12510 5
12540 5
12570 5
12600 5
12630 5
12660 0
12690 5
12720 0
12750 1
12780 1
12810 1
12840 2
12870 1
12900 1
12930 2
12960 2
12990 2
13020 2
13050 2
13080 2
13110 2
13140 2
13170 2
13200 2
13230 2
13260 2
13290 2
13320 2
13350 2
13380 2
13410 2
13440 2
13470 2
13500 2
13530 2
13560 2
13590 2
13620 2
13650 2
13680 2
13710 2
13740 2
13770 2
13800 2
13830 2
13860 2
13890 2
13920 2
13950 2
13980 2
14010 2
14040 2
14070 2
14100 1
14130 2
14160 2
14190 2
14220 2
14250 2
14280 2
14310 2
14340 2
14370 2
14400 2
14430 2
14460 2
14490 2
14520 2
14550 2
14580 2
14610 2
14640 2
14670 2
14700 1
14730 2
14760 2
14790 2
14820 2
14850 2
14880 2
14910 2
14940 2
14970 0
15000 1
15030 0
15060 1
15090 2
15120 2
15150 2
15180 2
15210 2
15240 2
15270 2
15300 2
15330 2
15360 2
15390 2
15420 2
15450 2
15480 2
15510 2
15540 5
15570 5
15600 5
15630 5
15660 5
15690 5
15720 5
15750 5
15780 5
15810 5
15840 5
15870 5
15900 5
15930 5
15960 5
15990 5
16020 5
16050 5
16080 5
16110 5
16140 5
16170 5
16200 5
16230 5
16260 5
16290 5
16320 5
16350 5
16380 5
16410 5
16440 5
16470 5
16500 5
16530 5
16560 5
16590 5
16620 5
16650 5
16680 5
16710 5
16740 5
16770 5
16800 5
16830 5
16860 5
16890 5
16920 5
16950 5
16980 5
17010 5
17040 5
17070 5
17100 5
17130 5
17160 5
17190 5
17220 5
17250 5
17280 5
17310 5
17340 5
17370 5
17400 5
17430 5
17460 5
17490 5
17520 2
17550 2
17580 2
17610 2
17640 2
17670 2
17700 2
17730 2
17760 2
17790 2
17820 2
17850 2
17880 2
17910 2
17940 1
17970 2
18000 2
18030 2
18060 2
18090 2
18120 2
18150 2
18180 2
18210 2
18240 2
18270 2
18300 2
18330 2
18360 2
18390 2
18420 2
18450 2
18480 2
18510 2
18540 2
18570 2
18600 2
18630 2
18660 2
18690 2
18720 2
18750 2
18780 2
18810 2
18840 2
18870 2
18900 2
18930 2
18960 2
18990 2
19020 2
19050 2
19080 0
19110 1
19140 1
19170 2
19200 2
19230 2
19260 2
19290 2
19320 2
19350 2
19380 2
19410 2
19440 2
19470 2
19500 2
19530 2
19560 2
19590 2
19620 2
19650 2
19680 2
19710 2
19740 2
19770 2
19800 2
19830 2
19860 2
19890 2
19920 2
19950 2
19980 2
20010 2
20040 2
20070 2
20100 2
20130 2
20160 2
20190 2
20220 2
20250 2
20280 2
20310 3
20340 3
20370 3
20400 3
20430 3
20460 3
20490 3
20520 3
20550 3
20580 3
20610 3
20640 3
20670 3
20700 3
20730 3
20760 3
20790 3
20820 3
20850 2
20880 2
20910 2
20940 2
20970 3
21000 3
21030 3
21060 3
21090 3
21120 3
21150 3
21180 3
21210 3
21240 3
21270 3
21300 2
21330 2
21360 2
21390 2
21420 2
21450 2
21480 2
21510 3
21540 3
21570 3
21600 3
21630 3
21660 3
21690 3
21720 3
21750 2
21780 2
21810 2
21840 0
21870 1
21900 1
21930 2
21960 2
21990 2
22020 2
22050 2
22080 2
22110 2
22140 2
22170 2
22200 2
22230 2
22260 2
22290 2
22320 2
22350 2
22380 2
22410 2
22440 2
22470 2
22500 5
22530 5
22560 5
22590 5
22620 5
22650 5
22680 5
22710 5
22740 5
22770 5
22800 5
22830 5
22860 5
22890 5
22920 5
22950 5
22980 5
23010 5
23040 5
23070 5
23100 5
23130 5
23160 5
23190 5
23220 5
23250 5
23280 5
23310 5
23340 5
23370 5
23400 5
23430 5
23460 5
23490 5
23520 5
23550 5
23580 5
23610 5
23640 5
23670 5
23700 5
23730 5
23760 5
23790 5
23820 5
23850 5
23880 5
23910 0
23940 0
23970 0
24000 0
24030 0
24060 0
24090 0
24120 0
24150 0
24180 0
24210 0
24240 0
24270 0
24300 0
24330 0
24360 0
24390 0
24420 0
24450 0
24480 0
24510 0
24540 0
24570 0
24600 0
24630 0
24660 0
24690 0
24720 0
24750 0
24780 0
24810 0
24840 0
24870 0
24900 0
24930 0
24960 0
24990 0
25020 0
25050 0
25080 0
25110 0
25140 0
25170 0
25200 0
25230 0
25260 0
25290 0
25320 0
25350 0
25380 0
25410 0
25440 0
25470 0
25500 0
25530 0
25560 0
25590 0
25620 0
25650 0
25680 0
25710 0
25740 0
25770 0
25800 0
25830 0
25860 0
25890 0
25920 0
25950 0
25980 0
26010 0
26040 0
26070 0
26100 0
26130 0
26160 0
26190 0
26220 0
26250 0
26280 0
26310 0
26340 0
26370 0
26400 0
26430 0
26460 0
26490 0
26520 0
26550 0
26580 0
26610 0
26640 0
26670 0
26700 0
26730 0
26760 0
26790 0
26820 0
26850 0
26880 0
26910 0
26940 0
26970 0
27000 0
27030 0
27060 0
27090 0
27120 0
27150 0
27180 0
27210 0
27240 0
27270 0
27300 0
27330 0
27360 0
27390 0
27420 0
27450 0
27480 0
27510 0
27540 0
27570 0
27600 0
27630 0
27660 0
27690 0
27720 0
27750 0
27780 0
27810 0
27840 0
27870 0
27900 0
27930 0
27960 0
27990 0
28020 0
28050 0
28080 0
28110 0
28140 0
28170 0
28200 0
28230 0
28260 0
28290 0
28320 0
28350 0
28380 0
28410 0
28440 0
28470 0
28500 0
28530 0
28560 0
28590 0
28620 0
28650 0
28680 0
28710 -1
28740 -1
28770 -1
