0 0
30 0
60 0
90 0
120 0
150 0
180 0
210 0
240 0
270 0
300 0
330 0
360 0
390 0
420 0
450 0
480 0
510 0
540 0
570 0
600 0
630 0
660 0
690 0
720 0
750 0
780 0
810 0
840 0
870 0
900 0
930 0
960 0
990 0
1020 0
1050 0
1080 0
1110 0
1140 0
1170 0
1200 0
1230 0
1260 0
1290 0
1320 0
1350 0
1380 0
1410 0
1440 0
1470 0
1500 0
1530 0
1560 0
1590 5
1620 5
1650 5
1680 5
1710 5
1740 5
1770 5
1800 5
1830 5
1860 5
1890 5
1920 5
1950 5
1980 5
2010 0
2040 0
2070 5
2100 5
2130 5
2160 5
2190 5
2220 5
2250 5
2280 1
2310 1
2340 2
2370 2
2400 2
2430 2
2460 2
2490 2
2520 2
2550 2
2580 2
2610 2
2640 2
2670 2
2700 2
2730 2
2760 0
2790 0
2820 0
2850 1
2880 1
2910 2
2940 2
2970 2
3000 2
3030 2
3060 2
3090 2
3120 2
3150 2
3180 2
3210 2
3240 2
3270 2
3300 0
3330 0
3360 1
3390 1
3420 1
3450 2
3480 2
3510 2
3540 2
3570 2
3600 2
3630 2
3660 2
3690 2
3720 2
3750 2
3780 2
3810 2
3840 2
3870 2
3900 2
3930 2
3960 2
3990 2
4020 2
4050 2
4080 2
4110 2
4140 2
4170 2
4200 2
4230 2
4260 2
4290 2
4320 2
4350 2
4380 2
4410 2
4440 2
4470 2
4500 2
4530 2
4560 2
4590 2
4620 3
4650 3
4680 3
4710 3
4740 3
4770 3
4800 3
4830 2
4860 1
4890 1
4920 2
4950 2
4980 1
5010 2
5040 2
5070 2
5100 2
5130 2
5160 2
5190 2
5220 2
5250 2
5280 2
5310 2
5340 2
5370 2
5400 3
5430 2
5460 2
5490 2
5520 3
5550 2
5580 1
5610 1
5640 2
5670 2
5700 2
5730 2
5760 2
5790 2
5820 2
5850 2
5880 2
5910 2
5940 2
5970 2
6000 2
6030 3
6060 3
6090 3
6120 3
6150 3
6180 3
6210 3
6240 3
6270 3
6300 3
6330 3
6360 3
6390 3
6420 3
6450 1
6480 0
6510 1
6540 1
6570 2
6600 2
6630 1
6660 5
6690 2
6720 2
6750 2
6780 2
6810 2
6840 2
6870 1
6900 2
6930 2
6960 2
6990 2
7020 2
7050 2
7080 0
7110 1
7140 2
7170 2
7200 1
7230 2
7260 2
7290 2
7320 2
7350 2
7380 2
7410 2
7440 2
7470 2
7500 2
7530 2
7560 2
7590 2
7620 2
7650 2
7680 2
7710 2
7740 2
7770 2
7800 2
7830 2
7860 2
7890 2
7920 2
7950 1
7980 1
8010 1
8040 0
8070 1
8100 1
8130 2
8160 2
8190 2
8220 2
8250 2
8280 1
8310 2
8340 1
8370 1
8400 1
8430 2
8460 1
8490 1
8520 2
8550 2
8580 2
8610 2
8640 2
8670 1
8700 1
8730 1
8760 1
8790 1
8820 2
8850 2
8880 0
8910 1
8940 1
8970 2
9000 1
9030 1
9060 1
9090 1
9120 1
9150 1
9180 1
9210 1
9240 2
9270 2
9300 2
9330 2
9360 2
9390 2
9420 2
9450 2
9480 2
9510 2
9540 2
9570 2
9600 2
9630 0
9660 1
9690 2
9720 5
9750 5
9780 5
9810 5
9840 5
9870 5
9900 5
9930 5
9960 5
9990 5
10020 5
10050 5
10080 5
10110 5
10140 5
10170 5
10200 5
10230 5
10260 5
10290 5
10320 5
10350 5
10380 5
10410 5
10440 5
10470 5
10500 5
10530 5
10560 5
10590 5
10620 5
10650 5
10680 5
10710 5
10740 5
10770 5
10800 5
10830 0
10860 1
10890 1
10920 5
10950 5
10980 5
11010 5
11040 5
11070 5
11100 5
11130 5
11160 5
11190 5
11220 5
11250 5
11280 5
11310 5
11340 5
11370 5
11400 5
11430 5
11460 5
11490 5
11520 5
11550 5
11580 5
11610 5
11640 5
11670 5
11700 5
11730 5
11760 5
11790 5
11820 5
11850 5
11880 5
11910 5
11940 5
11970 5
12000 5
12030 5
12060 5
12090 5
12120 5
12150 5
12180 5
12210 5
12240 5
12270 5
12300 5
12330 5
12360 5
12390 5
12420 5
12450 5
12480 5
12510 2
12540 2
12570 2
12600 2
12630 2
12660 2
12690 2
12720 2
12750 2
12780 2
12810 2
12840 2
12870 2
12900 1
12930 1
12960 1
12990 2
13020 1
13050 2
13080 2
13110 1
13140 1
13170 1
13200 2
13230 2
13260 2
13290 2
13320 2
13350 2
13380 2
13410 2
13440 2
13470 2
13500 2
13530 1
13560 2
13590 2
13620 1
13650 1
13680 1
13710 1
13740 1
13770 1
13800 1
13830 2
13860 2
13890 1
13920 1
13950 2
13980 0
14010 1
14040 1
14070 0
14100 0
14130 1
14160 1
14190 1
14220 1
14250 1
14280 1
14310 1
14340 1
14370 1
14400 1
14430 1
14460 1
14490 1
14520 1
14550 1
14580 1
14610 1
14640 2
14670 2
14700 2
14730 2
14760 2
14790 1
14820 1
14850 1
14880 2
14910 2
14940 1
14970 1
15000 1
15030 2
15060 2
15090 1
15120 1
15150 1
15180 1
15210 2
15240 1
15270 1
15300 1
15330 2
15360 1
15390 2
15420 2
15450 2
15480 1
15510 1
15540 1
15570 1
15600 2
15630 2
15660 1
15690 0
15720 1
15750 1
15780 1
15810 1
15840 1
15870 1
15900 1
15930 1
15960 1
15990 1
16020 1
16050 2
16080 2
16110 2
16140 2
16170 2
16200 2
16230 2
16260 2
16290 2
16320 2
16350 2
16380 2
16410 0
16440 1
16470 1
16500 1
16530 2
16560 2
16590 2
16620 2
16650 2
16680 2
16710 1
16740 1
16770 1
16800 1
16830 1
16860 1
16890 1
16920 2
16950 2
16980 1
17010 2
17040 2
17070 2
17100 1
17130 2
17160 2
17190 1
17220 2
17250 2
17280 2
17310 2
17340 2
17370 2
17400 2
17430 2
17460 2
17490 2
17520 2
17550 2
17580 2
17610 1
17640 1
17670 1
17700 2
17730 2
17760 2
17790 2
17820 2
17850 2
17880 2
17910 2
17940 2
17970 2
18000 2
18030 2
18060 2
18090 2
18120 2
18150 2
18180 2
18210 1
18240 1
18270 1
18300 1
18330 1
18360 1
18390 2
18420 2
18450 2
18480 2
18510 2
18540 2
18570 0
18600 1
18630 1
18660 1
18690 2
18720 2
18750 2
18780 2
18810 2
18840 2
18870 2
18900 2
18930 2
18960 2
18990 2
19020 2
19050 2
19080 2
19110 2
19140 2
19170 0
19200 1
19230 1
19260 1
19290 1
19320 1
19350 2
19380 1
19410 2
19440 2
19470 2
19500 1
19530 1
19560 2
19590 1
19620 2
19650 1
19680 1
19710 1
19740 2
19770 2
19800 1
19830 0
19860 2
19890 2
19920 2
19950 2
19980 2
20010 2
20040 2
20070 2
20100 5
20130 5
20160 5
20190 5
20220 5
20250 5
20280 5
20310 5
20340 5
20370 5
20400 5
20430 5
20460 5
20490 5
20520 5
20550 5
20580 5
20610 5
20640 5
20670 5
20700 5
20730 5
20760 5
20790 5
20820 5
20850 5
20880 5
20910 5
20940 5
20970 5
21000 5
21030 5
21060 5
21090 5
21120 5
21150 5
21180 5
21210 5
21240 5
21270 5
21300 5
21330 5
21360 5
21390 5
21420 5
21450 5
21480 5
21510 5
21540 5
21570 5
21600 5
21630 5
21660 5
21690 5
21720 5
21750 5
21780 5
21810 5
21840 5
21870 2
21900 2
21930 2
21960 2
21990 2
22020 1
22050 2
22080 2
22110 2
22140 2
22170 2
22200 2
22230 2
22260 2
22290 2
22320 2
22350 2
22380 2
22410 2
22440 2
22470 2
22500 2
22530 2
22560 2
22590 2
22620 1
22650 1
22680 2
22710 2
22740 2
22770 2
22800 2
22830 2
22860 2
22890 2
22920 2
22950 2
22980 2
23010 2
23040 2
23070 2
23100 2
23130 2
23160 2
23190 2
23220 2
23250 2
23280 2
23310 2
23340 2
23370 2
23400 2
23430 2
23460 2
23490 2
23520 2
23550 2
23580 2
23610 2
23640 2
23670 2
23700 2
23730 2
23760 2
23790 2
23820 2
23850 2
23880 2
23910 2
23940 2
23970 2
24000 2
24030 2
24060 2
24090 2
24120 0
24150 0
24180 1
24210 2
24240 1
24270 1
24300 1
24330 2
24360 2
24390 2
24420 2
24450 5
24480 5
24510 2
24540 2
24570 2
24600 0
24630 2
24660 1
24690 1
24720 2
24750 1
24780 2
24810 1
24840 2
24870 2
24900 2
24930 2
24960 2
24990 1
25020 2
25050 2
25080 2
25110 2
25140 2
25170 2
25200 1
25230 2
25260 2
25290 2
25320 2
25350 2
25380 2
25410 2
25440 2
25470 2
25500 2
25530 2
25560 2
25590 2
25620 2
25650 0
25680 1
25710 2
25740 2
25770 2
25800 2
25830 2
25860 2
25890 1
25920 2
25950 2
25980 2
26010 1
26040 1
26070 1
26100 2
26130 2
26160 2
26190 2
26220 2
26250 2
26280 2
26310 2
26340 2
26370 2
26400 2
26430 2
26460 2
26490 2
26520 2
26550 2
26580 2
26610 2
26640 2
26670 2
26700 2
26730 2
26760 2
26790 2
26820 2
26850 2
26880 2
26910 2
26940 0
26970 0
27000 0
27030 1
27060 1
27090 1
27120 2
27150 2
27180 2
27210 2
27240 0
27270 1
27300 0
27330 1
27360 1
27390 1
27420 1
27450 1
27480 2
27510 2
27540 2
27570 5
27600 5
27630 5
27660 5
27690 5
27720 5
27750 5
27780 5
27810 5
27840 5
27870 5
27900 5
27930 5
27960 5
27990 5
28020 5
28050 5
28080 5
28110 5
28140 5
28170 5
28200 5
28230 5
28260 5
28290 5
28320 5
28350 5
28380 5
28410 5
28440 5
28470 5
28500 5
28530 5
28560 5
28590 5
28620 5
28650 5
28680 5
28710 5
28740 5
28770 5
28800 5
28830 5
28860 5
28890 5
28920 5
28950 5
28980 5
29010 5
29040 5
29070 5
29100 5
29130 5
29160 5
29190 5
29220 5
29250 5
29280 5
29310 5
29340 5
29370 5
29400 5
