0 -1
30 -1
60 -1
90 -1
120 -1
150 0
180 0
210 0
240 0
270 0
300 0
330 0
360 0
390 0
420 0
450 0
480 0
510 0
540 0
570 0
600 0
630 1
660 1
690 1
720 1
750 1
780 1
810 2
840 2
870 2
900 1
930 2
960 2
990 2
1020 2
1050 1
1080 1
1110 2
1140 2
1170 2
1200 2
1230 2
1260 2
1290 2
1320 2
1350 2
1380 2
1410 2
1440 2
1470 2
1500 2
1530 2
1560 2
1590 2
1620 2
1650 2
1680 1
1710 1
1740 2
1770 2
1800 2
1830 2
1860 2
1890 2
1920 2
1950 2
1980 2
2010 2
2040 2
2070 2
2100 2
2130 2
2160 2
2190 1
2220 2
2250 1
2280 2
2310 1
2340 1
2370 2
2400 1
2430 1
2460 2
2490 2
2520 2
2550 0
2580 0
2610 1
2640 1
2670 2
2700 2
2730 2
2760 2
2790 2
2820 2
2850 2
2880 2
2910 2
2940 2
2970 2
3000 2
3030 2
3060 2
3090 2
3120 2
3150 2
3180 2
3210 2
3240 1
3270 2
3300 2
3330 2
3360 -1
3390 1
3420 2
3450 2
3480 2
3510 2
3540 2
3570 2
3600 2
3630 2
3660 2
3690 2
3720 2
3750 3
3780 3
3810 3
3840 3
3870 3
3900 3
3930 3
3960 3
3990 3
4020 3
4050 3
4080 3
4110 3
4140 3
4170 3
4200 3
4230 3
4260 3
4290 3
4320 3
4350 3
4380 3
4410 3
4440 3
4470 3
4500 3
4530 3
4560 3
4590 3
4620 3
4650 3
4680 3
4710 3
4740 3
4770 3
4800 3
4830 3
4860 3
4890 3
4920 3
4950 3
4980 3
5010 3
5040 3
5070 3
5100 3
5130 3
5160 3
5190 3
5220 3
5250 3
5280 3
5310 3
5340 3
5370 3
5400 3
5430 3
5460 3
5490 3
5520 3
5550 3
5580 3
5610 3
5640 2
5670 2
5700 2
5730 2
5760 2
5790 2
5820 2
5850 5
5880 5
5910 5
5940 5
5970 5
6000 5
6030 5
6060 5
6090 5
6120 5
6150 5
6180 5
6210 5
6240 5
6270 5
6300 5
6330 5
6360 5
6390 5
6420 5
6450 5
6480 0
6510 1
6540 1
6570 2
6600 5
6630 5
6660 5
6690 5
6720 5
6750 5
6780 5
6810 5
6840 5
6870 5
6900 5
6930 5
6960 5
6990 5
7020 5
7050 5
7080 5
7110 5
7140 5
7170 5
7200 5
7230 5
7260 5
7290 5
7320 5
7350 5
7380 2
7410 2
7440 2
7470 2
7500 2
7530 2
7560 2
7590 2
7620 2
7650 2
7680 2
7710 2
7740 2
7770 2
7800 2
7830 2
7860 2
7890 2
7920 2
7950 2
7980 2
8010 2
8040 2
8070 2
8100 2
8130 2
8160 2
8190 2
8220 2
8250 2
8280 2
8310 2
8340 2
8370 2
8400 2
8430 2
8460 2
8490 2
8520 2
8550 2
8580 2
8610 2
8640 2
8670 2
8700 1
8730 1
8760 2
8790 2
8820 2
8850 2
8880 1
8910 2
8940 2
8970 2
9000 2
9030 2
9060 2
9090 2
9120 2
9150 2
9180 2
9210 2
9240 1
9270 2
9300 2
9330 2
9360 2
9390 2
9420 2
9450 2
9480 2
9510 2
9540 2
9570 2
9600 0
9630 0
9660 1
9690 1
9720 1
9750 2
9780 2
9810 2
9840 2
9870 2
9900 2
9930 2
9960 2
9990 2
10020 2
10050 2
10080 2
10110 2
10140 2
10170 2
10200 2
10230 2
10260 2
10290 2
10320 2
10350 2
10380 2
10410 2
10440 2
10470 2
10500 2
10530 2
10560 2
10590 2
10620 2
10650 2
10680 2
10710 2
10740 2
10770 2
10800 2
10830 1
10860 2
10890 2
10920 2
10950 2
10980 2
11010 2
11040 2
11070 2
11100 2
11130 2
11160 2
11190 2
11220 2
11250 2
11280 2
11310 2
11340 2
11370 2
11400 2
11430 2
11460 2
11490 2
11520 2
11550 2
11580 2
11610 2
11640 2
11670 2
11700 2
11730 2
11760 2
11790 2
11820 2
11850 2
11880 2
11910 2
11940 2
11970 1
12000 2
12030 2
12060 2
12090 2
12120 2
12150 2
12180 5
12210 5
12240 5
12270 5
12300 5
12330 5
12360 5
12390 5
12420 5
12450 5
12480 5
12510 5
12540 5
12570 5
12600 5
12630 5
12660 5
12690 5
12720 5
12750 5
12780 5
12810 5
12840 5
12870 5
12900 5
12930 5
12960 5
12990 5
13020 5
13050 5
13080 5
13110 5
13140 5
13170 5
13200 5
13230 5
13260 5
13290 5
13320 5
13350 5
13380 5
13410 5
13440 5
13470 5
13500 5
13530 5
13560 5
13590 5
13620 5
13650 5
13680 5
13710 5
13740 5
13770 5
13800 5
13830 5
13860 5
13890 5
13920 5
13950 5
13980 5
14010 5
14040 5
14070 5
14100 5
14130 5
14160 2
14190 2
14220 2
14250 2
14280 2
14310 2
14340 2
14370 2
14400 2
14430 2
14460 2
14490 2
14520 0
14550 1
14580 1
14610 2
14640 2
14670 2
14700 2
14730 2
14760 2
14790 2
14820 2
14850 2
14880 2
14910 2
14940 2
14970 2
15000 2
15030 2
15060 2
15090 2
15120 2
15150 2
15180 2
15210 2
15240 2
15270 2
15300 2
15330 2
15360 2
15390 2
15420 2
15450 2
15480 2
15510 2
15540 2
15570 2
15600 2
15630 2
15660 2
15690 2
15720 2
15750 2
15780 2
15810 2
15840 2
15870 2
15900 2
15930 2
15960 2
15990 2
16020 2
16050 2
16080 2
16110 2
16140 2
16170 2
16200 2
16230 2
16260 2
16290 2
16320 2
16350 2
16380 2
16410 2
16440 2
16470 2
16500 2
16530 2
16560 2
16590 2
16620 2
16650 2
16680 2
16710 2
16740 2
16770 2
16800 2
16830 2
16860 2
16890 2
16920 2
16950 3
16980 3
17010 3
17040 0
17070 1
17100 2
17130 2
17160 2
17190 1
17220 2
17250 2
17280 2
17310 2
17340 2
17370 2
17400 2
17430 2
17460 2
17490 2
17520 2
17550 2
17580 2
17610 2
17640 2
17670 2
17700 5
17730 5
17760 5
17790 5
17820 5
17850 5
17880 5
17910 5
17940 5
17970 5
18000 5
18030 2
18060 2
18090 2
18120 2
18150 2
18180 2
18210 5
18240 5
18270 5
18300 5
18330 5
18360 5
18390 5
18420 5
18450 5
18480 5
18510 5
18540 5
18570 5
18600 5
18630 5
18660 5
18690 5
18720 5
18750 5
18780 5
18810 5
18840 5
18870 5
18900 5
18930 5
18960 5
18990 5
19020 5
19050 5
19080 5
19110 5
19140 5
19170 5
19200 5
19230 5
19260 5
19290 5
19320 5
19350 5
19380 5
19410 5
19440 5
19470 5
19500 5
19530 5
19560 5
19590 5
19620 5
19650 5
19680 5
19710 5
19740 5
19770 1
19800 2
19830 2
19860 2
19890 2
19920 2
19950 2
19980 2
20010 2
20040 2
20070 2
20100 2
20130 2
20160 2
20190 2
20220 2
20250 2
20280 2
20310 2
20340 2
20370 2
20400 2
20430 2
20460 2
20490 2
20520 2
20550 2
20580 0
20610 1
20640 1
20670 1
20700 2
20730 2
20760 2
20790 2
20820 2
20850 2
20880 2
20910 2
20940 2
20970 2
21000 2
21030 2
21060 2
21090 2
21120 2
21150 2
21180 2
21210 2
21240 2
21270 2
21300 2
21330 1
21360 1
21390 1
21420 2
21450 2
21480 0
21510 0
21540 0
21570 1
21600 1
21630 1
21660 1
21690 2
21720 2
21750 2
21780 2
21810 2
21840 2
21870 2
21900 2
21930 2
21960 2
21990 2
22020 2
22050 2
22080 2
22110 2
22140 2
22170 2
22200 1
22230 1
22260 2
22290 2
22320 2
22350 2
22380 5
22410 5
22440 5
22470 5
22500 5
22530 5
22560 5
22590 5
22620 5
22650 5
22680 5
22710 5
22740 5
22770 5
22800 5
22830 5
22860 5
22890 5
22920 5
22950 5
22980 5
23010 5
23040 5
23070 5
23100 5
23130 5
23160 5
23190 5
23220 5
23250 5
23280 5
23310 5
23340 5
23370 5
23400 5
23430 5
23460 0
23490 1
23520 1
23550 1
23580 1
23610 1
23640 0
23670 0
23700 1
23730 1
23760 2
23790 2
23820 2
23850 2
23880 2
23910 2
23940 2
23970 2
24000 2
24030 2
24060 2
24090 2
24120 2
24150 2
24180 2
24210 2
24240 2
24270 2
24300 2
24330 1
24360 2
24390 5
24420 5
24450 5
24480 5
24510 5
24540 5
24570 5
24600 5
24630 2
24660 2
24690 2
24720 2
24750 2
24780 2
24810 2
24840 2
24870 2
24900 2
24930 2
24960 2
24990 2
25020 2
25050 2
25080 2
25110 2
25140 2
25170 2
25200 2
25230 2
25260 2
25290 2
25320 2
25350 2
25380 2
25410 2
25440 2
25470 2
25500 2
25530 2
25560 2
25590 2
25620 2
25650 2
25680 2
25710 2
25740 2
25770 2
25800 2
25830 2
25860 2
25890 2
25920 2
25950 2
25980 2
26010 2
26040 2
26070 2
26100 2
26130 2
26160 2
26190 2
26220 2
26250 2
26280 2
26310 2
26340 2
26370 2
26400 1
26430 1
26460 2
26490 2
26520 2
26550 2
26580 2
26610 2
26640 2
26670 2
26700 2
26730 2
26760 2
26790 2
26820 2
26850 1
26880 2
26910 2
26940 2
26970 2
27000 2
27030 2
27060 2
27090 2
27120 2
27150 2
27180 2
27210 5
27240 5
27270 5
27300 5
27330 5
27360 5
27390 5
27420 5
27450 5
27480 5
27510 5
27540 5
27570 5
27600 5
27630 5
27660 5
27690 5
27720 5
27750 5
27780 5
27810 5
27840 5
27870 5
27900 5
27930 5
27960 5
27990 5
28020 5
28050 5
28080 5
28110 5
28140 5
28170 5
28200 5
28230 5
28260 5
28290 5
28320 1
28350 1
28380 2
28410 2
28440 2
28470 2
28500 2
28530 2
28560 0
28590 1
28620 1
28650 1
28680 0
28710 1
28740 1
28770 1
28800 0
28830 1
28860 1
28890 -1
28920 -1
