0 -1
30 -1
60 -1
90 -1
120 -1
150 -1
180 -1
210 -1
240 -1
270 -1
300 -1
330 -1
360 -1
390 -1
420 -1
450 -1
480 -1
510 -1
540 -1
570 -1
600 -1
630 -1
660 -1
690 -1
720 -1
750 -1
780 -1
810 -1
840 0
870 0
900 0
930 0
960 0
990 0
1020 0
1050 0
1080 0
1110 0
1140 0
1170 0
1200 0
1230 0
1260 0
1290 0
1320 0
1350 0
1380 1
1410 1
1440 1
1470 1
1500 1
1530 1
1560 1
1590 1
1620 1
1650 2
1680 2
1710 2
1740 2
1770 2
1800 2
1830 2
1860 2
1890 2
1920 2
1950 2
1980 2
2010 2
2040 2
2070 2
2100 2
2130 2
2160 2
2190 2
2220 2
2250 2
2280 2
2310 2
2340 2
2370 2
2400 2
2430 2
2460 2
2490 3
2520 2
2550 2
2580 2
2610 2
2640 2
2670 2
2700 3
2730 3
2760 3
2790 3
2820 3
2850 3
2880 3
2910 3
2940 3
2970 3
3000 3
3030 3
3060 3
3090 3
3120 3
3150 3
3180 3
3210 3
3240 3
3270 3
3300 3
3330 3
3360 3
3390 3
3420 3
3450 3
3480 3
3510 3
3540 3
3570 3
3600 3
3630 3
3660 3
3690 3
3720 3
3750 3
3780 3
3810 3
3840 3
3870 3
3900 3
3930 3
3960 0
3990 1
4020 1
4050 2
4080 2
4110 2
4140 2
4170 2
4200 2
4230 2
4260 2
4290 2
4320 1
4350 2
4380 2
4410 2
4440 2
4470 2
4500 2
4530 2
4560 2
4590 2
4620 2
4650 2
4680 2
4710 2
4740 2
4770 2
4800 2
4830 2
4860 2
4890 2
4920 2
4950 2
4980 2
5010 2
5040 2
5070 2
5100 2
5130 2
5160 2
5190 2
5220 2
5250 2
5280 2
5310 2
5340 2
5370 2
5400 2
5430 2
5460 2
5490 2
5520 2
5550 2
5580 2
5610 2
5640 2
5670 2
5700 2
5730 2
5760 2
5790 2
5820 2
5850 2
5880 2
5910 2
5940 2
5970 2
6000 2
6030 2
6060 2
6090 2
6120 2
6150 2
6180 2
6210 2
6240 0
6270 0
6300 1
6330 1
6360 1
6390 2
6420 2
6450 2
6480 2
6510 2
6540 2
6570 2
6600 2
6630 2
6660 2
6690 2
6720 2
6750 2
6780 5
6810 5
6840 5
6870 5
6900 5
6930 5
6960 5
6990 5
7020 5
7050 5
7080 5
7110 5
7140 5
7170 5
7200 5
7230 5
7260 5
7290 5
7320 5
7350 5
7380 5
7410 5
7440 5
7470 5
7500 5
7530 5
7560 5
7590 5
7620 5
7650 5
7680 5
7710 5
7740 5
7770 1
7800 1
7830 1
7860 2
7890 2
7920 2
7950 2
7980 2
8010 2
8040 2
8070 2
8100 2
8130 2
8160 2
8190 0
8220 1
8250 2
8280 2
8310 1
8340 1
8370 2
8400 2
8430 2
8460 2
8490 2
8520 2
8550 2
8580 2
8610 2
8640 2
8670 2
8700 2
8730 2
8760 2
8790 3
8820 3
8850 3
8880 3
8910 3
8940 3
8970 3
9000 3
9030 3
9060 3
9090 3
9120 3
9150 3
9180 3
9210 3
9240 3
9270 3
9300 2
9330 3
9360 3
9390 3
9420 2
9450 2
9480 2
9510 2
9540 2
9570 3
9600 3
9630 3
9660 2
9690 3
9720 3
9750 3
9780 3
9810 3
9840 3
9870 3
9900 3
9930 2
9960 2
9990 3
10020 3
10050 3
10080 3
10110 3
10140 3
10170 3
10200 3
10230 3
10260 3
10290 3
10320 0
10350 1
10380 1
10410 1
10440 2
10470 2
10500 2
10530 2
10560 2
10590 2
10620 2
10650 2
10680 2
10710 2
10740 2
10770 2
10800 2
10830 3
10860 3
10890 3
10920 3
10950 3
10980 3
11010 3
11040 3
11070 3
11100 3
11130 3
11160 0
11190 1
11220 1
11250 2
11280 1
11310 2
11340 2
11370 2
11400 2
11430 2
11460 2
11490 2
11520 2
11550 2
11580 2
11610 2
11640 2
11670 2
11700 2
11730 2
11760 2
11790 2
11820 2
11850 2
11880 2
11910 2
11940 2
11970 2
12000 2
12030 3
12060 3
12090 3
12120 3
12150 3
12180 3
12210 3
12240 3
12270 3
12300 2
12330 3
12360 3
12390 3
12420 3
12450 3
12480 3
12510 3
12540 3
12570 3
12600 3
12630 3
12660 3
12690 3
12720 3
12750 3
12780 3
12810 3
12840 2
12870 2
12900 2
12930 2
12960 2
12990 2
13020 2
13050 2
13080 5
13110 5
13140 5
13170 5
13200 5
13230 5
13260 5
13290 5
13320 5
13350 5
13380 5
13410 5
13440 5
13470 5
13500 5
13530 5
13560 5
13590 5
13620 5
13650 5
13680 5
13710 5
13740 5
13770 5
13800 5
13830 5
13860 5
13890 5
13920 5
13950 5
13980 5
14010 5
14040 5
14070 5
14100 5
14130 5
14160 5
14190 5
14220 5
14250 5
14280 1
14310 1
14340 2
14370 2
14400 5
14430 5
14460 5
14490 5
14520 5
14550 5
14580 2
14610 2
14640 2
14670 2
14700 2
14730 5
14760 5
14790 5
14820 5
14850 5
14880 5
14910 5
14940 2
14970 2
15000 2
15030 2
15060 2
15090 2
15120 2
15150 2
15180 2
15210 2
15240 2
15270 2
15300 2
15330 2
15360 2
15390 2
15420 2
15450 2
15480 2
15510 2
15540 2
15570 2
15600 2
15630 2
15660 2
15690 2
15720 2
15750 2
15780 2
15810 2
15840 2
15870 2
15900 3
15930 3
15960 3
15990 3
16020 3
16050 3
16080 3
16110 3
16140 3
16170 3
16200 3
16230 3
16260 3
16290 3
16320 3
16350 3
16380 3
16410 3
16440 3
16470 3
16500 3
16530 3
16560 3
16590 3
16620 3
16650 3
16680 3
16710 3
16740 3
16770 3
16800 3
16830 3
16860 3
16890 3
16920 3
16950 3
16980 3
17010 3
17040 3
17070 3
17100 3
17130 3
17160 3
17190 3
17220 3
17250 3
17280 3
17310 3
17340 3
17370 3
17400 0
17430 0
17460 1
17490 1
17520 2
17550 2
17580 2
17610 2
17640 2
17670 2
17700 2
17730 1
17760 2
17790 2
17820 2
17850 2
17880 2
17910 2
17940 2
17970 2
18000 1
18030 2
18060 2
18090 2
18120 2
18150 2
18180 2
18210 2
18240 2
18270 2
18300 2
18330 2
18360 1
18390 2
18420 2
18450 2
18480 2
18510 2
18540 2
18570 2
18600 2
18630 1
18660 2
18690 2
18720 2
18750 2
18780 2
18810 0
18840 1
18870 1
18900 1
18930 1
18960 1
18990 1
19020 1
19050 1
19080 1
19110 2
19140 2
19170 2
19200 2
19230 2
19260 2
19290 2
19320 2
19350 2
19380 2
19410 2
19440 2
19470 2
19500 2
19530 2
19560 2
19590 2
19620 2
19650 2
19680 2
19710 2
19740 2
19770 2
19800 2
19830 1
19860 1
19890 2
19920 2
19950 2
19980 2
20010 2
20040 2
20070 2
20100 2
20130 2
20160 2
20190 2
20220 2
20250 2
20280 2
20310 2
20340 2
20370 2
20400 2
20430 2
20460 2
20490 2
20520 2
20550 2
20580 2
20610 2
20640 2
20670 2
20700 2
20730 2
20760 2
20790 2
20820 2
20850 2
20880 2
20910 2
20940 2
20970 2
21000 2
21030 2
21060 2
21090 2
21120 2
21150 2
21180 2
21210 2
21240 2
21270 5
21300 5
21330 5
21360 5
21390 5
21420 5
21450 5
21480 5
21510 5
21540 5
21570 5
21600 5
21630 5
21660 5
21690 5
21720 5
21750 5
21780 5
21810 5
21840 5
21870 5
21900 5
21930 5
21960 5
21990 5
22020 5
22050 0
22080 5
22110 5
22140 5
22170 5
22200 5
22230 5
22260 5
22290 5
22320 5
22350 5
22380 5
22410 5
22440 5
22470 5
22500 5
22530 5
22560 5
22590 5
22620 5
22650 5
22680 5
22710 5
22740 5
22770 5
22800 5
22830 5
22860 5
22890 5
22920 5
22950 5
22980 5
23010 5
23040 5
23070 5
23100 5
23130 5
23160 5
23190 5
23220 5
23250 5
23280 5
23310 5
23340 5
23370 5
23400 5
23430 5
23460 5
23490 2
23520 2
23550 2
23580 2
23610 2
23640 1
23670 1
23700 2
23730 2
23760 1
23790 1
23820 2
23850 2
23880 2
23910 2
23940 2
23970 2
24000 2
24030 2
24060 2
24090 2
24120 2
24150 2
24180 2
24210 2
24240 2
24270 2
24300 2
24330 1
24360 1
24390 2
24420 2
24450 2
24480 2
24510 2
24540 2
24570 2
24600 2
24630 2
24660 2
24690 2
24720 2
24750 2
24780 2
24810 2
24840 2
24870 2
24900 2
24930 2
24960 2
24990 2
25020 2
25050 2
25080 2
25110 2
25140 2
25170 2
25200 2
25230 2
25260 2
25290 2
25320 2
25350 2
25380 2
25410 2
25440 2
25470 2
25500 2
25530 2
25560 3
25590 3
25620 3
25650 3
25680 2
25710 2
25740 2
25770 2
25800 2
25830 2
25860 2
25890 2
25920 2
25950 2
25980 2
26010 2
26040 2
26070 3
26100 3
26130 3
26160 3
26190 3
26220 3
26250 3
26280 3
26310 3
26340 3
26370 3
26400 3
26430 3
26460 3
26490 3
26520 3
26550 3
26580 1
26610 1
26640 1
26670 1
26700 1
26730 1
26760 1
26790 2
26820 2
26850 2
26880 2
26910 2
26940 2
26970 2
27000 2
27030 2
27060 2
27090 2
27120 2
27150 2
27180 5
27210 5
27240 5
27270 5
27300 5
27330 5
27360 5
27390 5
27420 5
27450 5
27480 5
27510 5
27540 5
27570 5
27600 5
27630 5
27660 5
27690 5
27720 5
27750 5
27780 5
27810 5
27840 5
27870 5
27900 5
27930 5
27960 5
27990 5
28020 5
28050 5
28080 5
28110 5
28140 5
28170 5
28200 5
28230 5
28260 5
28290 5
28320 5
28350 5
28380 5
28410 5
28440 5
28470 5
28500 5
28530 5
28560 5
28590 0
28620 1
28650 1
28680 1
28710 1
28740 1
28770 1
28800 1
28830 1
28860 1
28890 1
28920 1
28950 1
28980 1
29010 1
29040 1
29070 1
29100 1
29130 1
29160 1
29190 1
29220 1
29250 1
29280 1
29310 2
29340 2
29370 1
29400 1
29430 1
29460 1
29490 -1
29520 -1
