0 0
30 0
60 0
90 0
120 0
150 0
180 0
210 0
240 0
270 0
300 0
330 0
360 0
390 0
420 0
450 0
480 0
510 0
540 0
570 0
600 0
630 0
660 0
690 0
720 0
750 0
780 0
810 0
840 0
870 0
900 0
930 0
960 0
990 0
1020 0
1050 0
1080 0
1110 0
1140 0
1170 0
1200 0
1230 0
1260 0
1290 0
1320 0
1350 0
1380 0
1410 0
1440 0
1470 0
1500 0
1530 0
1560 0
1590 0
1620 0
1650 0
1680 0
1710 0
1740 0
1770 0
1800 0
1830 0
1860 0
1890 0
1920 0
1950 0
1980 0
2010 0
2040 0
2070 0
2100 0
2130 0
2160 0
2190 0
2220 0
2250 0
2280 0
2310 0
2340 0
2370 0
2400 0
2430 0
2460 1
2490 1
2520 1
2550 1
2580 1
2610 1
2640 0
2670 1
2700 1
2730 1
2760 2
2790 1
2820 2
2850 2
2880 2
2910 2
2940 2
2970 2
3000 2
3030 2
3060 2
3090 2
3120 2
3150 2
3180 2
3210 2
3240 2
3270 2
3300 2
3330 2
3360 2
3390 2
3420 2
3450 2
3480 2
3510 0
3540 2
3570 2
3600 2
3630 2
3660 2
3690 2
3720 2
3750 2
3780 2
3810 2
3840 2
3870 2
3900 2
3930 2
3960 2
3990 2
4020 3
4050 3
4080 2
4110 2
4140 2
4170 2
4200 2
4230 2
4260 2
4290 2
4320 2
4350 3
4380 3
4410 3
4440 3
4470 3
4500 4
4530 4
4560 2
4590 2
4620 3
4650 4
4680 4
4710 4
4740 4
4770 4
4800 4
4830 4
4860 4
4890 4
4920 4
4950 3
4980 3
5010 3
5040 3
5070 4
5100 3
5130 3
5160 3
5190 3
5220 3
5250 4
5280 3
5310 4
5340 4
5370 4
5400 4
5430 4
5460 4
5490 4
5520 4
5550 4
5580 4
5610 4
5640 4
5670 4
5700 4
5730 4
5760 4
5790 4
5820 4
5850 4
5880 4
5910 4
5940 4
5970 4
6000 4
6030 3
6060 4
6090 4
6120 4
6150 4
6180 4
6210 4
6240 4
6270 4
6300 4
6330 4
6360 4
6390 4
6420 4
6450 4
6480 4
6510 4
6540 4
6570 4
6600 4
6630 4
6660 4
6690 4
6720 2
6750 2
6780 2
6810 2
6840 2
6870 2
6900 2
6930 2
6960 2
6990 2
7020 2
7050 5
7080 5
7110 5
7140 0
7170 5
7200 5
7230 5
7260 5
7290 5
7320 5
7350 5
7380 5
7410 5
7440 5
7470 5
7500 5
7530 5
7560 5
7590 5
7620 5
7650 5
7680 5
7710 5
7740 5
7770 5
7800 5
7830 0
7860 5
7890 5
7920 5
7950 5
7980 5
8010 5
8040 1
8070 5
8100 5
8130 5
8160 5
8190 5
8220 5
8250 5
8280 5
8310 5
8340 5
8370 5
8400 5
8430 5
8460 5
8490 5
8520 5
8550 5
8580 5
8610 5
8640 5
8670 5
8700 5
8730 5
8760 5
8790 5
8820 5
8850 0
8880 1
8910 1
8940 1
8970 2
9000 2
9030 2
9060 2
9090 2
9120 2
9150 2
9180 2
9210 2
9240 2
9270 2
9300 2
9330 2
9360 2
9390 0
9420 2
9450 2
9480 2
9510 2
9540 2
9570 2
9600 2
9630 2
9660 2
9690 2
9720 2
9750 2
9780 2
9810 2
9840 2
9870 2
9900 2
9930 2
9960 2
9990 2
10020 2
10050 2
10080 2
10110 2
10140 2
10170 2
10200 2
10230 2
10260 2
10290 2
10320 2
10350 2
10380 2
10410 2
10440 2
10470 1
10500 2
10530 2
10560 1
10590 2
10620 2
10650 2
10680 2
10710 2
10740 2
10770 2
10800 2
10830 2
10860 2
10890 2
10920 2
10950 2
10980 2
11010 2
11040 2
11070 2
11100 3
11130 2
11160 3
11190 2
11220 2
11250 2
11280 2
11310 2
11340 2
11370 2
11400 2
11430 2
11460 2
11490 2
11520 2
11550 2
11580 2
11610 2
11640 2
11670 2
11700 2
11730 2
11760 3
11790 3
11820 3
11850 3
11880 3
11910 3
11940 4
11970 3
12000 4
12030 4
12060 3
12090 4
12120 3
12150 4
12180 3
12210 3
12240 4
12270 4
12300 4
12330 4
12360 3
12390 3
12420 3
12450 3
12480 3
12510 3
12540 4
12570 4
12600 4
12630 4
12660 4
12690 4
12720 4
12750 4
12780 4
12810 4
12840 4
12870 4
12900 4
12930 4
12960 3
12990 2
13020 2
13050 3
13080 2
13110 3
13140 2
13170 2
13200 2
13230 2
13260 2
13290 2
13320 2
13350 2
13380 1
13410 5
13440 5
13470 1
13500 1
13530 5
13560 5
13590 5
13620 5
13650 5
13680 5
13710 5
13740 1
13770 5
13800 5
13830 5
13860 5
13890 5
13920 5
13950 5
13980 5
14010 5
14040 5
14070 5
14100 5
14130 5
14160 5
14190 0
14220 0
14250 1
14280 5
14310 5
14340 5
14370 5
14400 5
14430 5
14460 5
14490 5
14520 5
14550 5
14580 5
14610 5
14640 5
14670 5
14700 5
14730 1
14760 5
14790 1
14820 1
14850 0
14880 5
14910 5
14940 1
14970 1
15000 1
15030 5
15060 5
15090 1
15120 0
15150 1
15180 1
15210 5
15240 5
15270 1
15300 1
15330 1
15360 1
15390 1
15420 5
15450 5
15480 5
15510 5
15540 5
15570 5
15600 5
15630 5
15660 1
15690 5
15720 5
15750 5
15780 5
15810 5
15840 5
15870 5
15900 5
15930 5
15960 2
15990 2
16020 2
16050 2
16080 2
16110 2
16140 2
16170 2
16200 2
16230 2
16260 2
16290 2
16320 2
16350 2
16380 2
16410 2
16440 2
16470 2
16500 2
16530 2
16560 2
16590 2
16620 2
16650 2
16680 2
16710 2
16740 2
16770 2
16800 2
16830 2
16860 2
16890 2
16920 2
16950 2
16980 2
17010 2
17040 2
17070 2
17100 2
17130 2
17160 2
17190 2
17220 2
17250 2
17280 2
17310 2
17340 2
17370 2
17400 2
17430 2
17460 2
17490 2
17520 2
17550 2
17580 2
17610 2
17640 2
17670 2
17700 2
17730 2
17760 2
17790 2
17820 2
17850 2
17880 2
17910 2
17940 2
17970 2
18000 2
18030 2
18060 2
18090 2
18120 2
18150 2
18180 2
18210 2
18240 2
18270 2
18300 2
18330 2
18360 2
18390 2
18420 2
18450 2
18480 2
18510 2
18540 2
18570 2
18600 2
18630 2
18660 2
18690 3
18720 2
18750 2
18780 2
18810 2
18840 3
18870 2
18900 2
18930 3
18960 2
18990 2
19020 2
19050 2
19080 2
19110 2
19140 2
19170 2
19200 2
19230 2
19260 2
19290 2
19320 2
19350 2
19380 2
19410 2
19440 2
19470 2
19500 2
19530 1
19560 1
19590 2
19620 2
19650 2
19680 2
19710 2
19740 2
19770 2
19800 2
19830 2
19860 2
19890 2
19920 2
19950 2
19980 2
20010 2
20040 2
20070 2
20100 2
20130 2
20160 2
20190 5
20220 1
20250 5
20280 5
20310 5
20340 5
20370 1
20400 5
20430 5
20460 5
20490 5
20520 1
20550 5
20580 5
20610 5
20640 5
20670 5
20700 5
20730 5
20760 5
20790 5
20820 5
20850 0
20880 5
20910 5
20940 5
20970 5
21000 5
21030 5
21060 5
21090 5
21120 5
21150 5
21180 5
21210 5
21240 5
21270 5
21300 5
21330 5
21360 5
21390 5
21420 5
21450 5
21480 5
21510 5
21540 1
21570 0
21600 5
21630 5
21660 5
21690 5
21720 5
21750 5
21780 5
21810 5
21840 5
21870 5
21900 5
21930 5
21960 5
21990 5
22020 5
22050 5
22080 5
22110 5
22140 5
22170 5
22200 5
22230 5
22260 5
22290 5
22320 5
22350 5
22380 5
22410 5
22440 1
22470 5
22500 5
22530 5
22560 5
22590 5
22620 5
22650 5
22680 5
22710 5
22740 5
22770 5
22800 5
22830 5
22860 5
22890 5
22920 5
22950 5
22980 5
23010 5
23040 5
23070 5
23100 5
23130 5
23160 1
23190 1
23220 5
23250 5
23280 5
23310 5
23340 5
23370 5
23400 5
23430 5
23460 5
23490 2
23520 2
23550 2
23580 2
23610 2
23640 2
23670 2
23700 2
23730 2
23760 2
23790 2
23820 2
23850 1
23880 2
23910 2
23940 2
23970 2
24000 2
24030 2
24060 2
24090 2
24120 2
24150 2
24180 2
24210 2
24240 2
24270 2
24300 2
24330 2
24360 2
24390 2
24420 2
24450 2
24480 2
24510 2
24540 2
24570 2
24600 2
24630 2
24660 2
24690 2
24720 2
24750 2
24780 2
24810 2
24840 2
24870 2
24900 2
24930 2
24960 2
24990 2
25020 2
25050 2
25080 2
25110 2
25140 2
25170 2
25200 2
25230 2
25260 2
25290 3
25320 2
25350 2
25380 2
25410 2
25440 2
25470 2
25500 2
25530 2
25560 2
25590 2
25620 2
25650 2
25680 2
25710 2
25740 2
25770 3
25800 3
25830 3
25860 2
25890 3
25920 2
25950 2
25980 2
26010 2
26040 2
26070 2
26100 2
26130 2
26160 2
26190 2
26220 2
26250 1
26280 2
26310 2
26340 2
26370 2
26400 2
26430 2
26460 2
26490 2
26520 2
26550 2
26580 1
26610 2
26640 2
26670 2
26700 2
26730 2
26760 2
26790 2
26820 5
26850 5
26880 5
26910 5
26940 5
26970 5
27000 5
27030 5
27060 5
27090 5
27120 5
27150 5
27180 5
27210 5
27240 5
27270 5
27300 5
27330 5
27360 5
27390 5
27420 5
27450 5
27480 5
27510 5
27540 5
27570 5
27600 5
27630 5
27660 5
27690 5
27720 5
27750 5
27780 5
27810 5
27840 5
27870 5
27900 5
27930 5
27960 5
27990 5
28020 5
28050 5
28080 5
28110 5
28140 5
28170 5
28200 5
28230 5
28260 5
28290 5
28320 5
28350 5
28380 5
28410 0
28440 5
28470 5
28500 5
28530 5
28560 5
28590 5
28620 5
28650 5
28680 5
28710 5
28740 5
28770 5
28800 5
28830 5
28860 5
28890 5
28920 5
28950 5
28980 5
29010 5
29040 5
29070 5
29100 5
29130 5
