0 -1
30 -1
60 -1
90 -1
120 -1
150 -1
180 -1
210 -1
240 -1
270 -1
300 -1
330 -1
360 -1
390 -1
420 -1
450 -1
480 -1
510 -1
540 -1
570 -1
600 -1
630 -1
660 -1
690 -1
720 -1
750 -1
780 -1
810 -1
840 -1
870 -1
900 -1
930 -1
960 -1
990 -1
1020 -1
1050 -1
1080 -1
1110 -1
1140 -1
1170 -1
1200 -1
1230 -1
1260 -1
1290 -1
1320 0
1350 0
1380 0
1410 0
1440 0
1470 0
1500 0
1530 0
1560 0
1590 0
1620 0
1650 0
1680 0
1710 0
1740 0
1770 0
1800 0
1830 0
1860 0
1890 0
1920 0
1950 0
1980 1
2010 1
2040 2
2070 2
2100 2
2130 2
2160 2
2190 1
2220 1
2250 2
2280 2
2310 2
2340 2
2370 2
2400 2
2430 2
2460 0
2490 1
2520 2
2550 2
2580 2
2610 2
2640 2
2670 2
2700 2
2730 2
2760 2
2790 2
2820 2
2850 2
2880 2
2910 2
2940 3
2970 3
3000 3
3030 3
3060 0
3090 2
3120 2
3150 2
3180 2
3210 2
3240 2
3270 2
3300 2
3330 3
3360 3
3390 3
3420 3
3450 0
3480 0
3510 1
3540 1
3570 2
3600 2
3630 2
3660 2
3690 2
3720 2
3750 2
3780 1
3810 2
3840 2
3870 2
3900 2
3930 3
3960 3
3990 3
4020 3
4050 3
4080 3
4110 0
4140 1
4170 0
4200 0
4230 1
4260 1
4290 1
4320 1
4350 2
4380 2
4410 2
4440 2
4470 2
4500 2
4530 2
4560 2
4590 2
4620 2
4650 2
4680 2
4710 2
4740 3
4770 3
4800 3
4830 3
4860 3
4890 3
4920 3
4950 3
4980 3
5010 3
5040 3
5070 3
5100 3
5130 3
5160 3
5190 0
5220 1
5250 2
5280 2
5310 1
5340 2
5370 2
5400 2
5430 2
5460 2
5490 2
5520 3
5550 3
5580 3
5610 3
5640 3
5670 3
5700 3
5730 3
5760 3
5790 3
5820 3
5850 3
5880 3
5910 3
5940 3
5970 3
6000 3
6030 3
6060 3
6090 0
6120 2
6150 2
6180 2
6210 2
6240 2
6270 2
6300 2
6330 2
6360 2
6390 2
6420 2
6450 2
6480 2
6510 2
6540 2
6570 2
6600 2
6630 2
6660 2
6690 2
6720 2
6750 2
6780 2
6810 2
6840 2
6870 2
6900 2
6930 2
6960 2
6990 2
7020 2
7050 2
7080 2
7110 2
7140 2
7170 2
7200 2
7230 2
7260 2
7290 0
7320 0
7350 0
7380 0
7410 0
7440 1
7470 1
7500 2
7530 2
7560 2
7590 2
7620 2
7650 2
7680 2
7710 2
7740 2
7770 2
7800 2
7830 2
7860 2
7890 2
7920 2
7950 2
7980 2
8010 2
8040 2
8070 2
8100 2
8130 2
8160 2
8190 2
8220 2
8250 2
8280 2
8310 2
8340 2
8370 2
8400 3
8430 3
8460 3
8490 3
8520 3
8550 3
8580 3
8610 3
8640 3
8670 3
8700 3
8730 3
8760 3
8790 3
8820 3
8850 2
8880 2
8910 2
8940 2
8970 2
9000 2
9030 2
9060 2
9090 3
9120 3
9150 3
9180 3
9210 3
9240 3
9270 3
9300 3
9330 3
9360 3
9390 3
9420 3
9450 3
9480 2
9510 2
9540 2
9570 2
9600 2
9630 3
9660 3
9690 3
9720 3
9750 3
9780 3
9810 3
9840 3
9870 3
9900 3
9930 3
9960 3
9990 3
10020 3
10050 3
10080 3
10110 3
10140 3
10170 2
10200 2
10230 1
10260 1
10290 2
10320 2
10350 2
10380 2
10410 2
10440 2
10470 2
10500 2
10530 2
10560 2
10590 2
10620 2
10650 2
10680 5
10710 5
10740 5
10770 5
10800 5
10830 5
10860 5
10890 5
10920 5
10950 5
10980 5
11010 5
11040 5
11070 5
11100 5
11130 5
11160 5
11190 5
11220 5
11250 5
11280 5
11310 5
11340 5
11370 5
11400 5
11430 5
11460 5
11490 5
11520 5
11550 5
11580 5
11610 5
11640 5
11670 5
11700 5
11730 5
11760 5
11790 5
11820 5
11850 5
11880 5
11910 5
11940 0
11970 1
12000 2
12030 2
12060 2
12090 2
12120 2
12150 2
12180 2
12210 2
12240 2
12270 2
12300 2
12330 2
12360 2
12390 2
12420 2
12450 2
12480 2
12510 2
12540 2
12570 2
12600 2
12630 2
12660 2
12690 2
12720 2
12750 2
12780 2
12810 2
12840 2
12870 2
12900 2
12930 2
12960 2
12990 2
13020 2
13050 2
13080 2
13110 2
13140 2
13170 2
13200 2
13230 2
13260 3
13290 3
13320 3
13350 3
13380 3
13410 3
13440 3
13470 3
13500 3
13530 3
13560 3
13590 3
13620 3
13650 3
13680 3
13710 3
13740 3
13770 3
13800 3
13830 0
13860 0
13890 1
13920 1
13950 2
13980 2
14010 2
14040 2
14070 2
14100 2
14130 2
14160 2
14190 2
14220 2
14250 2
14280 2
14310 2
14340 2
14370 2
14400 2
14430 2
14460 2
14490 2
14520 2
14550 2
14580 2
14610 2
14640 2
14670 2
14700 2
14730 1
14760 1
14790 1
14820 2
14850 2
14880 2
14910 2
14940 2
14970 2
15000 2
15030 2
15060 2
15090 2
15120 2
15150 2
15180 2
15210 2
15240 2
15270 2
15300 2
15330 2
15360 2
15390 2
15420 2
15450 2
15480 2
15510 2
15540 2
15570 2
15600 3
15630 1
15660 1
15690 1
15720 1
15750 1
15780 2
15810 2
15840 2
15870 2
15900 2
15930 2
15960 2
15990 2
16020 2
16050 2
16080 2
16110 2
16140 2
16170 2
16200 2
16230 2
16260 2
16290 2
16320 2
16350 2
16380 2
16410 2
16440 2
16470 2
16500 2
16530 2
16560 2
16590 2
16620 2
16650 2
16680 2
16710 2
16740 1
16770 2
16800 2
16830 2
16860 2
16890 2
16920 2
16950 2
16980 2
17010 2
17040 2
17070 2
17100 2
17130 1
17160 2
17190 2
17220 2
17250 2
17280 2
17310 2
17340 2
17370 2
17400 2
17430 2
17460 2
17490 2
17520 2
17550 2
17580 2
17610 2
17640 2
17670 2
17700 2
17730 2
17760 2
17790 2
17820 2
17850 2
17880 5
17910 5
17940 5
17970 5
18000 5
18030 5
18060 5
18090 5
18120 5
18150 5
18180 5
18210 5
18240 5
18270 5
18300 5
18330 5
18360 5
18390 5
18420 5
18450 5
18480 5
18510 5
18540 5
18570 5
18600 5
18630 5
18660 5
18690 5
18720 5
18750 5
18780 5
18810 5
18840 5
18870 5
18900 5
18930 5
18960 5
18990 5
19020 5
19050 5
19080 5
19110 5
19140 5
19170 5
19200 5
19230 5
19260 5
19290 5
19320 5
19350 5
19380 5
19410 5
19440 5
19470 5
19500 0
19530 0
19560 5
19590 5
19620 5
19650 5
19680 5
19710 5
19740 5
19770 5
19800 5
19830 5
19860 5
19890 5
19920 5
19950 5
19980 5
20010 5
20040 5
20070 5
20100 5
20130 5
20160 0
20190 0
20220 0
20250 1
20280 1
20310 1
20340 1
20370 2
20400 2
20430 2
20460 2
20490 2
20520 0
20550 1
20580 0
20610 0
20640 0
20670 0
20700 0
20730 0
20760 0
20790 0
20820 0
20850 0
20880 0
20910 0
20940 0
20970 0
21000 0
21030 0
21060 0
21090 0
21120 0
21150 0
21180 0
21210 0
21240 0
21270 0
21300 0
21330 0
21360 0
21390 0
21420 0
21450 0
21480 0
21510 0
21540 0
21570 0
21600 0
21630 0
21660 1
21690 1
21720 1
21750 1
21780 1
21810 1
21840 1
21870 1
21900 1
21930 2
21960 2
21990 1
22020 0
22050 1
22080 1
22110 1
22140 1
22170 1
22200 1
22230 1
22260 1
22290 2
22320 2
22350 2
22380 2
22410 1
22440 1
22470 2
22500 2
22530 2
22560 2
22590 2
22620 2
22650 2
22680 2
22710 1
22740 0
22770 0
22800 0
22830 0
22860 0
22890 0
22920 0
22950 1
22980 1
23010 1
23040 1
23070 1
23100 1
23130 1
23160 2
23190 1
23220 1
23250 2
23280 1
23310 2
23340 2
23370 2
23400 2
23430 2
23460 2
23490 2
23520 2
23550 1
23580 1
23610 2
23640 2
23670 2
23700 2
23730 2
23760 2
23790 2
23820 2
23850 2
23880 2
23910 2
23940 2
23970 1
24000 2
24030 1
24060 2
24090 2
24120 2
24150 2
24180 2
24210 2
24240 2
24270 2
24300 2
24330 2
24360 2
24390 2
24420 1
24450 1
24480 2
24510 2
24540 2
24570 2
24600 2
24630 2
24660 2
24690 2
24720 2
24750 2
24780 2
24810 2
24840 2
24870 2
24900 2
24930 2
24960 2
24990 2
25020 2
25050 2
25080 2
25110 1
25140 2
25170 2
25200 2
25230 2
25260 2
25290 2
25320 2
25350 2
25380 2
25410 2
25440 2
25470 2
25500 2
25530 2
25560 2
25590 2
25620 5
25650 5
25680 5
25710 5
25740 5
25770 5
25800 5
25830 5
25860 5
25890 5
25920 5
25950 5
25980 5
26010 5
26040 5
26070 5
26100 5
26130 5
26160 5
26190 5
26220 5
26250 5
26280 5
26310 5
26340 5
26370 5
26400 5
26430 5
26460 5
26490 5
26520 5
26550 5
26580 5
26610 5
26640 5
26670 5
26700 5
26730 5
26760 5
26790 5
26820 5
26850 5
26880 5
26910 5
26940 5
26970 5
27000 5
27030 5
27060 5
27090 5
27120 5
27150 5
27180 5
27210 5
27240 5
27270 5
27300 5
27330 5
27360 5
27390 5
27420 5
27450 5
27480 5
27510 5
27540 5
27570 5
27600 5
27630 5
27660 5
27690 5
27720 5
27750 5
27780 5
27810 5
27840 5
27870 5
27900 5
27930 5
27960 5
27990 5
28020 5
28050 5
28080 5
28110 0
28140 0
28170 0
28200 0
28230 -1
28260 -1
28290 -1
28320 -1
28350 -1
28380 -1
28410 -1
28440 -1
