0 -1
30 -1
60 -1
90 -1
120 -1
150 -1
180 -1
210 -1
240 -1
270 -1
300 -1
330 -1
360 -1
390 -1
420 -1
450 -1
480 0
510 0
540 0
570 0
600 0
630 0
660 0
690 0
720 0
750 0
780 0
810 0
840 0
870 0
900 0
930 0
960 0
990 0
1020 0
1050 0
1080 0
1110 0
1140 0
1170 0
1200 0
1230 0
1260 0
1290 1
1320 1
1350 2
1380 2
1410 2
1440 2
1470 2
1500 2
1530 2
1560 2
1590 2
1620 2
1650 2
1680 2
1710 2
1740 2
1770 2
1800 2
1830 2
1860 2
1890 2
1920 2
1950 2
1980 2
2010 2
2040 2
2070 2
2100 2
2130 2
2160 2
2190 2
2220 2
2250 2
2280 2
2310 2
2340 2
2370 2
2400 2
2430 3
2460 3
2490 3
2520 3
2550 3
2580 3
2610 3
2640 3
2670 3
2700 3
2730 3
2760 3
2790 3
2820 3
2850 3
2880 3
2910 3
2940 3
2970 3
3000 3
3030 3
3060 3
3090 3
3120 3
3150 3
3180 3
3210 3
3240 3
3270 3
3300 3
3330 3
3360 3
3390 3
3420 3
3450 3
3480 3
3510 3
3540 3
3570 3
3600 0
3630 2
3660 2
3690 2
3720 2
3750 2
3780 2
3810 2
3840 2
3870 2
3900 2
3930 2
3960 2
3990 2
4020 2
4050 2
4080 2
4110 2
4140 2
4170 2
4200 2
4230 2
4260 2
4290 2
4320 2
4350 2
4380 2
4410 2
4440 2
4470 2
4500 2
4530 5
4560 5
4590 5
4620 5
4650 5
4680 5
4710 5
4740 5
4770 5
4800 5
4830 5
4860 5
4890 -1
4920 0
4950 1
4980 2
5010 2
5040 1
5070 2
5100 2
5130 2
5160 2
5190 2
5220 2
5250 2
5280 2
5310 2
5340 2
5370 2
5400 2
5430 2
5460 2
5490 2
5520 2
5550 2
5580 2
5610 2
5640 2
5670 2
5700 2
5730 2
5760 2
5790 2
5820 2
5850 2
5880 2
5910 2
5940 3
5970 3
6000 3
6030 3
6060 3
6090 3
6120 3
6150 3
6180 3
6210 3
6240 3
6270 3
6300 3
6330 3
6360 3
6390 3
6420 3
6450 3
6480 3
6510 3
6540 3
6570 3
6600 3
6630 3
6660 3
6690 3
6720 3
6750 3
6780 0
6810 2
6840 2
6870 2
6900 2
6930 0
6960 0
6990 2
7020 2
7050 1
7080 1
7110 0
7140 0
7170 0
7200 1
7230 1
7260 2
7290 2
7320 2
7350 2
7380 2
7410 2
7440 2
7470 2
7500 2
7530 2
7560 2
7590 2
7620 2
7650 2
7680 2
7710 2
7740 2
7770 2
7800 2
7830 2
7860 2
7890 2
7920 2
7950 2
7980 2
8010 2
8040 2
8070 2
8100 2
8130 2
8160 2
8190 2
8220 2
8250 2
8280 2
8310 2
8340 2
8370 2
8400 0
8430 2
8460 2
8490 2
8520 2
8550 2
8580 2
8610 2
8640 2
8670 2
8700 2
8730 2
8760 2
8790 2
8820 0
8850 2
8880 2
8910 2
8940 2
8970 2
9000 2
9030 2
9060 2
9090 2
9120 2
9150 0
9180 1
9210 1
9240 2
9270 2
9300 2
9330 2
9360 2
9390 5
9420 5
9450 5
9480 5
9510 5
9540 5
9570 5
9600 5
9630 5
9660 5
9690 5
9720 5
9750 5
9780 5
9810 5
9840 5
9870 5
9900 5
9930 5
9960 5
9990 5
10020 5
10050 5
10080 5
10110 5
10140 5
10170 5
10200 5
10230 5
10260 5
10290 5
10320 5
10350 5
10380 5
10410 5
10440 5
10470 5
10500 5
10530 5
10560 5
10590 5
10620 5
10650 5
10680 5
10710 5
10740 5
10770 5
10800 5
10830 5
10860 5
10890 5
10920 5
10950 5
10980 5
11010 5
11040 5
11070 5
11100 5
11130 5
11160 5
11190 5
11220 5
11250 5
11280 5
11310 5
11340 5
11370 5
11400 5
11430 5
11460 1
11490 2
11520 2
11550 2
11580 2
11610 2
11640 2
11670 2
11700 2
11730 2
11760 1
11790 2
11820 2
11850 2
11880 2
11910 2
11940 0
11970 0
12000 0
12030 0
12060 0
12090 1
12120 1
12150 2
12180 2
12210 2
12240 2
12270 2
12300 2
12330 2
12360 2
12390 2
12420 2
12450 2
12480 2
12510 2
12540 2
12570 2
12600 1
12630 0
12660 0
12690 0
12720 0
12750 0
12780 0
12810 0
12840 1
12870 1
12900 1
12930 1
12960 2
12990 2
13020 2
13050 2
13080 2
13110 2
13140 2
13170 2
13200 2
13230 2
13260 2
13290 2
13320 1
13350 2
13380 2
13410 2
13440 2
13470 2
13500 2
13530 2
13560 2
13590 2
13620 2
13650 2
13680 2
13710 2
13740 2
13770 2
13800 2
13830 2
13860 2
13890 2
13920 2
13950 0
13980 0
14010 0
14040 0
14070 1
14100 0
14130 1
14160 1
14190 1
14220 1
14250 1
14280 1
14310 1
14340 1
14370 2
14400 2
14430 2
14460 2
14490 0
14520 0
14550 0
14580 0
14610 0
14640 0
14670 0
14700 0
14730 0
14760 0
14790 1
14820 1
14850 1
14880 2
14910 1
14940 0
14970 1
15000 1
15030 1
15060 2
15090 2
15120 2
15150 2
15180 1
15210 2
15240 2
15270 2
15300 2
15330 2
15360 1
15390 1
15420 2
15450 2
15480 2
15510 2
15540 1
15570 2
15600 2
15630 2
15660 2
15690 2
15720 2
15750 2
15780 2
15810 2
15840 2
15870 5
15900 5
15930 5
15960 5
15990 5
16020 5
16050 5
16080 5
16110 5
16140 5
16170 5
16200 5
16230 5
16260 5
16290 5
16320 5
16350 5
16380 5
16410 5
16440 5
16470 5
16500 5
16530 5
16560 5
16590 5
16620 5
16650 5
16680 5
16710 5
16740 5
16770 5
16800 5
16830 5
16860 5
16890 5
16920 5
16950 5
16980 5
17010 5
17040 5
17070 5
17100 5
17130 5
17160 5
17190 5
17220 5
17250 5
17280 5
17310 5
17340 5
17370 5
17400 5
17430 5
17460 5
17490 5
17520 5
17550 5
17580 5
17610 5
17640 5
17670 5
17700 5
17730 5
17760 5
17790 5
17820 5
17850 0
17880 1
17910 2
17940 2
17970 2
18000 2
18030 2
18060 2
18090 1
18120 0
18150 1
18180 2
18210 2
18240 2
18270 2
18300 2
18330 2
18360 2
18390 2
18420 2
18450 2
18480 2
18510 2
18540 2
18570 2
18600 2
18630 2
18660 2
18690 2
18720 2
18750 2
18780 2
18810 2
18840 2
18870 2
18900 2
18930 2
18960 2
18990 2
19020 2
19050 2
19080 2
19110 2
19140 2
19170 2
19200 2
19230 2
19260 2
19290 2
19320 2
19350 2
19380 2
19410 2
19440 2
19470 2
19500 2
19530 2
19560 2
19590 2
19620 2
19650 2
19680 2
19710 2
19740 2
19770 2
19800 2
19830 2
19860 3
19890 3
19920 3
19950 3
19980 3
20010 3
20040 3
20070 3
20100 3
20130 3
20160 3
20190 3
20220 3
20250 3
20280 3
20310 3
20340 3
20370 3
20400 3
20430 3
20460 3
20490 3
20520 3
20550 2
20580 2
20610 2
20640 2
20670 2
20700 3
20730 3
20760 3
20790 3
20820 3
20850 3
20880 3
20910 3
20940 3
20970 3
21000 3
21030 3
21060 3
21090 0
21120 0
21150 2
21180 2
21210 2
21240 2
21270 2
21300 2
21330 2
21360 2
21390 2
21420 2
21450 2
21480 2
21510 2
21540 2
21570 2
21600 2
21630 2
21660 2
21690 2
21720 2
21750 2
21780 2
21810 2
21840 2
21870 5
21900 5
21930 5
21960 5
21990 5
22020 5
22050 5
22080 5
22110 1
22140 1
22170 1
22200 5
22230 5
22260 5
22290 5
22320 5
22350 5
22380 5
22410 5
22440 5
22470 5
22500 5
22530 5
22560 -1
22590 5
22620 0
22650 5
22680 5
22710 5
22740 5
22770 5
22800 5
22830 5
22860 5
22890 5
22920 5
22950 5
22980 5
23010 5
23040 5
23070 5
23100 5
23130 5
23160 5
23190 5
23220 5
23250 5
23280 5
23310 5
23340 5
23370 5
23400 5
23430 0
23460 1
23490 2
23520 2
23550 2
23580 2
23610 2
23640 2
23670 2
23700 2
23730 2
23760 2
23790 2
23820 2
23850 2
23880 2
23910 2
23940 2
23970 2
24000 2
24030 2
24060 2
24090 2
24120 0
24150 1
24180 2
24210 2
24240 2
24270 2
24300 2
24330 2
24360 2
24390 2
24420 2
24450 2
24480 2
24510 2
24540 2
24570 2
24600 2
24630 2
24660 2
24690 2
24720 2
24750 2
24780 2
24810 2
24840 2
24870 2
24900 2
24930 2
24960 2
24990 1
25020 2
25050 2
25080 2
25110 2
25140 2
25170 2
25200 2
25230 2
25260 2
25290 2
25320 2
25350 2
25380 2
25410 2
25440 2
25470 2
25500 2
25530 2
25560 2
25590 2
25620 5
25650 5
25680 5
25710 5
25740 0
25770 1
25800 1
25830 2
25860 2
25890 2
25920 2
25950 1
25980 1
26010 1
26040 0
26070 1
26100 1
26130 2
26160 2
26190 5
26220 5
26250 5
26280 5
26310 5
26340 5
26370 5
26400 5
26430 5
26460 5
26490 5
26520 5
26550 5
26580 5
26610 5
26640 5
26670 5
26700 5
26730 5
26760 5
26790 5
26820 5
26850 5
26880 5
26910 5
26940 5
26970 5
27000 5
27030 5
27060 5
27090 5
27120 5
27150 5
27180 5
27210 5
27240 5
27270 5
27300 5
27330 5
27360 5
27390 5
27420 5
27450 5
27480 5
27510 5
27540 5
27570 5
27600 5
27630 5
27660 5
27690 5
27720 5
27750 1
27780 5
27810 5
27840 5
27870 5
27900 5
27930 5
27960 5
27990 5
28020 5
28050 5
28080 5
28110 5
28140 5
28170 2
28200 1
28230 1
28260 2
28290 2
28320 0
28350 1
28380 1
28410 1
28440 1
28470 1
28500 1
28530 1
28560 0
28590 1
28620 1
28650 2
28680 2
28710 2
28740 2
28770 2
28800 1
28830 1
28860 0
28890 1
28920 1
28950 -1
