0 -1
30 -1
60 -1
90 -1
120 -1
150 -1
180 -1
210 -1
240 -1
270 -1
300 -1
330 -1
360 -1
390 -1
420 -1
450 0
480 0
510 0
540 0
570 0
600 0
630 0
660 0
690 0
720 0
750 0
780 0
810 0
840 0
870 0
900 0
930 0
960 0
990 0
1020 0
1050 0
1080 0
1110 0
1140 0
1170 0
1200 0
1230 0
1260 0
1290 0
1320 0
1350 0
1380 1
1410 1
1440 0
1470 1
1500 1
1530 0
1560 0
1590 0
1620 1
1650 1
1680 1
1710 1
1740 1
1770 1
1800 1
1830 1
1860 1
1890 1
1920 1
1950 1
1980 2
2010 2
2040 2
2070 2
2100 2
2130 2
2160 2
2190 2
2220 2
2250 2
2280 2
2310 2
2340 2
2370 2
2400 2
2430 2
2460 2
2490 2
2520 2
2550 2
2580 2
2610 2
2640 2
2670 2
2700 2
2730 2
2760 2
2790 2
2820 2
2850 2
2880 3
2910 3
2940 3
2970 3
3000 3
3030 3
3060 3
3090 3
3120 3
3150 3
3180 3
3210 3
3240 3
3270 3
3300 3
3330 3
3360 3
3390 3
3420 3
3450 3
3480 3
3510 3
3540 3
3570 3
3600 3
3630 3
3660 3
3690 3
3720 3
3750 3
3780 3
3810 3
3840 3
3870 3
3900 3
3930 3
3960 3
3990 3
4020 3
4050 3
4080 3
4110 3
4140 3
4170 3
4200 3
4230 3
4260 3
4290 3
4320 3
4350 3
4380 3
4410 3
4440 3
4470 3
4500 3
4530 3
4560 3
4590 3
4620 3
4650 3
4680 3
4710 3
4740 3
4770 0
4800 1
4830 2
4860 2
4890 2
4920 2
4950 2
4980 2
5010 2
5040 2
5070 2
5100 2
5130 2
5160 2
5190 2
5220 2
5250 2
5280 2
5310 2
5340 2
5370 2
5400 1
5430 2
5460 2
5490 2
5520 2
5550 2
5580 2
5610 2
5640 2
5670 2
5700 2
5730 2
5760 2
5790 2
5820 2
5850 2
5880 2
5910 2
5940 2
5970 2
6000 2
6030 2
6060 2
6090 2
6120 3
6150 3
6180 3
6210 3
6240 3
6270 3
6300 3
6330 3
6360 3
6390 3
6420 3
6450 3
6480 3
6510 3
6540 3
6570 3
6600 3
6630 3
6660 3
6690 2
6720 2
6750 2
6780 2
6810 2
6840 2
6870 2
6900 2
6930 2
6960 2
6990 2
7020 2
7050 2
7080 2
7110 2
7140 2
7170 3
7200 3
7230 3
7260 3
7290 3
7320 3
7350 3
7380 3
7410 3
7440 3
7470 1
7500 1
7530 2
7560 2
7590 2
7620 2
7650 2
7680 2
7710 2
7740 2
7770 2
7800 2
7830 2
7860 2
7890 2
7920 1
7950 1
7980 2
8010 2
8040 1
8070 2
8100 2
8130 1
8160 2
8190 2
8220 2
8250 2
8280 2
8310 2
8340 2
8370 2
8400 2
8430 5
8460 2
8490 2
8520 2
8550 5
8580 5
8610 5
8640 5
8670 5
8700 5
8730 5
8760 5
8790 5
8820 5
8850 5
8880 5
8910 5
8940 5
8970 5
9000 5
9030 5
9060 2
9090 2
9120 5
9150 5
9180 5
9210 1
9240 2
9270 2
9300 2
9330 2
9360 2
9390 2
9420 2
9450 5
9480 2
9510 2
9540 2
9570 5
9600 5
9630 5
9660 5
9690 5
9720 5
9750 5
9780 5
9810 1
9840 1
9870 2
9900 2
9930 2
9960 2
9990 2
10020 2
10050 2
10080 2
10110 2
10140 2
10170 2
10200 2
10230 2
10260 2
10290 2
10320 2
10350 1
10380 2
10410 2
10440 2
10470 1
10500 2
10530 2
10560 2
10590 2
10620 2
10650 2
10680 2
10710 2
10740 2
10770 2
10800 2
10830 2
10860 2
10890 2
10920 2
10950 2
10980 2
11010 2
11040 2
11070 2
11100 2
11130 2
11160 2
11190 2
11220 2
11250 1
11280 1
11310 2
11340 2
11370 2
11400 2
11430 1
11460 2
11490 2
11520 2
11550 2
11580 1
11610 2
11640 2
11670 1
11700 2
11730 2
11760 2
11790 2
11820 2
11850 0
11880 0
11910 0
11940 0
11970 0
12000 0
12030 0
12060 0
12090 0
12120 0
12150 1
12180 1
12210 1
12240 1
12270 1
12300 2
12330 2
12360 2
12390 2
12420 2
12450 2
12480 2
12510 2
12540 2
12570 2
12600 1
12630 2
12660 2
12690 2
12720 2
12750 2
12780 2
12810 2
12840 0
12870 1
12900 1
12930 2
12960 2
12990 2
13020 2
13050 2
13080 2
13110 2
13140 2
13170 2
13200 2
13230 2
13260 2
13290 2
13320 2
13350 2
13380 2
13410 2
13440 2
13470 2
13500 2
13530 2
13560 2
13590 2
13620 2
13650 2
13680 2
13710 2
13740 2
13770 2
13800 2
13830 2
13860 2
13890 2
13920 2
13950 2
13980 2
14010 2
14040 2
14070 2
14100 2
14130 2
14160 2
14190 2
14220 2
14250 1
14280 2
14310 2
14340 1
14370 2
14400 2
14430 2
14460 2
14490 2
14520 1
14550 2
14580 2
14610 1
14640 1
14670 1
14700 2
14730 2
14760 2
14790 2
14820 2
14850 1
14880 2
14910 2
14940 2
14970 2
15000 2
15030 2
15060 2
15090 2
15120 2
15150 2
15180 2
15210 2
15240 2
15270 2
15300 2
15330 2
15360 2
15390 2
15420 2
15450 2
15480 2
15510 5
15540 5
15570 5
15600 5
15630 5
15660 5
15690 5
15720 5
15750 5
15780 5
15810 5
15840 5
15870 5
15900 5
15930 5
15960 5
15990 5
16020 5
16050 5
16080 5
16110 5
16140 5
16170 5
16200 5
16230 5
16260 5
16290 5
16320 5
16350 5
16380 5
16410 5
16440 5
16470 5
16500 5
16530 5
16560 5
16590 5
16620 5
16650 5
16680 5
16710 5
16740 5
16770 2
16800 2
16830 5
16860 5
16890 5
16920 5
16950 5
16980 5
17010 5
17040 5
17070 5
17100 5
17130 5
17160 5
17190 5
17220 5
17250 5
17280 5
17310 5
17340 1
17370 1
17400 2
17430 2
17460 2
17490 2
17520 2
17550 2
17580 2
17610 2
17640 2
17670 2
17700 2
17730 2
17760 2
17790 2
17820 2
17850 2
17880 2
17910 2
17940 2
17970 2
18000 2
18030 2
18060 2
18090 2
18120 2
18150 2
18180 2
18210 2
18240 2
18270 2
18300 2
18330 2
18360 2
18390 2
18420 2
18450 2
18480 2
18510 2
18540 2
18570 2
18600 2
18630 2
18660 3
18690 3
18720 3
18750 3
18780 3
18810 3
18840 3
18870 3
18900 3
18930 3
18960 3
18990 3
19020 3
19050 3
19080 3
19110 3
19140 3
19170 3
19200 3
19230 3
19260 3
19290 3
19320 3
19350 3
19380 3
19410 3
19440 3
19470 3
19500 3
19530 3
19560 3
19590 3
19620 3
19650 3
19680 3
19710 3
19740 3
19770 3
19800 3
19830 3
19860 3
19890 3
19920 3
19950 3
19980 3
20010 3
20040 3
20070 3
20100 3
20130 3
20160 3
20190 3
20220 3
20250 3
20280 3
20310 3
20340 3
20370 3
20400 3
20430 3
20460 3
20490 3
20520 3
20550 3
20580 3
20610 3
20640 3
20670 3
20700 3
20730 3
20760 3
20790 3
20820 3
20850 3
20880 3
20910 3
20940 3
20970 3
21000 3
21030 0
21060 1
21090 2
21120 2
21150 2
21180 2
21210 2
21240 1
21270 1
21300 2
21330 2
21360 2
21390 2
21420 2
21450 2
21480 2
21510 2
21540 2
21570 2
21600 2
21630 5
21660 5
21690 0
21720 5
21750 5
21780 5
21810 5
21840 5
21870 5
21900 5
21930 5
21960 5
21990 5
22020 5
22050 5
22080 5
22110 5
22140 5
22170 5
22200 5
22230 5
22260 1
22290 1
22320 2
22350 5
22380 5
22410 5
22440 5
22470 5
22500 1
22530 1
22560 2
22590 2
22620 2
22650 2
22680 2
22710 2
22740 2
22770 2
22800 2
22830 2
22860 2
22890 2
22920 2
22950 2
22980 2
23010 2
23040 2
23070 2
23100 2
23130 2
23160 1
23190 2
23220 2
23250 2
23280 2
23310 2
23340 2
23370 2
23400 2
23430 2
23460 1
23490 2
23520 2
23550 2
23580 2
23610 1
23640 2
23670 2
23700 1
23730 1
23760 2
23790 2
23820 2
23850 2
23880 2
23910 2
23940 2
23970 2
24000 2
24030 2
24060 2
24090 2
24120 2
24150 2
24180 2
24210 2
24240 2
24270 2
24300 2
24330 2
24360 2
24390 2
24420 1
24450 2
24480 2
24510 2
24540 2
24570 2
24600 2
24630 2
24660 2
24690 2
24720 2
24750 2
24780 2
24810 2
24840 2
24870 2
24900 2
24930 5
24960 5
24990 5
25020 5
25050 5
25080 5
25110 5
25140 5
25170 5
25200 5
25230 5
25260 5
25290 5
25320 5
25350 5
25380 5
25410 5
25440 5
25470 5
25500 5
25530 5
25560 5
25590 5
25620 5
25650 5
25680 5
25710 5
25740 5
25770 5
25800 5
25830 5
25860 5
25890 5
25920 5
25950 5
25980 5
26010 2
26040 2
26070 5
26100 5
26130 5
26160 5
26190 1
26220 2
26250 2
26280 5
26310 5
26340 5
26370 5
26400 5
26430 2
26460 2
26490 2
26520 2
26550 2
26580 2
26610 2
26640 2
26670 2
26700 1
26730 2
26760 2
26790 2
26820 2
26850 2
26880 2
26910 2
26940 2
26970 2
27000 2
27030 2
27060 2
27090 2
27120 2
27150 2
27180 2
27210 2
27240 2
27270 2
27300 2
27330 2
27360 2
27390 2
27420 2
27450 2
27480 2
27510 2
27540 2
27570 2
27600 2
27630 2
27660 2
27690 2
27720 2
27750 2
27780 2
27810 2
27840 2
27870 2
27900 2
27930 2
27960 2
27990 2
28020 2
28050 2
28080 2
28110 2
28140 2
28170 1
28200 1
28230 2
28260 2
28290 2
28320 2
28350 2
28380 2
28410 2
28440 2
28470 2
28500 2
28530 2
28560 2
28590 2
28620 2
28650 2
28680 2
28710 2
28740 2
28770 2
28800 2
28830 2
28860 2
28890 2
28920 2
28950 2
28980 2
29010 2
29040 2
29070 2
29100 -1
