0 -1
30 -1
60 -1
90 -1
120 -1
150 -1
180 -1
210 -1
240 -1
270 -1
300 -1
330 -1
360 -1
390 -1
420 -1
450 -1
480 -1
510 -1
540 -1
570 -1
600 -1
630 -1
660 -1
690 -1
720 -1
750 -1
780 -1
810 -1
840 -1
870 0
900 0
930 0
960 0
990 0
1020 0
1050 0
1080 0
1110 0
1140 0
1170 0
1200 0
1230 0
1260 0
1290 0
1320 0
1350 0
1380 0
1410 1
1440 0
1470 1
1500 1
1530 1
1560 1
1590 1
1620 1
1650 2
1680 2
1710 2
1740 2
1770 2
1800 2
1830 2
1860 2
1890 2
1920 2
1950 2
1980 2
2010 2
2040 2
2070 2
2100 2
2130 2
2160 2
2190 2
2220 2
2250 2
2280 3
2310 2
2340 3
2370 3
2400 2
2430 3
2460 3
2490 3
2520 3
2550 3
2580 3
2610 3
2640 3
2670 3
2700 3
2730 3
2760 3
2790 3
2820 3
2850 3
2880 3
2910 3
2940 3
2970 3
3000 3
3030 3
3060 3
3090 3
3120 3
3150 3
3180 3
3210 3
3240 3
3270 3
3300 2
3330 2
3360 2
3390 2
3420 2
3450 2
3480 2
3510 2
3540 2
3570 2
3600 2
3630 3
3660 3
3690 3
3720 3
3750 3
3780 3
3810 3
3840 3
3870 3
3900 3
3930 3
3960 3
3990 3
4020 3
4050 3
4080 3
4110 3
4140 3
4170 3
4200 3
4230 3
4260 3
4290 3
4320 3
4350 3
4380 3
4410 3
4440 3
4470 3
4500 3
4530 3
4560 3
4590 3
4620 3
4650 3
4680 3
4710 3
4740 3
4770 2
4800 2
4830 2
4860 2
4890 2
4920 2
4950 2
4980 2
5010 2
5040 2
5070 2
5100 5
5130 5
5160 5
5190 5
5220 5
5250 5
5280 5
5310 5
5340 5
5370 5
5400 5
5430 5
5460 5
5490 5
5520 5
5550 0
5580 1
5610 1
5640 1
5670 5
5700 5
5730 5
5760 5
5790 5
5820 5
5850 5
5880 5
5910 5
5940 5
5970 5
6000 5
6030 5
6060 5
6090 5
6120 5
6150 5
6180 5
6210 5
6240 2
6270 1
6300 2
6330 2
6360 2
6390 2
6420 2
6450 2
6480 2
6510 2
6540 2
6570 2
6600 2
6630 2
6660 2
6690 2
6720 2
6750 2
6780 2
6810 2
6840 2
6870 2
6900 2
6930 2
6960 2
6990 2
7020 2
7050 2
7080 2
7110 2
7140 2
7170 2
7200 2
7230 2
7260 2
7290 2
7320 2
7350 3
7380 2
7410 2
7440 2
7470 2
7500 2
7530 2
7560 2
7590 2
7620 2
7650 3
7680 3
7710 3
7740 3
7770 3
7800 3
7830 3
7860 3
7890 3
7920 3
7950 3
7980 3
8010 3
8040 3
8070 3
8100 3
8130 3
8160 3
8190 3
8220 3
8250 3
8280 3
8310 3
8340 3
8370 3
8400 3
8430 3
8460 3
8490 3
8520 3
8550 3
8580 3
8610 3
8640 3
8670 3
8700 3
8730 3
8760 3
8790 3
8820 3
8850 3
8880 3
8910 3
8940 3
8970 3
9000 3
9030 3
9060 3
9090 3
9120 3
9150 3
9180 3
9210 3
9240 2
9270 2
9300 2
9330 2
9360 2
9390 2
9420 2
9450 2
9480 2
9510 2
9540 2
9570 2
9600 2
9630 5
9660 5
9690 5
9720 5
9750 5
9780 5
9810 5
9840 5
9870 5
9900 5
9930 5
9960 5
9990 5
10020 5
10050 5
10080 5
10110 5
10140 5
10170 5
10200 5
10230 5
10260 5
10290 5
10320 5
10350 5
10380 5
10410 5
10440 5
10470 5
10500 5
10530 5
10560 5
10590 5
10620 5
10650 5
10680 5
10710 5
10740 5
10770 5
10800 5
10830 5
10860 5
10890 5
10920 2
10950 2
10980 2
11010 2
11040 2
11070 2
11100 2
11130 2
11160 2
11190 2
11220 1
11250 2
11280 2
11310 1
11340 2
11370 2
11400 2
11430 2
11460 2
11490 2
11520 2
11550 2
11580 2
11610 2
11640 2
11670 1
11700 2
11730 2
11760 2
11790 2
11820 2
11850 2
11880 2
11910 2
11940 2
11970 2
12000 1
12030 2
12060 2
12090 2
12120 2
12150 2
12180 2
12210 2
12240 2
12270 2
12300 2
12330 2
12360 2
12390 2
12420 2
12450 2
12480 1
12510 2
12540 2
12570 2
12600 2
12630 2
12660 2
12690 2
12720 2
12750 2
12780 2
12810 2
12840 2
12870 2
12900 2
12930 2
12960 2
12990 2
13020 2
13050 2
13080 2
13110 2
13140 2
13170 2
13200 2
13230 2
13260 2
13290 2
13320 2
13350 2
13380 2
13410 2
13440 1
13470 2
13500 2
13530 2
13560 2
13590 2
13620 2
13650 2
13680 2
13710 2
13740 2
13770 2
13800 2
13830 2
13860 2
13890 2
13920 2
13950 2
13980 2
14010 2
14040 2
14070 2
14100 2
14130 2
14160 2
14190 2
14220 2
14250 2
14280 2
14310 2
14340 2
14370 2
14400 2
14430 2
14460 2
14490 2
14520 2
14550 2
14580 2
14610 2
14640 2
14670 2
14700 2
14730 2
14760 2
14790 2
14820 2
14850 2
14880 2
14910 2
14940 2
14970 1
15000 2
15030 2
15060 2
15090 2
15120 2
15150 2
15180 2
15210 2
15240 1
15270 1
15300 1
15330 2
15360 2
15390 1
15420 2
15450 2
15480 2
15510 2
15540 2
15570 5
15600 5
15630 5
15660 5
15690 5
15720 5
15750 5
15780 5
15810 5
15840 5
15870 5
15900 5
15930 5
15960 5
15990 5
16020 5
16050 5
16080 5
16110 5
16140 5
16170 5
16200 5
16230 5
16260 5
16290 5
16320 5
16350 5
16380 5
16410 5
16440 5
16470 5
16500 5
16530 0
16560 0
16590 0
16620 0
16650 0
16680 0
16710 0
16740 0
16770 0
16800 0
16830 0
16860 0
16890 0
16920 1
16950 1
16980 2
17010 2
17040 2
17070 2
17100 2
17130 2
17160 2
17190 2
17220 2
17250 2
17280 2
17310 2
17340 2
17370 2
17400 2
17430 2
17460 2
17490 2
17520 2
17550 2
17580 2
17610 2
17640 2
17670 0
17700 0
17730 0
17760 0
17790 1
17820 1
17850 0
17880 0
17910 0
17940 0
17970 0
18000 0
18030 0
18060 0
18090 0
18120 0
18150 0
18180 0
18210 0
18240 0
18270 0
18300 0
18330 0
18360 0
18390 0
18420 0
18450 0
18480 0
18510 0
18540 0
18570 0
18600 0
18630 0
18660 0
18690 0
18720 0
18750 0
18780 0
18810 0
18840 0
18870 0
18900 0
18930 0
18960 0
18990 0
19020 0
19050 0
19080 0
19110 0
19140 0
19170 0
19200 0
19230 0
19260 0
19290 0
19320 0
19350 0
19380 0
19410 0
19440 0
19470 0
19500 0
19530 0
19560 0
19590 0
19620 0
19650 0
19680 0
19710 0
19740 0
19770 0
19800 0
19830 0
19860 0
19890 0
19920 0
19950 0
19980 1
20010 1
20040 1
20070 2
20100 2
20130 2
20160 2
20190 2
20220 2
20250 2
20280 2
20310 2
20340 2
20370 2
20400 2
20430 2
20460 2
20490 2
20520 2
20550 2
20580 2
20610 2
20640 2
20670 2
20700 2
20730 2
20760 2
20790 2
20820 2
20850 2
20880 2
20910 2
20940 2
20970 2
21000 2
21030 2
21060 2
21090 2
21120 2
21150 2
21180 2
21210 2
21240 2
21270 2
21300 2
21330 2
21360 2
21390 2
21420 1
21450 2
21480 2
21510 2
21540 1
21570 1
21600 2
21630 2
21660 2
21690 2
21720 2
21750 2
21780 2
21810 0
21840 1
21870 2
21900 2
21930 2
21960 2
21990 2
22020 2
22050 2
22080 2
22110 2
22140 2
22170 2
22200 2
22230 2
22260 2
22290 2
22320 2
22350 2
22380 2
22410 2
22440 2
22470 2
22500 2
22530 2
22560 2
22590 2
22620 2
22650 5
22680 5
22710 5
22740 5
22770 5
22800 5
22830 5
22860 5
22890 5
22920 5
22950 5
22980 5
23010 5
23040 5
23070 5
23100 5
23130 5
23160 5
23190 5
23220 5
23250 5
23280 5
23310 5
23340 5
23370 5
23400 5
23430 5
23460 5
23490 5
23520 5
23550 5
23580 5
23610 5
23640 5
23670 5
23700 5
23730 5
23760 5
23790 5
23820 5
23850 5
23880 5
23910 5
23940 5
23970 5
24000 5
24030 2
24060 2
24090 2
24120 2
24150 2
24180 2
24210 2
24240 2
24270 2
24300 2
24330 2
24360 2
24390 2
24420 2
24450 2
24480 2
24510 2
24540 2
24570 2
24600 2
24630 2
24660 2
24690 2
24720 2
24750 2
24780 2
24810 2
24840 2
24870 2
24900 2
24930 2
24960 2
24990 2
25020 2
25050 2
25080 2
25110 2
25140 2
25170 2
25200 2
25230 2
25260 2
25290 2
25320 2
25350 2
25380 2
25410 2
25440 2
25470 2
25500 2
25530 2
25560 2
25590 2
25620 2
25650 2
25680 2
25710 2
25740 2
25770 2
25800 2
25830 2
25860 2
25890 3
25920 3
25950 3
25980 3
26010 3
26040 3
26070 3
26100 3
26130 3
26160 3
26190 3
26220 3
26250 3
26280 2
26310 2
26340 2
26370 2
26400 2
26430 2
26460 2
26490 3
26520 3
26550 3
26580 3
26610 3
26640 2
26670 0
26700 1
26730 1
26760 2
26790 2
26820 2
26850 2
26880 2
26910 2
26940 1
26970 1
27000 2
27030 1
27060 2
27090 2
27120 2
27150 2
27180 2
27210 2
27240 2
27270 2
27300 2
27330 2
27360 2
27390 5
27420 5
27450 5
27480 5
27510 5
27540 5
27570 5
27600 5
27630 5
27660 5
27690 5
27720 5
27750 5
27780 5
27810 5
27840 5
27870 5
27900 5
27930 5
27960 5
27990 5
28020 5
28050 5
28080 5
28110 5
28140 5
28170 5
28200 5
28230 5
28260 5
28290 5
28320 5
28350 5
28380 5
28410 5
28440 5
28470 5
28500 5
28530 5
28560 5
28590 5
28620 5
28650 5
28680 5
28710 5
28740 5
28770 5
28800 5
28830 5
28860 5
28890 5
28920 5
