0 -1
30 -1
60 -1
90 -1
120 -1
150 -1
180 -1
210 -1
240 -1
270 -1
300 -1
330 -1
360 -1
390 -1
420 0
450 0
480 0
510 0
540 1
570 1
600 2
630 2
660 2
690 2
720 2
750 2
780 2
810 2
840 2
870 2
900 2
930 2
960 2
990 2
1020 2
1050 2
1080 2
1110 2
1140 2
1170 2
1200 2
1230 2
1260 2
1290 2
1320 2
1350 2
1380 2
1410 2
1440 2
1470 2
1500 2
1530 3
1560 3
1590 2
1620 3
1650 3
1680 3
1710 3
1740 3
1770 3
1800 3
1830 3
1860 3
1890 3
1920 3
1950 3
1980 3
2010 3
2040 3
2070 2
2100 2
2130 3
2160 3
2190 3
2220 3
2250 3
2280 3
2310 3
2340 3
2370 3
2400 3
2430 3
2460 3
2490 3
2520 3
2550 3
2580 3
2610 3
2640 3
2670 3
2700 3
2730 3
2760 3
2790 3
2820 3
2850 3
2880 3
2910 3
2940 3
2970 3
3000 0
3030 0
3060 0
3090 1
3120 2
3150 2
3180 2
3210 2
3240 2
3270 2
3300 2
3330 2
3360 2
3390 2
3420 2
3450 2
3480 2
3510 2
3540 3
3570 3
3600 3
3630 3
3660 3
3690 3
3720 3
3750 3
3780 3
3810 3
3840 2
3870 3
3900 2
3930 2
3960 2
3990 2
4020 2
4050 2
4080 1
4110 2
4140 2
4170 2
4200 2
4230 2
4260 2
4290 2
4320 2
4350 2
4380 2
4410 1
4440 2
4470 2
4500 2
4530 1
4560 2
4590 2
4620 2
4650 2
4680 3
4710 3
4740 2
4770 0
4800 1
4830 2
4860 2
4890 2
4920 2
4950 2
4980 2
5010 2
5040 2
5070 2
5100 2
5130 2
5160 2
5190 2
5220 2
5250 2
5280 2
5310 2
5340 2
5370 2
5400 2
5430 2
5460 2
5490 2
5520 1
5550 2
5580 2
5610 2
5640 2
5670 2
5700 2
5730 2
5760 2
5790 2
5820 2
5850 2
5880 2
5910 2
5940 1
5970 2
6000 2
6030 2
6060 3
6090 3
6120 3
6150 3
6180 3
6210 3
6240 3
6270 3
6300 3
6330 3
6360 2
6390 2
6420 2
6450 2
6480 2
6510 2
6540 2
6570 2
6600 2
6630 2
6660 2
6690 2
6720 2
6750 2
6780 2
6810 2
6840 2
6870 2
6900 2
6930 2
6960 2
6990 2
7020 2
7050 2
7080 2
7110 2
7140 1
7170 2
7200 2
7230 2
7260 2
7290 2
7320 2
7350 2
7380 3
7410 3
7440 3
7470 2
7500 0
7530 0
7560 1
7590 2
7620 2
7650 2
7680 2
7710 2
7740 0
7770 1
7800 1
7830 0
7860 0
7890 0
7920 1
7950 2
7980 2
8010 2
8040 2
8070 2
8100 2
8130 0
8160 1
8190 1
8220 2
8250 2
8280 2
8310 2
8340 2
8370 2
8400 2
8430 2
8460 2
8490 2
8520 2
8550 2
8580 2
8610 2
8640 2
8670 3
8700 2
8730 2
8760 2
8790 2
8820 2
8850 2
8880 2
8910 2
8940 2
8970 2
9000 2
9030 1
9060 2
9090 2
9120 2
9150 2
9180 3
9210 3
9240 3
9270 3
9300 3
9330 3
9360 3
9390 3
9420 3
9450 3
9480 3
9510 3
9540 3
9570 3
9600 3
9630 3
9660 3
9690 3
9720 3
9750 2
9780 2
9810 2
9840 3
9870 3
9900 3
9930 2
9960 2
9990 3
10020 3
10050 3
10080 2
10110 2
10140 3
10170 3
10200 3
10230 3
10260 3
10290 3
10320 1
10350 2
10380 2
10410 2
10440 2
10470 2
10500 2
10530 2
10560 2
10590 2
10620 1
10650 2
10680 2
10710 2
10740 2
10770 2
10800 3
10830 3
10860 3
10890 3
10920 3
10950 3
10980 3
11010 3
11040 3
11070 3
11100 3
11130 3
11160 3
11190 3
11220 3
11250 3
11280 3
11310 3
11340 3
11370 3
11400 3
11430 3
11460 3
11490 3
11520 3
11550 3
11580 3
11610 3
11640 3
11670 3
11700 3
11730 2
11760 2
11790 3
11820 3
11850 3
11880 2
11910 2
11940 2
11970 2
12000 2
12030 2
12060 2
12090 2
12120 2
12150 2
12180 2
12210 2
12240 2
12270 2
12300 2
12330 2
12360 1
12390 2
12420 2
12450 2
12480 2
12510 2
12540 2
12570 2
12600 2
12630 2
12660 2
12690 2
12720 2
12750 5
12780 5
12810 5
12840 5
12870 5
12900 5
12930 5
12960 5
12990 5
13020 5
13050 5
13080 5
13110 5
13140 5
13170 5
13200 5
13230 5
13260 5
13290 5
13320 5
13350 5
13380 5
13410 5
13440 5
13470 5
13500 5
13530 5
13560 5
13590 5
13620 5
13650 5
13680 5
13710 5
13740 5
13770 5
13800 5
13830 5
13860 5
13890 5
13920 2
13950 2
13980 2
14010 2
14040 2
14070 1
14100 2
14130 2
14160 2
14190 1
14220 2
14250 2
14280 1
14310 2
14340 2
14370 2
14400 2
14430 2
14460 2
14490 2
14520 2
14550 1
14580 1
14610 2
14640 2
14670 2
14700 1
14730 2
14760 2
14790 2
14820 2
14850 2
14880 2
14910 2
14940 2
14970 2
15000 1
15030 2
15060 1
15090 2
15120 2
15150 2
15180 2
15210 1
15240 2
15270 2
15300 2
15330 2
15360 2
15390 2
15420 2
15450 2
15480 2
15510 2
15540 2
15570 2
15600 2
15630 2
15660 2
15690 2
15720 2
15750 2
15780 2
15810 2
15840 2
15870 2
15900 2
15930 2
15960 2
15990 2
16020 2
16050 2
16080 2
16110 2
16140 2
16170 2
16200 2
16230 2
16260 2
16290 2
16320 2
16350 2
16380 2
16410 2
16440 2
16470 2
16500 3
16530 3
16560 3
16590 3
16620 3
16650 3
16680 3
16710 3
16740 3
16770 3
16800 3
16830 3
16860 3
16890 3
16920 3
16950 3
16980 3
17010 3
17040 3
17070 3
17100 3
17130 2
17160 1
17190 2
17220 2
17250 2
17280 2
17310 2
17340 2
17370 2
17400 2
17430 2
17460 2
17490 2
17520 2
17550 2
17580 2
17610 2
17640 2
17670 2
17700 2
17730 2
17760 2
17790 2
17820 2
17850 2
17880 2
17910 2
17940 2
17970 2
18000 2
18030 2
18060 2
18090 2
18120 2
18150 2
18180 2
18210 2
18240 2
18270 2
18300 2
18330 2
18360 2
18390 2
18420 2
18450 2
18480 2
18510 2
18540 2
18570 2
18600 2
18630 2
18660 2
18690 2
18720 2
18750 2
18780 2
18810 2
18840 2
18870 1
18900 2
18930 2
18960 2
18990 2
19020 2
19050 2
19080 2
19110 2
19140 2
19170 2
19200 2
19230 2
19260 2
19290 2
19320 1
19350 2
19380 2
19410 2
19440 2
19470 2
19500 2
19530 2
19560 2
19590 2
19620 2
19650 2
19680 2
19710 2
19740 2
19770 2
19800 2
19830 2
19860 2
19890 2
19920 2
19950 2
19980 2
20010 1
20040 2
20070 2
20100 2
20130 2
20160 5
20190 5
20220 5
20250 5
20280 5
20310 5
20340 5
20370 5
20400 5
20430 5
20460 5
20490 5
20520 5
20550 5
20580 5
20610 5
20640 5
20670 5
20700 5
20730 5
20760 5
20790 5
20820 5
20850 5
20880 5
20910 5
20940 5
20970 5
21000 5
21030 5
21060 5
21090 5
21120 5
21150 5
21180 5
21210 5
21240 5
21270 5
21300 5
21330 1
21360 1
21390 2
21420 2
21450 2
21480 2
21510 2
21540 2
21570 1
21600 2
21630 2
21660 2
21690 2
21720 2
21750 2
21780 2
21810 2
21840 2
21870 2
21900 2
21930 2
21960 2
21990 2
22020 2
22050 2
22080 2
22110 2
22140 2
22170 2
22200 2
22230 2
22260 2
22290 2
22320 2
22350 2
22380 2
22410 2
22440 2
22470 2
22500 2
22530 2
22560 2
22590 2
22620 2
22650 2
22680 2
22710 2
22740 2
22770 2
22800 2
22830 2
22860 2
22890 2
22920 1
22950 2
22980 2
23010 2
23040 2
23070 2
23100 2
23130 2
23160 2
23190 2
23220 2
23250 2
23280 2
23310 2
23340 2
23370 2
23400 2
23430 2
23460 2
23490 2
23520 2
23550 2
23580 2
23610 2
23640 2
23670 2
23700 2
23730 2
23760 2
23790 2
23820 2
23850 2
23880 2
23910 2
23940 2
23970 2
24000 2
24030 2
24060 2
24090 2
24120 2
24150 2
24180 2
24210 2
24240 2
24270 2
24300 2
24330 2
24360 2
24390 2
24420 2
24450 2
24480 2
24510 2
24540 2
24570 2
24600 2
24630 2
24660 2
24690 2
24720 2
24750 2
24780 2
24810 2
24840 5
24870 5
24900 5
24930 5
24960 5
24990 5
25020 5
25050 5
25080 5
25110 5
25140 0
25170 1
25200 1
25230 2
25260 2
25290 2
25320 2
25350 2
25380 2
25410 2
25440 2
25470 2
25500 2
25530 2
25560 2
25590 1
25620 2
25650 2
25680 2
25710 2
25740 2
25770 2
25800 2
25830 1
25860 0
25890 1
25920 2
25950 2
25980 2
26010 2
26040 2
26070 2
26100 2
26130 2
26160 2
26190 2
26220 2
26250 2
26280 2
26310 0
26340 0
26370 1
26400 0
26430 1
26460 0
26490 0
26520 0
26550 1
26580 2
26610 0
26640 0
26670 0
26700 0
26730 0
26760 0
26790 0
26820 0
26850 0
26880 0
26910 0
26940 0
26970 1
27000 1
27030 1
27060 0
27090 0
27120 1
27150 0
27180 0
27210 0
27240 0
27270 0
27300 0
27330 0
27360 0
27390 0
27420 0
27450 0
27480 0
27510 0
27540 1
27570 1
27600 1
27630 2
27660 0
27690 0
27720 1
27750 2
27780 2
27810 2
27840 0
27870 1
27900 0
27930 0
27960 0
27990 0
28020 0
28050 0
28080 0
28110 0
28140 0
28170 0
28200 0
28230 0
28260 0
28290 2
28320 1
28350 1
28380 1
28410 0
28440 0
28470 0
28500 0
28530 0
28560 0
28590 0
28620 0
28650 0
28680 0
28710 1
28740 1
28770 0
28800 0
28830 0
28860 0
28890 0
28920 0
28950 0
28980 0
29010 2
29040 0
29070 1
29100 0
29130 1
29160 0
29190 2
29220 2
