0 0
30 0
60 0
90 0
120 0
150 0
180 0
210 0
240 0
270 0
300 0
330 0
360 0
390 0
420 1
450 1
480 1
510 1
540 0
570 1
600 1
630 0
660 0
690 1
720 1
750 1
780 1
810 1
840 2
870 2
900 2
930 2
960 2
990 1
1020 0
1050 1
1080 2
1110 2
1140 2
1170 2
1200 2
1230 2
1260 2
1290 2
1320 2
1350 2
1380 2
1410 2
1440 2
1470 2
1500 2
1530 2
1560 2
1590 2
1620 2
1650 2
1680 2
1710 2
1740 3
1770 3
1800 3
1830 3
1860 3
1890 0
1920 0
1950 0
1980 0
2010 1
2040 1
2070 1
2100 1
2130 1
2160 1
2190 1
2220 1
2250 1
2280 2
2310 1
2340 2
2370 2
2400 2
2430 2
2460 2
2490 2
2520 2
2550 2
2580 2
2610 2
2640 2
2670 2
2700 2
2730 2
2760 2
2790 2
2820 3
2850 3
2880 3
2910 3
2940 3
2970 3
3000 3
3030 3
3060 3
3090 3
3120 4
3150 4
3180 4
3210 0
3240 2
3270 2
3300 3
3330 2
3360 2
3390 2
3420 2
3450 2
3480 2
3510 2
3540 5
3570 5
3600 5
3630 5
3660 5
3690 5
3720 0
3750 0
3780 0
3810 1
3840 1
3870 1
3900 2
3930 2
3960 2
3990 2
4020 0
4050 0
4080 1
4110 2
4140 2
4170 2
4200 2
4230 2
4260 2
4290 2
4320 2
4350 2
4380 2
4410 2
4440 0
4470 1
4500 1
4530 1
4560 1
4590 1
4620 1
4650 0
4680 1
4710 1
4740 1
4770 1
4800 1
4830 1
4860 1
4890 0
4920 0
4950 0
4980 0
5010 0
5040 0
5070 1
5100 1
5130 1
5160 1
5190 1
5220 2
5250 2
5280 1
5310 1
5340 1
5370 2
5400 2
5430 2
5460 2
5490 2
5520 2
5550 2
5580 1
5610 1
5640 1
5670 1
5700 1
5730 1
5760 1
5790 1
5820 1
5850 2
5880 2
5910 2
5940 2
5970 2
6000 2
6030 2
6060 2
6090 2
6120 2
6150 2
6180 2
6210 2
6240 2
6270 2
6300 2
6330 3
6360 3
6390 3
6420 3
6450 3
6480 3
6510 3
6540 4
6570 4
6600 4
6630 4
6660 4
6690 4
6720 4
6750 4
6780 4
6810 4
6840 4
6870 4
6900 4
6930 4
6960 4
6990 4
7020 4
7050 4
7080 4
7110 4
7140 4
7170 4
7200 4
7230 4
7260 4
7290 4
7320 4
7350 4
7380 4
7410 4
7440 4
7470 4
7500 4
7530 4
7560 4
7590 4
7620 4
7650 4
7680 4
7710 4
7740 4
7770 4
7800 4
7830 4
7860 4
7890 4
7920 4
7950 4
7980 4
8010 4
8040 4
8070 4
8100 4
8130 4
8160 4
8190 4
8220 4
8250 4
8280 4
8310 4
8340 4
8370 4
8400 4
8430 4
8460 4
8490 4
8520 4
8550 4
8580 4
8610 4
8640 4
8670 4
8700 4
8730 4
8760 4
8790 4
8820 4
8850 4
8880 4
8910 4
8940 3
8970 0
9000 0
9030 1
9060 2
9090 5
9120 5
9150 0
9180 5
9210 5
9240 5
9270 5
9300 5
9330 1
9360 2
9390 2
9420 2
9450 2
9480 2
9510 2
9540 5
9570 5
9600 5
9630 5
9660 5
9690 5
9720 5
9750 5
9780 5
9810 5
9840 5
9870 5
9900 5
9930 5
9960 5
9990 5
10020 5
10050 5
10080 5
10110 5
10140 5
10170 5
10200 5
10230 5
10260 5
10290 5
10320 5
10350 5
10380 5
10410 5
10440 5
10470 5
10500 5
10530 5
10560 5
10590 5
10620 5
10650 5
10680 5
10710 5
10740 5
10770 5
10800 5
10830 5
10860 5
10890 5
10920 5
10950 5
10980 5
11010 5
11040 5
11070 5
11100 5
11130 5
11160 5
11190 5
11220 5
11250 5
11280 5
11310 5
11340 5
11370 5
11400 5
11430 5
11460 5
11490 5
11520 5
11550 5
11580 5
11610 5
11640 5
11670 5
11700 5
11730 5
11760 5
11790 5
11820 5
11850 0
11880 1
11910 1
11940 1
11970 2
12000 2
12030 2
12060 2
12090 2
12120 2
12150 2
12180 2
12210 2
12240 2
12270 2
12300 2
12330 2
12360 2
12390 2
12420 2
12450 2
12480 2
12510 2
12540 2
12570 2
12600 2
12630 2
12660 2
12690 2
12720 2
12750 2
12780 2
12810 2
12840 2
12870 2
12900 2
12930 2
12960 2
12990 2
13020 2
13050 2
13080 2
13110 2
13140 2
13170 2
13200 2
13230 2
13260 2
13290 2
13320 2
13350 2
13380 0
13410 1
13440 1
13470 2
13500 2
13530 2
13560 2
13590 2
13620 2
13650 2
13680 2
13710 2
13740 2
13770 2
13800 2
13830 2
13860 2
13890 2
13920 2
13950 2
13980 2
14010 2
14040 2
14070 2
14100 2
14130 2
14160 2
14190 2
14220 2
14250 2
14280 2
14310 2
14340 2
14370 2
14400 2
14430 2
14460 2
14490 2
14520 2
14550 2
14580 2
14610 2
14640 2
14670 2
14700 2
14730 2
14760 2
14790 2
14820 2
14850 2
14880 2
14910 2
14940 2
14970 2
15000 2
15030 2
15060 2
15090 2
15120 2
15150 2
15180 3
15210 2
15240 2
15270 2
15300 2
15330 2
15360 2
15390 2
15420 2
15450 2
15480 2
15510 2
15540 2
15570 2
15600 2
15630 2
15660 0
15690 0
15720 0
15750 0
15780 0
15810 1
15840 1
15870 1
15900 1
15930 1
15960 1
15990 1
16020 1
16050 1
16080 1
16110 1
16140 1
16170 1
16200 2
16230 1
16260 1
16290 1
16320 1
16350 1
16380 0
16410 0
16440 0
16470 0
16500 0
16530 0
16560 0
16590 0
16620 0
16650 0
16680 1
16710 1
16740 1
16770 1
16800 1
16830 1
16860 1
16890 1
16920 1
16950 1
16980 1
17010 1
17040 1
17070 1
17100 2
17130 1
17160 1
17190 5
17220 5
17250 5
17280 1
17310 1
17340 5
17370 5
17400 5
17430 5
17460 5
17490 5
17520 5
17550 5
17580 0
17610 1
17640 1
17670 1
17700 1
17730 2
17760 1
17790 1
17820 2
17850 2
17880 2
17910 2
17940 2
17970 1
18000 1
18030 1
18060 1
18090 2
18120 5
18150 1
18180 1
18210 1
18240 2
18270 5
18300 5
18330 0
18360 1
18390 1
18420 2
18450 0
18480 1
18510 1
18540 1
18570 1
18600 1
18630 1
18660 2
18690 0
18720 0
18750 0
18780 1
18810 1
18840 1
18870 0
18900 0
18930 0
18960 1
18990 1
19020 0
19050 0
19080 0
19110 0
19140 0
19170 0
19200 0
19230 0
19260 0
19290 0
19320 1
19350 1
19380 1
19410 1
19440 1
19470 0
19500 1
19530 0
19560 0
19590 1
19620 1
19650 1
19680 1
19710 1
19740 1
19770 1
19800 1
19830 2
19860 2
19890 2
19920 2
19950 2
19980 2
20010 2
20040 2
20070 2
20100 2
20130 1
20160 2
20190 2
20220 2
20250 1
20280 1
20310 2
20340 2
20370 2
20400 2
20430 2
20460 2
20490 2
20520 2
20550 2
20580 2
20610 2
20640 2
20670 1
20700 0
20730 1
20760 1
20790 2
20820 2
20850 2
20880 2
20910 2
20940 2
20970 2
21000 1
21030 2
21060 2
21090 2
21120 2
21150 2
21180 2
21210 2
21240 2
21270 2
21300 2
21330 2
21360 2
21390 2
21420 2
21450 2
21480 1
21510 1
21540 2
21570 1
21600 2
21630 2
21660 2
21690 2
21720 2
21750 2
21780 2
21810 2
21840 2
21870 2
21900 2
21930 2
21960 2
21990 2
22020 2
22050 2
22080 2
22110 2
22140 2
22170 2
22200 2
22230 2
22260 2
22290 2
22320 2
22350 2
22380 2
22410 2
22440 1
22470 1
22500 2
22530 2
22560 2
22590 2
22620 0
22650 1
22680 5
22710 5
22740 5
22770 5
22800 5
22830 5
22860 5
22890 1
22920 5
22950 5
22980 5
23010 2
23040 2
23070 2
23100 2
23130 2
23160 2
23190 2
23220 1
23250 0
23280 1
23310 0
23340 0
23370 0
23400 0
23430 0
23460 0
23490 0
23520 0
23550 0
23580 0
23610 0
23640 0
23670 1
23700 1
23730 1
23760 1
23790 1
23820 5
23850 5
23880 5
23910 5
23940 5
23970 5
24000 5
24030 5
24060 5
24090 5
24120 5
24150 5
24180 5
24210 5
24240 5
24270 5
24300 5
24330 5
24360 5
24390 5
24420 5
24450 5
24480 5
24510 5
24540 5
24570 5
24600 5
24630 5
24660 5
24690 5
24720 5
24750 5
24780 5
24810 5
24840 5
24870 5
24900 5
24930 5
24960 5
24990 5
25020 5
25050 5
25080 5
25110 5
25140 5
25170 5
25200 5
25230 5
25260 5
25290 5
25320 5
25350 5
25380 5
25410 5
25440 5
25470 5
25500 5
25530 5
25560 5
25590 5
25620 5
25650 5
25680 5
25710 5
25740 5
25770 5
25800 5
25830 5
25860 5
25890 5
25920 5
25950 5
25980 5
26010 5
26040 5
26070 5
26100 5
26130 5
26160 5
26190 5
26220 5
26250 5
26280 5
26310 5
26340 5
26370 5
26400 5
26430 5
26460 5
26490 5
26520 5
26550 5
26580 5
26610 5
26640 5
26670 5
26700 5
26730 5
26760 5
26790 5
26820 5
26850 5
26880 5
26910 5
26940 5
26970 5
27000 5
27030 5
27060 5
27090 5
27120 5
27150 5
27180 5
27210 5
27240 5
27270 0
27300 1
27330 1
27360 1
27390 5
27420 2
27450 1
27480 2
27510 2
27540 2
27570 2
27600 2
27630 2
27660 2
27690 2
27720 2
27750 2
27780 2
27810 2
27840 2
27870 2
27900 2
27930 2
27960 2
27990 2
28020 2
28050 2
28080 2
28110 2
28140 2
28170 2
28200 2
28230 2
28260 2
28290 2
28320 2
