0 0
30 0
60 0
90 0
120 0
150 0
180 0
210 0
240 0
270 0
300 0
330 0
360 0
390 0
420 0
450 0
480 0
510 0
540 0
570 0
600 0
630 0
660 0
690 0
720 0
750 0
780 0
810 0
840 1
870 1
900 1
930 1
960 1
990 1
1020 1
1050 1
1080 1
1110 1
1140 2
1170 2
1200 2
1230 2
1260 2
1290 2
1320 2
1350 2
1380 2
1410 2
1440 2
1470 2
1500 2
1530 2
1560 2
1590 2
1620 2
1650 2
1680 2
1710 2
1740 2
1770 2
1800 2
1830 2
1860 2
1890 2
1920 2
1950 2
1980 2
2010 2
2040 2
2070 2
2100 2
2130 2
2160 2
2190 2
2220 2
2250 2
2280 2
2310 2
2340 2
2370 2
2400 2
2430 2
2460 2
2490 2
2520 2
2550 2
2580 2
2610 2
2640 2
2670 2
2700 0
2730 0
2760 0
2790 0
2820 0
2850 0
2880 0
2910 0
2940 0
2970 0
3000 0
3030 0
3060 0
3090 0
3120 0
3150 0
3180 0
3210 0
3240 0
3270 0
3300 0
3330 0
3360 0
3390 0
3420 0
3450 0
3480 0
3510 0
3540 0
3570 0
3600 1
3630 1
3660 1
3690 1
3720 1
3750 1
3780 1
3810 1
3840 2
3870 2
3900 2
3930 2
3960 2
3990 2
4020 2
4050 2
4080 2
4110 1
4140 2
4170 2
4200 2
4230 2
4260 2
4290 2
4320 2
4350 2
4380 2
4410 2
4440 0
4470 1
4500 2
4530 1
4560 2
4590 2
4620 2
4650 2
4680 2
4710 2
4740 2
4770 2
4800 2
4830 2
4860 2
4890 2
4920 2
4950 2
4980 2
5010 2
5040 2
5070 2
5100 2
5130 2
5160 2
5190 2
5220 2
5250 2
5280 2
5310 2
5340 2
5370 2
5400 2
5430 2
5460 2
5490 2
5520 2
5550 2
5580 2
5610 2
5640 2
5670 2
5700 2
5730 2
5760 2
5790 2
5820 2
5850 2
5880 2
5910 2
5940 2
5970 2
6000 2
6030 2
6060 2
6090 2
6120 2
6150 2
6180 2
6210 2
6240 3
6270 3
6300 3
6330 3
6360 3
6390 1
6420 2
6450 2
6480 2
6510 2
6540 2
6570 1
6600 2
6630 2
6660 5
6690 5
6720 1
6750 1
6780 1
6810 5
6840 5
6870 5
6900 5
6930 5
6960 5
6990 5
7020 5
7050 5
7080 5
7110 5
7140 5
7170 5
7200 5
7230 5
7260 5
7290 5
7320 5
7350 5
7380 5
7410 5
7440 5
7470 5
7500 5
7530 5
7560 5
7590 5
7620 5
7650 5
7680 5
7710 5
7740 5
7770 5
7800 5
7830 5
7860 5
7890 5
7920 5
7950 5
7980 5
8010 5
8040 5
8070 5
8100 5
8130 5
8160 5
8190 5
8220 5
8250 5
8280 5
8310 5
8340 5
8370 5
8400 5
8430 5
8460 5
8490 5
8520 5
8550 5
8580 5
8610 5
8640 5
8670 1
8700 1
8730 1
8760 1
8790 1
8820 1
8850 1
8880 1
8910 1
8940 1
8970 1
9000 2
9030 2
9060 2
9090 2
9120 2
9150 2
9180 2
9210 2
9240 2
9270 2
9300 2
9330 2
9360 2
9390 2
9420 2
9450 2
9480 2
9510 2
9540 2
9570 2
9600 2
9630 2
9660 2
9690 2
9720 2
9750 2
9780 0
9810 1
9840 2
9870 2
9900 2
9930 2
9960 2
9990 2
10020 2
10050 2
10080 2
10110 2
10140 2
10170 2
10200 2
10230 2
10260 2
10290 2
10320 2
10350 2
10380 2
10410 2
10440 2
10470 2
10500 2
10530 2
10560 2
10590 2
10620 2
10650 2
10680 2
10710 2
10740 2
10770 2
10800 2
10830 2
10860 2
10890 2
10920 2
10950 2
10980 2
11010 2
11040 2
11070 2
11100 2
11130 2
11160 2
11190 2
11220 2
11250 2
11280 2
11310 2
11340 2
11370 2
11400 2
11430 2
11460 2
11490 2
11520 2
11550 2
11580 2
11610 2
11640 2
11670 2
11700 2
11730 2
11760 2
11790 2
11820 2
11850 2
11880 2
11910 2
11940 2
11970 2
12000 2
12030 3
12060 3
12090 3
12120 3
12150 3
12180 3
12210 3
12240 3
12270 3
12300 3
12330 3
12360 3
12390 3
12420 3
12450 3
12480 3
12510 3
12540 3
12570 3
12600 3
12630 3
12660 0
12690 1
12720 1
12750 5
12780 5
12810 5
12840 5
12870 5
12900 5
12930 2
12960 2
12990 2
13020 2
13050 2
13080 2
13110 2
13140 2
13170 2
13200 2
13230 2
13260 2
13290 2
13320 2
13350 2
13380 5
13410 5
13440 5
13470 5
13500 5
13530 5
13560 5
13590 5
13620 5
13650 5
13680 5
13710 5
13740 5
13770 5
13800 5
13830 5
13860 5
13890 5
13920 5
13950 5
13980 5
14010 5
14040 5
14070 5
14100 5
14130 5
14160 5
14190 5
14220 5
14250 5
14280 5
14310 5
14340 5
14370 5
14400 5
14430 5
14460 5
14490 5
14520 5
14550 5
14580 5
14610 5
14640 5
14670 5
14700 5
14730 5
14760 5
14790 5
14820 5
14850 5
14880 5
14910 5
14940 5
14970 5
15000 5
15030 5
15060 5
15090 5
15120 5
15150 5
15180 5
15210 5
15240 5
15270 5
15300 5
15330 2
15360 2
15390 5
15420 0
15450 1
15480 1
15510 1
15540 5
15570 5
15600 5
15630 5
15660 5
15690 5
15720 5
15750 5
15780 5
15810 5
15840 5
15870 5
15900 5
15930 5
15960 5
15990 5
16020 5
16050 5
16080 5
16110 5
16140 5
16170 5
16200 2
16230 2
16260 2
16290 2
16320 2
16350 2
16380 2
16410 2
16440 2
16470 2
16500 2
16530 2
16560 2
16590 2
16620 2
16650 2
16680 2
16710 2
16740 1
16770 1
16800 2
16830 2
16860 2
16890 2
16920 2
16950 2
16980 2
17010 2
17040 2
17070 2
17100 2
17130 2
17160 2
17190 2
17220 2
17250 2
17280 2
17310 2
17340 2
17370 2
17400 2
17430 2
17460 2
17490 2
17520 2
17550 2
17580 2
17610 2
17640 2
17670 2
17700 2
17730 2
17760 1
17790 1
17820 1
17850 1
17880 1
17910 1
17940 1
17970 1
18000 1
18030 2
18060 2
18090 2
18120 2
18150 2
18180 2
18210 2
18240 2
18270 2
18300 2
18330 2
18360 2
18390 2
18420 2
18450 2
18480 2
18510 2
18540 2
18570 2
18600 2
18630 2
18660 2
18690 2
18720 2
18750 2
18780 2
18810 2
18840 2
18870 2
18900 2
18930 2
18960 2
18990 2
19020 2
19050 2
19080 2
19110 2
19140 2
19170 2
19200 2
19230 2
19260 2
19290 2
19320 2
19350 2
19380 2
19410 2
19440 2
19470 2
19500 2
19530 2
19560 2
19590 2
19620 2
19650 2
19680 2
19710 2
19740 2
19770 2
19800 2
19830 2
19860 2
19890 2
19920 2
19950 2
19980 0
20010 1
20040 2
20070 2
20100 1
20130 1
20160 1
20190 2
20220 5
20250 5
20280 5
20310 5
20340 5
20370 5
20400 5
20430 5
20460 5
20490 5
20520 5
20550 5
20580 5
20610 5
20640 5
20670 5
20700 5
20730 5
20760 5
20790 5
20820 5
20850 5
20880 5
20910 5
20940 5
20970 5
21000 5
21030 5
21060 5
21090 5
21120 5
21150 5
21180 5
21210 0
21240 1
21270 1
21300 5
21330 5
21360 5
21390 0
21420 0
21450 0
21480 0
21510 0
21540 0
21570 0
