-604798,0
-604198,139
-603598,110
-602998,20
-602398,9
-601798,0
-601198,124
-600598,187
-599998,19
-599398,0
-598798,0
-598198,0
-597598,0
-596998,0
-596398,0
-595798,0
-595198,0
-594598,0
-593998,0
-593398,0
-592798,0
-592198,0
-591598,0
-590998,0
-590398,0
-589798,0
-589198,0
-588598,0
-587998,0
-587398,0
-586798,0
-586198,0
-585598,0
-584998,0
-584398,0
-583798,0
-583198,0
-582598,0
-581998,0
-581398,0
-580798,0
-580198,0
-579598,0
-578998,0
-578398,0
-577798,0
-577198,0
-576598,0
-575998,3649
-575398,0
-574798,0
-574198,0
-573598,0
-572998,0
-572398,0
-571798,35
-571198,175
-570598,121
-569998,79
-569398,126
-568798,184
-568198,62
-567598,0
-566998,55
-566398,261
-565798,131
-565198,4
-564598,0
-563998,38
-563398,123
-562798,62
-562198,28
-561598,66
-560998,16
-560398,41
-559798,55
-559198,65
-558598,39
-557998,28
-557398,65
-556798,0
-556198,62
-555598,148
-554998,138
-554398,164
-553798,153
-553198,197
-552598,163
-551998,0
-551398,0
-550798,24
-550198,0
-549598,63
-548998,0
-548398,0
-547798,258
-547198,306
-546598,0
-545998,55
-545398,60
-544798,167
-544198,0
-543598,115
-542998,212
-542398,174
-541798,126
-541198,108
-540598,66
-539998,187
-539398,105
-538798,170
-538198,73
-537598,0
-536998,250
-536398,17
-535798,31
-535198,80
-534598,131
-533998,55
-533398,0
-532798,251
-532198,62
-531598,0
-530998,248
-530398,38
-529798,44
-529198,130
-528598,10
-527998,38
-527398,226
-526798,8
-526198,94
-525598,123
-524998,48
-524398,65
-523798,22
-523198,25
-522598,7
-521998,14
-521398,0
-520798,0
-520198,8
-519598,15
-518998,8
-518398,29
-517798,161
-517198,0
-516598,0
-515998,0
-515398,0
-514798,0
-514198,0
-513598,0
-512998,0
-512398,0
-511798,0
-511198,0
-510598,0
-509998,0
-509398,0
-508798,0
-508198,0
-507598,0
-506998,0
-506398,0
-505798,0
-505198,0
-504598,0
-503998,0
-503398,0
-502798,0
-502198,0
-501598,0
-500998,0
-500398,0
-499798,0
-499198,0
-498598,0
-497998,0
-497398,0
-496798,0
-496198,0
-495598,0
-494998,0
-494398,0
-493798,0
-493198,0
-492598,0
-491998,0
-491398,0
-490798,0
-490198,0
-489598,0
-488998,0
-488398,0
-487798,0
-487198,0
-486598,0
-485998,0
-485398,124
-484798,291
-484198,0
-483598,0
-482998,142
-482398,6409
-481798,82
-481198,0
-480598,152
-479998,212
-479398,131
-478798,273
-478198,185
-477598,177
-476998,135
-476398,240
-475798,62
-475198,0
-474598,173
-473998,82
-473398,56
-472798,224
-472198,607
-471598,192
-470998,145
-470398,123
-469798,129
-469198,95
-468598,103
-467998,77
-467398,92
-466798,137
-466198,104
-465598,206
-464998,85
-464398,21
-463798,230
-463198,61
-462598,0
-461998,152
-461398,195
-460798,36
-460198,0
-459598,161
-458998,77
-458398,182
-457798,98
-457198,0
-456598,240
-455998,264
-455398,147
-454798,135
-454198,208
-453598,147
-452998,152
-452398,104
-451798,34
-451198,120
-450598,82
-449998,53
-449398,229
-448798,94
-448198,107
-447598,31
-446998,41
-446398,48
-445798,8
-445198,44
-444598,44
-443998,34
-443398,31
-442798,24
-442198,90
-441598,48
-440998,193
-440398,102
-439798,173
-439198,51
-438598,0
-437998,52
-437398,71
-436798,106
-436198,108
-435598,107
-434998,20
-434398,142
-433798,118
-433198,0
-432598,11
-431998,146
-431398,84
-430798,39
-430198,96
-429598,0
-428998,38
-428398,10
-427798,0
-427198,98
-426598,229
-425998,2
-425398,0
-424798,0
-424198,0
-423598,0
-422998,0
-422398,0
-421798,0
-421198,0
-420598,0
-419998,0
-419398,0
-418798,0
-418198,0
-417598,0
-416998,0
-416398,0
-415798,0
-415198,0
-414598,0
-413998,0
-413398,0
-412798,0
-412198,0
-411598,0
-410998,0
-410398,0
-409798,0
-409198,0
-408598,0
-407998,0
-407398,0
-406798,0
-406198,0
-405598,0
-404998,0
-404398,0
-403798,0
-403198,0
-402598,0
-401998,0
-401398,0
-400798,0
-400198,0
-399598,0
-398998,0
-398398,0
-397798,0
-397198,0
-396598,0
-395998,0
-395398,0
-394798,0
-394198,0
-393598,0
-392998,0
-392398,0
-391798,91
-391198,35
-390598,0
-389998,2753
-389398,0
-388798,19
-388198,36
-387598,265
-386998,47
-386398,92
-385798,0
-385198,2
-384598,27
-383998,218
-383398,27
-382798,0
-382198,0
-381598,0
-380998,0
-380398,208
-379798,0
-379198,104
-378598,15
-377998,114
-377398,97
-376798,42
-376198,0
-375598,88
-374998,73
-374398,0
-373798,75
-373198,90
-372598,90
-371998,0
-371398,44
-370798,119
-370198,0
-369598,80
-368998,90
-368398,110
-367798,401
-367198,669
-366598,93
-365998,223
-365398,33
-364798,72
-364198,474
-363598,1090
-362998,0
-362398,0
-361798,2
-361198,0
-360598,0
-359998,145
-359398,2
-358798,214
-358198,0
-357598,0
-356998,0
-356398,0
-355798,14
-355198,0
-354598,0
-353998,11
-353398,264
-352798,0
-352198,0
-351598,0
-350998,204
-350398,52
-349798,0
-349198,0
-348598,37
-347998,135
-347398,133
-346798,55
-346198,10
-345598,199
-344998,67
-344398,0
-343798,115
-343198,685
-342598,0
-341998,149
-341398,0
-340798,0
-340198,0
-339598,0
-338998,0
-338398,0
-337798,0
-337198,0
-336598,0
-335998,0
-335398,0
-334798,0
-334198,0
-333598,0
-332998,0
-332398,0
-331798,0
-331198,0
-330598,0
-329998,0
-329398,0
-328798,0
-328198,0
-327598,0
-326998,0
-326398,0
-325798,0
-325198,0
-324598,0
-323998,0
-323398,0
-322798,0
-322198,0
-321598,0
-320998,0
-320398,0
-319798,0
-319198,0
-318598,0
-317998,0
-317398,0
-316798,0
-316198,0
-315598,0
-314998,0
-314398,0
-313798,0
-313198,0
-312598,0
-311998,25
-311398,0
-310798,39
-310198,261
-309598,139
-308998,234
-308398,172
-307798,125
-307198,139
-306598,191
-305998,194
-305398,0
-304798,65
-304198,0
-303598,0
-302998,75
-302398,18
-301798,0
-301198,781
-300598,54
-299998,92
-299398,173
-298798,0
-298198,0
-297598,77
-296998,0
-296398,0
-295798,0
-295198,676
-294598,321
-293998,474
-293398,424
-292798,2
-292198,0
-291598,4
-290998,0
-290398,0
-289798,2162
-289198,54
-288598,0
-287998,100
-287398,49
-286798,0
-286198,347
-285598,8
-284998,8
-284398,284
-283798,0
-283198,0
-282598,0
-281998,0
-281398,0
-280798,0
-280198,0
-279598,0
-278998,0
-278398,0
-277798,0
-277198,0
-276598,482
-275998,0
-275398,45
-274798,91
-274198,154
-273598,70
-272998,77
-272398,69
-271798,113
-271198,0
-270598,0
-269998,0
-269398,0
-268798,0
-268198,0
-267598,0
-266998,0
-266398,0
-265798,0
-265198,0
-264598,0
-263998,0
-263398,0
-262798,0
-262198,0
-261598,0
-260998,0
-260398,0
-259798,0
-259198,0
-258598,0
-257998,0
-257398,0
-256798,0
-256198,0
-255598,0
-254998,0
-254398,0
-253798,0
-253198,0
-252598,0
-251998,0
-251398,0
-250798,0
-250198,0
-249598,0
-248998,0
-248398,0
-247798,0
-247198,0
-246598,0
-245998,0
-245398,6
-244798,0
-244198,0
-243598,0
-242998,0
-242398,0
-241798,0
-241198,0
-240598,0
-239998,0
-239398,0
-238798,0
-238198,0
-237598,0
-236998,0
-236398,0
-235798,0
-235198,0
-234598,0
-233998,0
-233398,0
-232798,0
-232198,0
-231598,0
-230998,0
-230398,0
-229798,0
-229198,0
-228598,0
-227998,0
-227398,0
-226798,0
-226198,0
-225598,41
-224998,185
-224398,51
-223798,130
-223198,95
-222598,16
-221998,96
-221398,418
-220798,98
-220198,25
-219598,121
-218998,0
-218398,0
-217798,88
-217198,365
-216598,71
-215998,158
-215398,190
-214798,5
-214198,138
-213598,229
-212998,97
-212398,0
-211798,0
-211198,253
-210598,205
-209998,257
-209398,122
-208798,60
-208198,112
-207598,185
-206998,207
-206398,65
-205798,0
-205198,348
-204598,195
-203998,0
-203398,0
-202798,0
-202198,470
-201598,0
-200998,182
-200398,323
-199798,81
-199198,130
-198598,0
-197998,197
-197398,68
-196798,160
-196198,125
-195598,60
-194998,207
-194398,57
-193798,96
-193198,81
-192598,0
-191998,59
-191398,16
-190798,0
-190198,142
-189598,0
-188998,64
-188398,114
-187798,29
-187198,0
-186598,60
-185998,195
-185398,133
-184798,0
-184198,114
-183598,144
-182998,84
-182398,0
-181798,23
-181198,0
-180598,182
-179998,53
-179398,0
-178798,0
-178198,124
-177598,230
-176998,181
-176398,181
-175798,158
-175198,223
-174598,0
-173998,282
-173398,363
-172798,0
-172198,81
-171598,0
-170998,178
-170398,107
-169798,0
-169198,0
-168598,15
-167998,160
-167398,0
-166798,0
-166198,0
-165598,0
-164998,0
-164398,0
-163798,0
-163198,0
-162598,0
-161998,0
-161398,0
-160798,0
-160198,0
-159598,0
-158998,0
-158398,0
-157798,0
-157198,0
-156598,0
-155998,0
-155398,0
-154798,0
-154198,0
-153598,0
-152998,0
-152398,0
-151798,0
-151198,0
-150598,0
-149998,0
-149398,0
-148798,0
-148198,0
-147598,0
-146998,0
-146398,0
-145798,0
-145198,0
-144598,0
-143998,0
-143398,0
-142798,0
-142198,0
-141598,0
-140998,0
-140398,0
-139798,0
-139198,385
-138598,256
-137998,106
-137398,0
-136798,230
-136198,55
-135598,14
-134998,199
-134398,187
-133798,213
-133198,378
-132598,146
-131998,31
-131398,81
-130798,84
-130198,97
-129598,31
-128998,0
-128398,41
-127798,98
-127198,110
-126598,48
-125998,138
-125398,124
-124798,157
-124198,301
-123598,95
-122998,211
-122398,0
-121798,65
-121198,166
-120598,214
-119998,77
-119398,0
-118798,108
-118198,36
-117598,75
-116998,0
-116398,115
-115798,58
-115198,0
-114598,0
-113998,115
-113398,0
-112798,0
-112198,0
-111598,136
-110998,125
-110398,0
-109798,203
-109198,82
-108598,192
-107998,231
-107398,0
-106798,154
-106198,25
-105598,0
-104998,276
-104398,161
-103798,192
-103198,62
-102598,60
-101998,0
-101398,0
-100798,0
-100198,0
-99598,8
-98998,0
-98398,0
-97798,184
-97198,36
-96598,0
-95998,0
-95398,0
-94798,153
-94198,0
-93598,0
-92998,83
-92398,377
-91798,0
-91198,90
-90598,0
-89998,75
-89398,0
-88798,88
-88198,93
-87598,33
-86998,165
-86398,90
-85798,50
-85198,39
-84598,0
-83998,141
-83398,186
-82798,31
-82198,0
-81598,0
-80998,0
-80398,0
-79798,0
-79198,0
-78598,0
-77998,0
-77398,0
-76798,0
-76198,0
-75598,0
-74998,0
-74398,0
-73798,0
-73198,0
-72598,0
-71998,0
-71398,0
-70798,0
-70198,0
-69598,0
-68998,0
-68398,0
-67798,0
-67198,0
-66598,0
-65998,0
-65398,0
-64798,0
-64198,0
-63598,0
-62998,0
-62398,0
-61798,0
-61198,0
-60598,0
-59998,0
-59398,0
-58798,0
-58198,0
-57598,0
-56998,0
-56398,0
-55798,0
-55198,0
-54598,0
-53998,0
-53398,0
-52798,0
-52198,0
-51598,0
-50998,0
-50398,0
-49798,0
-49198,0
-48598,0
-47998,0
-47398,0
-46798,0
-46198,93
-45598,0
-44998,44
-44398,0
-43798,41
-43198,0
-42598,31
-41998,138
-41398,160
-40798,53
-40198,20
-39598,130
-38998,185
-38398,0
-37798,0
-37198,14
-36598,80
-35998,87
-35398,146
-34798,250
-34198,333
-33598,75
-32998,10
-32398,0
-31798,0
-31198,0
-30598,0
-29998,106
-29398,166
-28798,204
-28198,43
-27598,53
-26998,83
-26398,0
-25798,72
-25198,74
-24598,6
-23998,0
-23398,0
-22798,0
-22198,0
-21598,0
-20998,0
-20398,0
-19798,0
-19198,0
-18598,0
-17998,0
-17398,0
-16798,0
-16198,0
-15598,0
-14998,0
-14398,0
-13798,0
-13198,0
-12598,0
-11998,0
-11398,0
-10798,0
-10198,0
-9598,0
-8998,0
-8398,0
-7798,0
-7198,0
-6598,0
-5998,0
-5398,0
-4798,0
-4198,34
-3598,0
-2998,0
-2398,0
-1798,53
-1198,19
-598,11
2,0
