-604798,0
-604198,0
-603598,0
-602998,0
-602398,8
-601798,23
-601198,0
-600598,4
-599998,0
-599398,0
-598798,0
-598198,0
-597598,4
-596998,4
-596398,0
-595798,24
-595198,12
-594598,11
-593998,284
-593398,1094
-592798,736
-592198,0
-591598,0
-590998,0
-590398,0
-589798,0
-589198,25
-588598,0
-587998,40
-587398,0
-586798,0
-586198,0
-585598,0
-584998,0
-584398,0
-583798,0
-583198,0
-582598,0
-581998,0
-581398,0
-580798,0
-580198,0
-579598,0
-578998,0
-578398,0
-577798,0
-577198,0
-576598,0
-575998,0
-575398,0
-574798,0
-574198,0
-573598,0
-572998,0
-572398,0
-571798,0
-571198,0
-570598,0
-569998,0
-569398,0
-568798,0
-568198,0
-567598,0
-566998,0
-566398,0
-565798,0
-565198,0
-564598,0
-563998,0
-563398,0
-562798,482
-562198,0
-561598,0
-560998,0
-560398,0
-559798,0
-559198,329
-558598,1
-557998,0
-557398,48
-556798,0
-556198,0
-555598,19
-554998,17
-554398,8
-553798,10
-553198,310
-552598,0
-551998,92
-551398,49
-550798,18
-550198,0
-549598,0
-548998,0
-548398,416
-547798,174
-547198,0
-546598,0
-545998,0
-545398,0
-544798,0
-544198,0
-543598,0
-542998,0
-542398,0
-541798,0
-541198,0
-540598,0
-539998,18
-539398,0
-538798,0
-538198,0
-537598,8
-536998,0
-536398,8
-535798,0
-535198,0
-534598,0
-533998,0
-533398,0
-532798,0
-532198,0
-531598,349
-530998,305
-530398,50
-529798,20
-529198,12
-528598,40
-527998,18
-527398,57
-526798,48
-526198,243
-525598,706
-524998,873
-524398,0
-523798,0
-523198,0
-522598,0
-521998,367
-521398,882
-520798,14
-520198,0
-519598,0
-518998,0
-518398,0
-517798,0
-517198,0
-516598,0
-515998,0
-515398,0
-514798,0
-514198,0
-513598,0
-512998,0
-512398,0
-511798,0
-511198,0
-510598,0
-509998,0
-509398,0
-508798,0
-508198,0
-507598,0
-506998,0
-506398,0
-505798,0
-505198,0
-504598,0
-503998,0
-503398,0
-502798,0
-502198,0
-501598,0
-500998,0
-500398,0
-499798,0
-499198,0
-498598,0
-497998,0
-497398,0
-496798,0
-496198,0
-495598,0
-494998,0
-494398,0
-493798,0
-493198,0
-492598,0
-491998,0
-491398,0
-490798,0
-490198,0
-489598,0
-488998,0
-488398,0
-487798,0
-487198,0
-486598,0
-485998,0
-485398,0
-484798,0
-484198,0
-483598,0
-482998,0
-482398,0
-481798,0
-481198,0
-480598,0
-479998,0
-479398,0
-478798,0
-478198,6
-477598,52
-476998,587
-476398,102
-475798,33
-475198,0
-474598,73
-473998,202
-473398,478
-472798,33
-472198,0
-471598,0
-470998,0
-470398,77
-469798,132
-469198,0
-468598,5
-467998,0
-467398,0
-466798,0
-466198,0
-465598,0
-464998,0
-464398,0
-463798,0
-463198,104
-462598,71
-461998,0
-461398,0
-460798,0
-460198,0
-459598,20
-458998,0
-458398,0
-457798,15
-457198,0
-456598,28
-455998,6
-455398,176
-454798,0
-454198,0
-453598,0
-452998,0
-452398,32
-451798,0
-451198,0
-450598,0
-449998,0
-449398,0
-448798,0
-448198,0
-447598,0
-446998,26
-446398,860
-445798,22
-445198,279
-444598,221
-443998,359
-443398,205
-442798,115
-442198,147
-441598,27
-440998,96
-440398,8
-439798,4
-439198,0
-438598,56
-437998,193
-437398,1030
-436798,541
-436198,577
-435598,583
-434998,225
-434398,264
-433798,140
-433198,227
-432598,590
-431998,507
-431398,342
-430798,830
-430198,910
-429598,1182
-428998,252
-428398,78
-427798,87
-427198,0
-426598,8
-425998,20
-425398,8
-424798,262
-424198,128
-423598,3
-422998,26
-422398,0
-421798,0
-421198,0
-420598,0
-419998,0
-419398,0
-418798,0
-418198,0
-417598,0
-416998,0
-416398,0
-415798,0
-415198,0
-414598,0
-413998,0
-413398,0
-412798,0
-412198,0
-411598,0
-410998,0
-410398,0
-409798,0
-409198,0
-408598,0
-407998,0
-407398,0
-406798,0
-406198,0
-405598,0
-404998,0
-404398,0
-403798,0
-403198,0
-402598,0
-401998,0
-401398,0
-400798,0
-400198,0
-399598,0
-398998,0
-398398,0
-397798,0
-397198,0
-396598,0
-395998,0
-395398,56
-394798,590
-394198,442
-393598,248
-392998,177
-392398,186
-391798,169
-391198,452
-390598,353
-389998,285
-389398,462
-388798,339
-388198,429
-387598,867
-386998,1203
-386398,1361
-385798,65
-385198,35
-384598,0
-383998,7
-383398,685
-382798,1259
-382198,0
-381598,0
-380998,0
-380398,0
-379798,16
-379198,17
-378598,754
-377998,413
-377398,26
-376798,91
-376198,40
-375598,13
-374998,41
-374398,63
-373798,0
-373198,0
-372598,0
-371998,0
-371398,40
-370798,38
-370198,0
-369598,31
-368998,26
-368398,78
-367798,71
-367198,99
-366598,60
-365998,429
-365398,191
-364798,180
-364198,113
-363598,40
-362998,52
-362398,8
-361798,9
-361198,23
-360598,0
-359998,0
-359398,0
-358798,8
-358198,52
-357598,79
-356998,122
-356398,179
-355798,54
-355198,0
-354598,17
-353998,4
-353398,0
-352798,0
-352198,113
-351598,92
-350998,339
-350398,1149
-349798,1365
-349198,1465
-348598,864
-347998,201
-347398,464
-346798,664
-346198,537
-345598,362
-344998,1288
-344398,97
-343798,65
-343198,0
-342598,0
-341998,0
-341398,0
-340798,10
-340198,23
-339598,55
-338998,10
-338398,0
-337798,93
-337198,0
-336598,0
-335998,0
-335398,10
-334798,0
-334198,0
-333598,0
-332998,0
-332398,0
-331798,0
-331198,0
-330598,0
-329998,0
-329398,0
-328798,0
-328198,0
-327598,0
-326998,0
-326398,0
-325798,0
-325198,0
-324598,0
-323998,0
-323398,0
-322798,0
-322198,0
-321598,0
-320998,0
-320398,0
-319798,0
-319198,0
-318598,0
-317998,0
-317398,0
-316798,0
-316198,0
-315598,0
-314998,0
-314398,0
-313798,0
-313198,0
-312598,0
-311998,0
-311398,0
-310798,0
-310198,0
-309598,0
-308998,9
-308398,231
-307798,1148
-307198,289
-306598,169
-305998,307
-305398,71
-304798,207
-304198,490
-303598,261
-302998,216
-302398,237
-301798,489
-301198,646
-300598,734
-299998,830
-299398,4
-298798,12
-298198,411
-297598,293
-296998,533
-296398,810
-295798,7
-295198,0
-294598,0
-293998,0
-293398,0
-292798,0
-292198,311
-291598,956
-290998,379
-290398,45
-289798,42
-289198,34
-288598,78
-287998,0
-287398,0
-286798,8
-286198,43
-285598,0
-284998,0
-284398,8
-283798,58
-283198,0
-282598,0
-281998,0
-281398,0
-280798,0
-280198,12
-279598,0
-278998,0
-278398,0
-277798,0
-277198,0
-276598,0
-275998,0
-275398,305
-274798,179
-274198,118
-273598,15
-272998,0
-272398,0
-271798,25
-271198,49
-270598,0
-269998,346
-269398,139
-268798,8
-268198,22
-267598,34
-266998,0
-266398,0
-265798,69
-265198,162
-264598,791
-263998,1260
-263398,1431
-262798,685
-262198,1206
-261598,32
-260998,260
-260398,969
-259798,471
-259198,55
-258598,0
-257998,0
-257398,24
-256798,4
-256198,0
-255598,142
-254998,79
-254398,22
-253798,12
-253198,0
-252598,0
-251998,0
-251398,37
-250798,0
-250198,0
-249598,0
-248998,0
-248398,0
-247798,0
-247198,0
-246598,0
-245998,0
-245398,0
-244798,0
-244198,0
-243598,0
-242998,0
-242398,0
-241798,0
-241198,0
-240598,0
-239998,0
-239398,0
-238798,0
-238198,0
-237598,0
-236998,0
-236398,0
-235798,0
-235198,0
-234598,0
-233998,0
-233398,0
-232798,0
-232198,0
-231598,0
-230998,0
-230398,0
-229798,0
-229198,0
-228598,0
-227998,0
-227398,0
-226798,0
-226198,0
-225598,0
-224998,0
-224398,0
-223798,0
-223198,33
-222598,167
-221998,266
-221398,1006
-220798,173
-220198,558
-219598,282
-218998,150
-218398,175
-217798,119
-217198,408
-216598,398
-215998,486
-215398,537
-214798,356
-214198,2190
-213598,640
-212998,61
-212398,19
-211798,9
-211198,0
-210598,21
-209998,0
-209398,0
-208798,14
-208198,0
-207598,0
-206998,8
-206398,485
-205798,1658
-205198,365
-204598,629
-203998,165
-203398,294
-202798,408
-202198,80
-201598,79
-200998,39
-200398,48
-199798,0
-199198,0
-198598,523
-197998,1569
-197398,302
-196798,0
-196198,0
-195598,0
-194998,0
-194398,0
-193798,253
-193198,0
-192598,0
-191998,0
-191398,10
-190798,18
-190198,0
-189598,254
-188998,1609
-188398,871
-187798,42
-187198,8
-186598,0
-185998,410
-185398,1860
-184798,79
-184198,0
-183598,0
-182998,8
-182398,0
-181798,0
-181198,0
-180598,0
-179998,54
-179398,705
-178798,610
-178198,749
-177598,139
-176998,700
-176398,334
-175798,283
-175198,508
-174598,130
-173998,153
-173398,286
-172798,124
-172198,320
-171598,52
-170998,390
-170398,655
-169798,0
-169198,40
-168598,37
-167998,0
-167398,0
-166798,0
-166198,0
-165598,8
-164998,116
-164398,6
-163798,74
-163198,0
-162598,22
-161998,0
-161398,0
-160798,0
-160198,0
-159598,0
-158998,0
-158398,0
-157798,0
-157198,0
-156598,0
-155998,0
-155398,0
-154798,0
-154198,0
-153598,0
-152998,0
-152398,0
-151798,0
-151198,0
-150598,0
-149998,0
-149398,0
-148798,0
-148198,0
-147598,0
-146998,0
-146398,0
-145798,0
-145198,0
-144598,0
-143998,0
-143398,0
-142798,0
-142198,0
-141598,0
-140998,0
-140398,0
-139798,0
-139198,0
-138598,0
-137998,0
-137398,0
-136798,0
-136198,0
-135598,0
-134998,0
-134398,0
-133798,0
-133198,0
-132598,16
-131998,11
-131398,0
-130798,0
-130198,0
-129598,0
-128998,0
-128398,0
-127798,10
-127198,0
-126598,0
-125998,0
-125398,0
-124798,17
-124198,270
-123598,931
-122998,388
-122398,0
-121798,0
-121198,0
-120598,0
-119998,0
-119398,0
-118798,0
-118198,0
-117598,0
-116998,0
-116398,0
-115798,0
-115198,319
-114598,2058
-113998,570
-113398,1202
-112798,2332
-112198,516
-111598,1003
-110998,454
-110398,8
-109798,0
-109198,0
-108598,36
-107998,0
-107398,0
-106798,90
-106198,87
-105598,0
-104998,0
-104398,136
-103798,41
-103198,469
-102598,2081
-101998,116
-101398,0
-100798,11
-100198,16
-99598,0
-98998,17
-98398,508
-97798,1963
-97198,91
-96598,14
-95998,0
-95398,0
-94798,0
-94198,0
-93598,0
-92998,0
-92398,273
-91798,762
-91198,241
-90598,300
-89998,401
-89398,695
-88798,488
-88198,201
-87598,368
-86998,347
-86398,499
-85798,951
-85198,142
-84598,1029
-83998,1049
-83398,516
-82798,27
-82198,84
-81598,9
-80998,38
-80398,0
-79798,0
-79198,1
-78598,0
-77998,25
-77398,58
-76798,13
-76198,32
-75598,0
-74998,0
-74398,0
-73798,0
-73198,0
-72598,0
-71998,0
-71398,0
-70798,0
-70198,0
-69598,0
-68998,0
-68398,0
-67798,0
-67198,0
-66598,0
-65998,0
-65398,0
-64798,0
-64198,0
-63598,0
-62998,0
-62398,0
-61798,0
-61198,0
-60598,0
-59998,0
-59398,0
-58798,0
-58198,0
-57598,0
-56998,0
-56398,0
-55798,0
-55198,0
-54598,0
-53998,0
-53398,0
-52798,0
-52198,0
-51598,0
-50998,51
-50398,132
-49798,10
-49198,412
-48598,649
-47998,671
-47398,191
-46798,202
-46198,249
-45598,633
-44998,366
-44398,174
-43798,586
-43198,223
-42598,84
-41998,297
-41398,1210
-40798,153
-40198,227
-39598,618
-38998,895
-38398,31
-37798,373
-37198,1473
-36598,1334
-35998,47
-35398,6
-34798,9
-34198,1634
-33598,953
-32998,25
-32398,11
-31798,0
-31198,24
-30598,39
-29998,33
-29398,0
-28798,29
-28198,0
-27598,41
-26998,799
-26398,321
-25798,125
-25198,252
-24598,41
-23998,0
-23398,0
-22798,0
-22198,0
-21598,0
-20998,0
-20398,0
-19798,0
-19198,0
-18598,0
-17998,0
-17398,0
-16798,0
-16198,0
-15598,0
-14998,0
-14398,0
-13798,0
-13198,0
-12598,0
-11998,0
-11398,0
-10798,0
-10198,0
-9598,0
-8998,0
-8398,0
-7798,0
-7198,0
-6598,0
-5998,0
-5398,0
-4798,0
-4198,0
-3598,0
-2998,0
-2398,0
-1798,8
-1198,0
-598,19
2,0
602,0
1202,0
1802,0
2402,0
3002,0
3602,0
4202,0
4802,0
5402,0
6002,0
6602,0
7202,0
7802,0
8402,0
9002,0
9602,0
10202,0
10802,0
11402,0
12002,0
12602,0
13202,0
13802,0
14402,0
15002,0
15602,0
16202,0
16802,0
17402,0
18002,0
18602,0
19202,0
19802,0
20402,0
21002,0
21602,0
22202,0
22802,0
23402,0
24002,0
24602,0
25202,0
25802,0
26402,12
27002,0
27602,0
28202,0
28802,14
29402,0
