-473712,172
-473112,0
-472512,85
-471912,19
-471312,43
-470712,66
-470112,169
-469512,217
-468912,0
-468312,26
-467712,40
-467112,0
-466512,0
-465912,0
-465312,17
-464712,104
-464112,0
-463512,141
-462912,147
-462312,0
-461712,45
-461112,47
-460512,0
-459912,0
-459312,0
-458712,0
-458112,0
-457512,24
-456912,19
-456312,26
-455712,0
-455112,93
-454512,211
-453912,0
-453312,0
-452712,1015
-452112,0
-451512,0
-450912,57
-450312,0
-449712,0
-449112,0
-448512,0
-447912,0
-447312,0
-446712,0
-446112,0
-445512,0
-444912,0
-444312,0
-443712,0
-443112,0
-442512,0
-441912,0
-441312,0
-440712,0
-440112,0
-439512,0
-438912,0
-438312,0
-437712,393
-437112,30
-436512,499
-435912,165
-435312,0
-434712,0
-434112,0
-433512,0
-432912,0
-432312,0
-431712,9
-431112,0
-430512,0
-429912,0
-429312,0
-428712,0
-428112,0
-427512,0
-426912,0
-426312,0
-425712,0
-425112,0
-424512,0
-423912,0
-423312,0
-422712,0
-422112,0
-421512,0
-420912,0
-420312,0
-419712,0
-419112,0
-418512,0
-417912,0
-417312,0
-416712,0
-416112,0
-415512,0
-414912,0
-414312,0
-413712,0
-413112,0
-412512,0
-411912,0
-411312,0
-410712,0
-410112,0
-409512,0
-408912,0
-408312,0
-407712,0
-407112,0
-406512,0
-405912,0
-405312,0
-404712,0
-404112,0
-403512,0
-402912,0
-402312,0
-401712,0
-401112,0
-400512,0
-399912,0
-399312,0
-398712,0
-398112,0
-397512,116
-396912,112
-396312,0
-395712,481
-395112,385
-394512,88
-393912,13
-393312,48
-392712,78
-392112,0
-391512,0
-390912,0
-390312,48
-389712,0
-389112,85
-388512,39
-387912,0
-387312,33
-386712,36
-386112,21
-385512,18
-384912,62
-384312,0
-383712,28
-383112,18
-382512,19
-381912,0
-381312,2
-380712,22
-380112,48
-379512,139
-378912,65
-378312,45
-377712,43
-377112,16
-376512,0
-375912,0
-375312,0
-374712,42
-374112,0
-373512,0
-372912,96
-372312,0
-371712,0
-371112,0
-370512,92
-369912,19
-369312,30
-368712,36
-368112,59
-367512,26
-366912,749
-366312,231
-365712,87
-365112,0
-364512,115
-363912,0
-363312,0
-362712,48
-362112,30
-361512,0
-360912,8
-360312,16
-359712,146
-359112,204
-358512,160
-357912,118
-357312,74
-356712,38
-356112,21
-355512,23
-354912,0
-354312,146
-353712,271
-353112,0
-352512,36
-351912,24
-351312,11
-350712,142
-350112,140
-349512,12
-348912,0
-348312,7
-347712,8
-347112,0
-346512,52
-345912,61
-345312,0
-344712,17
-344112,0
-343512,0
-342912,0
-342312,0
-341712,22
-341112,0
-340512,0
-339912,10
-339312,197
-338712,65
-338112,308
-337512,224
-336912,86
-336312,143
-335712,0
-335112,0
-334512,0
-333912,0
-333312,0
-332712,0
-332112,0
-331512,0
-330912,0
-330312,0
-329712,0
-329112,0
-328512,0
-327912,0
-327312,0
-326712,0
-326112,0
-325512,0
-324912,0
-324312,0
-323712,0
-323112,0
-322512,0
-321912,0
-321312,0
-320712,0
-320112,0
-319512,0
-318912,0
-318312,0
-317712,0
-317112,0
-316512,0
-315912,0
-315312,0
-314712,0
-314112,0
-313512,0
-312912,0
-312312,0
-311712,0
-311112,0
-310512,0
-309912,0
-309312,0
-308712,0
-308112,0
-307512,0
-306912,0
-306312,0
-305712,0
-305112,0
-304512,0
-303912,0
-303312,0
-302712,0
-302112,0
-301512,0
-300912,0
-300312,0
-299712,0
-299112,20
-298512,50
-297912,105
-297312,112
-296712,52
-296112,203
-295512,420
-294912,753
-294312,237
-293712,220
-293112,319
-292512,272
-291912,335
-291312,194
-290712,91
-290112,663
-289512,356
-288912,129
-288312,98
-287712,7
-287112,51
-286512,9
-285912,0
-285312,0
-284712,8
-284112,0
-283512,0
-282912,0
-282312,0
-281712,33
-281112,74
-280512,296
-279912,279
-279312,197
-278712,1104
-278112,657
-277512,107
-276912,36
-276312,0
-275712,148
-275112,4
-274512,0
-273912,329
-273312,1626
-272712,226
-272112,31
-271512,0
-270912,185
-270312,359
-269712,191
-269112,572
-268512,169
-267912,1007
-267312,847
-266712,1243
-266112,265
-265512,291
-264912,677
-264312,224
-263712,1416
-263112,756
-262512,713
-261912,503
-261312,119
-260712,248
-260112,42
-259512,78
-258912,280
-258312,154
-257712,150
-257112,32
-256512,69
-255912,46
-255312,145
-254712,16
-254112,22
-253512,0
-252912,15
-252312,33
-251712,0
-251112,0
-250512,80
-249912,135
-249312,158
-248712,0
-248112,0
-247512,0
-246912,0
-246312,0
-245712,0
-245112,0
-244512,0
-243912,0
-243312,0
-242712,0
-242112,0
-241512,0
-240912,0
-240312,0
-239712,0
-239112,0
-238512,0
-237912,0
-237312,0
-236712,0
-236112,0
-235512,0
-234912,0
-234312,0
-233712,0
-233112,0
-232512,0
-231912,0
-231312,0
-230712,0
-230112,0
-229512,0
-228912,0
-228312,0
-227712,0
-227112,0
-226512,0
-225912,0
-225312,0
-224712,0
-224112,0
-223512,0
-222912,0
-222312,0
-221712,0
-221112,0
-220512,0
-219912,0
-219312,0
-218712,0
-218112,0
-217512,0
-216912,0
-216312,27
-215712,0
-215112,51
-214512,0
-213912,10
-213312,448
-212712,446
-212112,0
-211512,0
-210912,0
-210312,0
-209712,10
-209112,0
-208512,0
-207912,0
-207312,0
-206712,0
-206112,246
-205512,654
-204912,107
-204312,104
-203712,0
-203112,0
-202512,0
-201912,0
-201312,0
-200712,0
-200112,0
-199512,0
-198912,0
-198312,0
-197712,0
-197112,0
-196512,0
-195912,0
-195312,0
-194712,0
-194112,161
-193512,200
-192912,106
-192312,54
-191712,0
-191112,0
-190512,0
-189912,0
-189312,0
-188712,0
-188112,0
-187512,0
-186912,0
-186312,0
-185712,0
-185112,9
-184512,0
-183912,0
-183312,100
-182712,71
-182112,4
-181512,0
-180912,0
-180312,0
-179712,0
-179112,0
-178512,293
-177912,457
-177312,181
-176712,0
-176112,0
-175512,19
-174912,0
-174312,0
-173712,0
-173112,0
-172512,20
-171912,7
-171312,55
-170712,0
-170112,8
-169512,160
-168912,36
-168312,39
-167712,0
-167112,0
-166512,0
-165912,0
-165312,0
-164712,0
-164112,0
-163512,0
-162912,0
-162312,0
-161712,0
-161112,0
-160512,0
-159912,0
-159312,0
-158712,0
-158112,0
-157512,0
-156912,0
-156312,0
-155712,0
-155112,0
-154512,0
-153912,0
-153312,0
-152712,0
-152112,0
-151512,0
-150912,0
-150312,0
-149712,0
-149112,0
-148512,0
-147912,0
-147312,0
-146712,0
-146112,0
-145512,0
-144912,0
-144312,0
-143712,0
-143112,0
-142512,0
-141912,0
-141312,0
-140712,0
-140112,0
-139512,0
-138912,0
-138312,0
-137712,0
-137112,0
-136512,0
-135912,0
-135312,0
-134712,0
-134112,0
-133512,0
-132912,0
-132312,0
-131712,0
-131112,0
-130512,34
-129912,9
-129312,597
-128712,0
-128112,22
-127512,0
-126912,0
-126312,0
-125712,0
-125112,0
-124512,0
-123912,0
-123312,0
-122712,0
-122112,0
-121512,0
-120912,0
-120312,10
-119712,0
-119112,0
-118512,0
-117912,0
-117312,0
-116712,0
-116112,146
-115512,745
-114912,65
-114312,163
-113712,0
-113112,382
-112512,1580
-111912,1269
-111312,2
-110712,24
-110112,10
-109512,8
-108912,23
-108312,185
-107712,112
-107112,77
-106512,0
-105912,0
-105312,9
-104712,113
-104112,93
-103512,93
-102912,112
-102312,99
-101712,152
-101112,75
-100512,102
-99912,89
-99312,4
-98712,0
-98112,30
-97512,16
-96912,103
-96312,102
-95712,17
-95112,260
-94512,59
-93912,60
-93312,10
-92712,26
-92112,0
-91512,15
-90912,492
-90312,1646
-89712,0
-89112,0
-88512,0
-87912,56
-87312,113
-86712,49
-86112,0
-85512,3
-84912,45
-84312,20
-83712,914
-83112,1362
-82512,51
-81912,61
-81312,11
-80712,13
-80112,18
-79512,8
-78912,0
-78312,0
-77712,0
-77112,0
-76512,4
-75912,56
-75312,294
-74712,294
-74112,0
-73512,0
-72912,0
-72312,0
-71712,0
-71112,0
-70512,0
-69912,0
-69312,0
-68712,0
-68112,0
-67512,0
-66912,0
-66312,0
-65712,0
-65112,0
-64512,0
-63912,0
-63312,0
-62712,0
-62112,0
-61512,0
-60912,0
-60312,0
-59712,0
-59112,0
-58512,0
-57912,0
-57312,0
-56712,0
-56112,0
-55512,0
-54912,0
-54312,0
-53712,0
-53112,0
-52512,0
-51912,0
-51312,0
-50712,0
-50112,0
-49512,0
-48912,0
-48312,0
-47712,0
-47112,0
-46512,0
-45912,0
-45312,0
-44712,0
-44112,0
-43512,0
-42912,0
-42312,0
-41712,0
-41112,0
-40512,0
-39912,0
-39312,35
-38712,54
-38112,95
-37512,733
-36912,0
-36312,0
-35712,10
-35112,0
-34512,0
-33912,12
-33312,434
-32712,1475
-32112,791
-31512,175
-30912,54
-30312,0
-29712,0
-29112,79
-28512,128
-27912,76
-27312,159
-26712,0
-26112,463
-25512,325
-24912,75
