-604522,0
-603922,0
-603322,0
-602722,0
-602122,0
-601522,0
-600922,58
-600322,56
-599722,0
-599122,0
-598522,0
-597922,0
-597322,0
-596722,0
-596122,0
-595522,0
-594922,0
-594322,0
-593722,0
-593122,0
-592522,0
-591922,0
-591322,0
-590722,0
-590122,0
-589522,0
-588922,0
-588322,0
-587722,0
-587122,0
-586522,13
-585922,0
-585322,0
-584722,0
-584122,21
-583522,0
-582922,0
-582322,0
-581722,0
-581122,0
-580522,0
-579922,0
-579322,0
-578722,0
-578122,69
-577522,6
-576922,20
-576322,51
-575722,0
-575122,0
-574522,0
-573922,0
-573322,0
-572722,0
-572122,28
-571522,43
-570922,96
-570322,53
-569722,45
-569122,0
-568522,122
-567922,100
-567322,282
-566722,94
-566122,1
-565522,0
-564922,19
-564322,9
-563722,264
-563122,0
-562522,194
-561922,44
-561322,0
-560722,0
-560122,24
-559522,142
-558922,170
-558322,151
-557722,20
-557122,0
-556522,0
-555922,0
-555322,0
-554722,0
-554122,24
-553522,0
-552922,0
-552322,59
-551722,232
-551122,107
-550522,37
-549922,55
-549322,31
-548722,47
-548122,89
-547522,0
-546922,0
-546322,62
-545722,182
-545122,1366
-544522,443
-543922,18
-543322,28
-542722,21
-542122,0
-541522,0
-540922,69
-540322,31
-539722,0
-539122,0
-538522,0
-537922,0
-537322,0
-536722,0
-536122,0
-535522,453
-534922,843
-534322,1404
-533722,712
-533122,944
-532522,1226
-531922,995
-531322,534
-530722,576
-530122,797
-529522,501
-528922,152
-528322,1006
-527722,968
-527122,1016
-526522,571
-525922,70
-525322,2094
-524722,1850
-524122,65
-523522,105
-522922,2
-522322,0
-521722,39
-521122,83
-520522,17
-519922,16
-519322,0
-518722,0
-518122,46
-517522,4
-516922,0
-516322,0
-515722,56
-515122,38
-514522,78
-513922,18
-513322,39
-512722,20
-512122,0
-511522,8
-510922,0
-510322,0
-509722,0
-509122,20
-508522,0
-507922,56
-507322,16
-506722,0
-506122,0
-505522,16
-504922,0
-504322,0
-503722,0
-503122,0
-502522,0
-501922,0
-501322,0
-500722,0
-500122,0
-499522,0
-498922,0
-498322,0
-497722,0
-497122,37
-496522,41
-495922,0
-495322,0
-494722,0
-494122,0
-493522,31
-492922,0
-492322,0
-491722,0
-491122,72
-490522,731
-489922,1958
-489322,461
-488722,0
-488122,10
-487522,0
-486922,0
-486322,16
-485722,0
-485122,0
-484522,0
-483922,0
-483322,0
-482722,0
-482122,0
-481522,0
-480922,0
-480322,0
-479722,0
-479122,0
-478522,0
-477922,0
-477322,0
-476722,0
-476122,0
-475522,0
-474922,0
-474322,0
-473722,8
-473122,0
-472522,0
-471922,90
-471322,0
-470722,0
-470122,0
-469522,33
-468922,0
-468322,0
-467722,0
-467122,0
-466522,33
-465922,25
-465322,0
-464722,24
-464122,0
-463522,0
-462922,0
-462322,0
-461722,0
-461122,0
-460522,0
-459922,0
-459322,0
-458722,0
-458122,0
-457522,0
-456922,0
-456322,0
-455722,68
-455122,0
-454522,0
-453922,0
-453322,0
-452722,0
-452122,0
-451522,0
-450922,0
-450322,0
-449722,0
-449122,0
-448522,0
-447922,0
-447322,0
-446722,0
-446122,0
-445522,0
-444922,0
-444322,0
-443722,0
-443122,0
-442522,0
-441922,0
-441322,0
-440722,0
-440122,0
-439522,0
-438922,0
-438322,0
-437722,0
-437122,0
-436522,0
-435922,0
-435322,0
-434722,0
-434122,0
-433522,0
-432922,0
-432322,0
-431722,0
-431122,0
-430522,59
-429922,0
-429322,0
-428722,0
-428122,0
-427522,0
-426922,0
-426322,0
-425722,0
-425122,0
-424522,0
-423922,0
-423322,0
-422722,0
-422122,0
-421522,0
-420922,0
-420322,0
-419722,0
-419122,0
-418522,0
-417922,0
-417322,0
-416722,0
-416122,0
-415522,0
-414922,0
-414322,0
-413722,0
-413122,0
-412522,0
-411922,0
-411322,0
-410722,0
-410122,0
-409522,43
-408922,68
-408322,0
-407722,0
-407122,0
-406522,0
-405922,7
-405322,0
-404722,0
-404122,0
-403522,0
-402922,47
-402322,0
-401722,0
-401122,0
-400522,0
-399922,0
-399322,0
-398722,0
-398122,0
-397522,0
-396922,0
-396322,0
-395722,0
-395122,0
-394522,0
-393922,0
-393322,0
-392722,0
-392122,11
-391522,0
-390922,97
-390322,246
-389722,285
-389122,0
-388522,0
-387922,17
-387322,0
-386722,212
-386122,170
-385522,16
-384922,0
-384322,0
-383722,0
-383122,0
-382522,54
-381922,35
-381322,20
-380722,0
-380122,0
-379522,0
-378922,119
-378322,38
-377722,9
-377122,44
-376522,0
-375922,0
-375322,0
-374722,0
-374122,0
-373522,16
-372922,0
-372322,0
-371722,0
-371122,0
-370522,0
-369922,0
-369322,0
-368722,0
-368122,0
-367522,0
-366922,0
-366322,0
-365722,0
-365122,0
-364522,30
-363922,8
-363322,0
-362722,0
-362122,0
-361522,0
-360922,9
-360322,0
-359722,0
-359122,0
-358522,0
-357922,0
-357322,14
-356722,0
-356122,36
-355522,0
-354922,0
-354322,0
-353722,0
-353122,0
-352522,0
-351922,0
-351322,0
-350722,6
-350122,0
-349522,0
-348922,0
-348322,0
-347722,0
-347122,0
-346522,0
-345922,0
-345322,0
-344722,15
-344122,36
-343522,0
-342922,0
-342322,0
-341722,0
-341122,0
-340522,0
-339922,0
-339322,0
-338722,0
-338122,0
-337522,0
-336922,0
-336322,0
-335722,2
-335122,0
-334522,0
-333922,0
-333322,0
-332722,0
-332122,0
-331522,0
-330922,0
-330322,0
-329722,0
-329122,0
-328522,0
-327922,0
-327322,0
-326722,2
-326122,0
-325522,0
-324922,0
-324322,0
-323722,0
-323122,0
-322522,0
-321922,0
-321322,0
-320722,0
-320122,41
-319522,0
-318922,0
-318322,0
-317722,0
-317122,0
-316522,0
-315922,0
-315322,0
-314722,0
-314122,0
-313522,0
-312922,0
-312322,0
-311722,0
-311122,0
-310522,0
-309922,0
-309322,0
-308722,0
-308122,0
-307522,0
-306922,0
-306322,0
-305722,0
-305122,0
-304522,0
-303922,0
-303322,0
-302722,0
-302122,0
-301522,0
-300922,0
-300322,0
-299722,0
-299122,0
-298522,0
-297922,0
-297322,0
-296722,0
-296122,0
-295522,0
-294922,43
-294322,41
-293722,25
-293122,99
-292522,2
-291922,15
-291322,314
-290722,1438
-290122,1116
-289522,435
-288922,0
-288322,0
-287722,18
-287122,36
-286522,3
-285922,0
-285322,0
-284722,39
-284122,192
-283522,356
-282922,519
-282322,276
-281722,371
-281122,262
-280522,6
-279922,124
-279322,90
-278722,0
-278122,0
-277522,149
-276922,227
-276322,203
-275722,168
-275122,52
-274522,172
-273922,205
-273322,296
-272722,264
-272122,340
-271522,228
-270922,50
-270322,107
-269722,156
-269122,137
-268522,210
-267922,288
-267322,124
-266722,146
-266122,300
-265522,297
-264922,220
-264322,187
-263722,35
-263122,0
-262522,0
-261922,0
-261322,0
-260722,0
-260122,0
-259522,23
-258922,62
-258322,48
-257722,0
-257122,0
-256522,9
-255922,19
-255322,0
-254722,0
-254122,0
-253522,0
-252922,4
-252322,0
-251722,0
-251122,70
-250522,104
-249922,47
-249322,38
-248722,26
-248122,0
-247522,0
-246922,0
-246322,0
-245722,0
-245122,0
-244522,0
-243922,0
-243322,0
-242722,9
-242122,0
-241522,0
-240922,0
-240322,0
-239722,0
-239122,0
-238522,0
-237922,0
-237322,0
-236722,0
-236122,0
-235522,0
-234922,0
-234322,31
-233722,0
-233122,0
-232522,0
-231922,2
-231322,0
-230722,58
-230122,0
-229522,0
-228922,0
-228322,0
-227722,0
-227122,0
-226522,0
-225922,0
-225322,0
-224722,0
-224122,0
-223522,0
-222922,0
-222322,0
-221722,63
-221122,451
-220522,266
-219922,130
-219322,281
-218722,29
-218122,0
-217522,49
-216922,0
-216322,0
-215722,0
-215122,0
-214522,0
-213922,0
-213322,0
-212722,0
-212122,0
-211522,0
-210922,0
-210322,0
-209722,0
-209122,35
-208522,14
-207922,14
-207322,16
-206722,0
-206122,3
-205522,0
-204922,0
-204322,0
-203722,0
-203122,0
-202522,0
-201922,0
-201322,0
-200722,34
-200122,0
-199522,0
-198922,22
-198322,0
-197722,8
-197122,0
-196522,0
-195922,0
-195322,0
-194722,0
-194122,0
-193522,0
-192922,0
-192322,0
-191722,0
-191122,0
-190522,29
-189922,0
-189322,0
-188722,80
-188122,107
-187522,108
-186922,112
-186322,113
-185722,569
-185122,735
-184522,702
-183922,474
-183322,271
-182722,747
-182122,1169
-181522,1402
-180922,4
-180322,73
-179722,82
-179122,203
-178522,95
-177922,83
-177322,56
-176722,42
-176122,6
-175522,0
-174922,8
-174322,0
-173722,0
-173122,0
-172522,0
-171922,16
-171322,0
-170722,0
-170122,0
-169522,0
-168922,8
-168322,11
-167722,54
-167122,11
-166522,51
-165922,0
-165322,0
-164722,0
-164122,85
-163522,0
-162922,20
-162322,13
-161722,0
-161122,0
-160522,0
-159922,26
-159322,41
-158722,23
-158122,31
-157522,0
-156922,0
-156322,0
-155722,0
-155122,0
-154522,0
-153922,0
-153322,0
-152722,0
-152122,16
-151522,0
-150922,0
-150322,0
-149722,0
-149122,0
-148522,0
-147922,0
-147322,0
-146722,0
-146122,20
-145522,18
-144922,0
-144322,16
-143722,0
-143122,0
-142522,0
-141922,11
-141322,0
-140722,0
-140122,0
-139522,0
-138922,0
-138322,0
-137722,0
-137122,0
-136522,0
-135922,0
-135322,0
-134722,0
-134122,0
-133522,0
-132922,0
-132322,0
-131722,44
-131122,52
-130522,0
-129922,12
-129322,0
-128722,26
-128122,0
-127522,23
-126922,0
-126322,0
-125722,0
-125122,0
-124522,0
-123922,65
-123322,0
-122722,19
-122122,85
-121522,0
-120922,19
-120322,32
-119722,0
-119122,0
-118522,0
-117922,0
-117322,0
-116722,0
-116122,0
-115522,0
-114922,0
-114322,0
-113722,0
-113122,0
-112522,0
-111922,0
-111322,0
-110722,146
-110122,0
-109522,14
-108922,0
-108322,0
-107722,0
-107122,0
-106522,0
-105922,0
-105322,0
-104722,19
-104122,2
-103522,10
-102922,25
-102322,0
-101722,0
-101122,0
-100522,0
-99922,0
-99322,99
-98722,1
-98122,0
-97522,0
-96922,0
-96322,0
-95722,86
-95122,243
-94522,8
-93922,0
-93322,109
-92722,138
-92122,85
-91522,0
-90922,0
-90322,0
-89722,0
-89122,37
-88522,0
-87922,35
-87322,0
-86722,0
-86122,248
-85522,274
-84922,95
-84322,0
-83722,0
-83122,0
-82522,0
-81922,0
-81322,44
-80722,0
-80122,0
-79522,0
-78922,0
-78322,0
-77722,0
-77122,0
-76522,0
-75922,0
-75322,0
-74722,0
-74122,0
-73522,0
-72922,0
-72322,0
-71722,0
-71122,0
-70522,0
-69922,0
-69322,0
-68722,0
-68122,0
-67522,0
-66922,0
-66322,0
-65722,0
-65122,0
-64522,0
-63922,0
-63322,0
-62722,0
-62122,51
-61522,0
-60922,8
-60322,0
-59722,0
-59122,0
-58522,0
-57922,0
-57322,0
-56722,0
-56122,0
-55522,0
-54922,0
-54322,0
-53722,0
-53122,0
-52522,0
-51922,38
-51322,0
-50722,0
-50122,0
-49522,0
-48922,0
-48322,0
-47722,0
-47122,0
-46522,0
-45922,101
-45322,82
-44722,230
-44122,22
-43522,0
-42922,0
-42322,0
-41722,98
-41122,78
-40522,0
-39922,0
-39322,0
-38722,0
-38122,0
-37522,0
-36922,0
-36322,28
-35722,52
-35122,81
-34522,0
-33922,0
-33322,0
-32722,0
-32122,0
-31522,0
-30922,0
-30322,5
-29722,87
-29122,11
-28522,11
-27922,0
-27322,64
-26722,265
-26122,196
-25522,290
-24922,80
-24322,138
-23722,0
-23122,0
-22522,0
-21922,0
-21322,0
-20722,0
-20122,0
-19522,0
-18922,0
-18322,0
-17722,0
-17122,0
-16522,0
-15922,0
-15322,0
-14722,0
-14122,0
-13522,0
-12922,0
-12322,0
-11722,0
-11122,0
-10522,0
-9922,0
-9322,35
-8722,0
-8122,0
-7522,27
-6922,0
-6322,0
-5722,0
-5122,0
-4522,0
-3922,13
-3322,0
-2722,0
-2122,2
-1522,49
-922,19
-322,14
278,0
878,0
1478,0
2078,0
2678,0
3278,0
3878,0
4478,0
5078,0
5678,0
6278,0
6878,0
7478,0
8078,0
8678,0
9278,0
9878,0
10478,0
11078,0
11678,0
12278,0
12878,0
13478,0
14078,0
14678,0
15278,0
15878,0
16478,0
17078,0
17678,37
18278,0
